0       4.84487505695     0.0              
1       1.33173814265     0.086166296189   
2       25.7970899239     0.142877240096   
3       2.1390959866      0.539499282916   
4       1.22052977037     0.603311722721   
5       1.27467837217     0.938686324373   
6       1.36073659982     1.21199687228    
7       1.35494777561     1.45680331576    
8       1.40892083126     1.72191927539    
9       1.44027459131     2.0048132709     
10      1.01097626979     2.46315332297    
11      2.51839009752     2.534051623      
12      1.00040549989     2.58523549855    
13      1.76914704738     3.21813028046    
14      1.74415911302     3.22921980807    
15      7.35611552227     3.41847805834    
16      2.46739796389     3.95888196298    
17      1.31703859627     4.42090866224    
18      6.49478132072     4.66903754482    
19      1.57661406886     4.865617782      
20      3.62676986726     4.93178156418    
21      1.64839028562     5.41459730072    
22      1.09995045885     5.44515375048    
23      2.57361399076     5.8869878617     
