 5            2           
 0            23          
 0            3           
 0            1           
 0            2           
 0            15          
 0            18          
 22           2           
 22           21          
 6            2           
 7            2           
 8            2           
 23           2           
 23           20          
 4            2           
 4            3           
 12           11          
 11           2           
 11           10          
 11           15          
 1            2           
 2            17          
 2            13          
 2            21          
 2            14          
 2            16          
 2            19          
 2            20          
 2            3           
 2            15          
 2            9           
 2            18          
 19           20          
 19           18          
 20           15          
 20           18          
 17           18          
 15           13          
 15           14          
 15           16          
 15           18          
 13           14          
 16           18          
 21           18          
