 6            19          
 6            7           
 0            22          
 0            2           
 0            23          
 0            3           
 0            19          
 0            1           
 0            5           
 0            18          
 16           19          
 16           17          
 12           19          
 14           19          
 13           19          
 22           19          
 22           21          
 1            19          
 1            2           
 9            19          
 9            10          
 9            8           
 10           19          
 10           11          
 10           5           
 23           19          
 19           20          
 19           21          
 19           2           
 19           5           
 19           7           
 19           15          
 19           3           
 19           4           
 19           8           
 19           17          
 19           18          
 20           21          
 20           18          
 21           5           
 21           18          
 5            3           
 5            4           
 5            8           
 5            7           
 5            18          
 7            8           
 3            4           
 8            18          
 17           18          
