0       3.54366013182     0.0              
1       1.14290987645     0.137719529303   
2       1.15676009429     0.156535511418   
3       2.39666816294     0.836514440436   
4       1.52355056949     0.96084553073    
5       6.17962769804     1.24822986551    
6       1.00055730186     1.93769898988    
7       1.92129944797     1.99442987628    
8       2.76484731604     2.29681190677    
9       1.58431421928     2.58328057187    
10      1.96958644759     2.80447453447    
11      1.003052299       2.85530749694    
12      1.27079228765     3.32962289531    
13      1.24994086632     3.65990214159    
14      1.18203735083     3.96135595641    
15      1.10927284916     4.22139228996    
16      1.01370589026     4.56414599084    
17      1.57826699802     4.63278526448    
18      4.24895275146     5.0824906825     
19      17.2047035786     5.10576067671    
20      1.37393730512     5.27600108557    
21      2.63513769976     5.44036439075    
22      1.54425389513     5.80175146646    
23      1.06122152892     6.14738484552    
