 11           13          
 0            3           
 0            6           
 0            2           
 0            13          
 0            20          
 0            21          
 0            22          
 16           13          
 16           17          
 9            13          
 4            3           
 4            13          
 10           13          
 3            13          
 3            21          
 3            2           
 7            13          
 7            6           
 7            19          
 6            13          
 6            5           
 6            22          
 15           13          
 15           14          
 13           8           
 13           2           
 13           1           
 13           19          
 13           20          
 13           21          
 13           14          
 13           17          
 13           22          
 13           12          
 13           18          
 20           21          
 20           19          
 20           18          
 21           19          
 21           22          
 21           18          
 22           2           
 22           1           
 22           19          
 22           17          
 22           18          
 2            1           
 19           18          
 17           18          
