0       2.85359681178     0.0              
1       1.00257265264     0.340057905668   
2       1.66802584542     0.381753926543   
3       1.94354829591     0.659304081267   
4       1.05825560656     0.767817118208   
5       1.00018132164     1.37492503142    
6       2.98181212754     1.50562929507    
7       2.377608859       1.8638143708     
8       1.15775252477     2.46177476259    
9       1.1583668231      2.82168088537    
10      1.12418166334     3.14276111552    
11      1.06674181051     3.43316060638    
12      1.03297363466     3.69614168869    
13      13.750662684      3.77855570534    
14      1.16616012072     4.04683156801    
15      1.16929567643     4.05143163784    
16      1.1766166418      4.68727491357    
17      2.17434966781     4.77960475281    
18      2.47689550984     5.36536039943    
19      2.34160225409     5.55855282847    
20      1.68423977056     5.59597654339    
21      2.89135604865     5.85810784584    
22      3.8969551905      6.28031040398    
