 7            6           
 0            20          
 0            6           
 0            25          
 0            1           
 0            14          
 17           20          
 17           16          
 23           20          
 25           20          
 21           20          
 18           20          
 11           20          
 11           12          
 11           6           
 19           20          
 10           9           
 9            20          
 9            6           
 20           2           
 20           3           
 20           16          
 20           8           
 20           15          
 20           22          
 20           13          
 20           12          
 20           6           
 20           24          
 20           14          
 13           12          
 13           14          
 12           6           
 12           14          
 4            6           
 6            5           
 6            3           
 6            8           
 6            14          
 15           14          
 16           14          
