0       5.62537572067     0.0              
1       1.00139230356     0.053092082493   
2       1.69843953733     0.528308825657   
3       3.16076031495     1.49561610065    
4       1.00658419984     1.91340621698    
5       1.00845132664     2.02832613291    
6       16.1340053684     2.06187522152    
7       1.01512088673     2.11649669709    
8       2.72726574368     2.36357976879    
9       2.79913750764     2.88528715906    
10      1.00000700548     2.89145191925    
11      3.70023198129     3.60247785542    
12      6.52079596947     4.0794631144     
13      2.67670872907     4.36123096728    
14      8.66915060432     4.73968979373    
15      1.45256933132     4.81446424151    
16      2.02532757446     5.13572685658    
17      1.00155241365     5.14247921829    
18      1.0611909595      5.2876774657     
19      1.00114980683     5.36835625669    
20      32.84434017       5.39522839994    
21      1.00143940684     5.47183454403    
22      1.02286077211     5.57996479968    
23      1.06398482107     5.69352534872    
24      1.16485372435     5.82759699231    
25      1.60952518689     6.19518739074    
