0       4.43704482131     0.0              
1       2.37841413859     0.221516506777   
2       1.89687464376     0.831235202111   
3       1.00099350881     1.0797854051     
4       1.00534727858     1.22527221017    
5       18.1256809185     1.23343309282    
6       1.95567050725     1.48916016125    
7       2.40477119293     2.03704409477    
8       2.36316305599     2.0418362867     
9       2.77138541106     2.92569534389    
10      1.27062789663     3.59974919721    
11      1.20407432077     3.83788847932    
12      1.15046940337     4.03812090904    
13      1.10176844212     4.22652640681    
14      1.08309493035     4.39186264614    
15      29.0931451164     4.47803484081    
16      1.05164068265     4.56489013631    
17      1.53776434181     4.81480916248    
18      1.00429820254     4.85884107732    
19      2.69363109702     5.00167356383    
20      1.52338864544     5.16582299038    
21      1.01010269222     5.19244294995    
22      4.753881682       5.30251955374    
23      1.22308144333     5.41874534056    
24      2.03074698121     5.44420588489    
25      1.21828704715     6.17382869316    
