 9            15          
 9            5           
 0            15          
 0            5           
 0            1           
 0            25          
 0            22          
 21           15          
 21           20          
 21           22          
 2            15          
 2            5           
 7            15          
 7            8           
 7            5           
 13           15          
 6            15          
 6            5           
 14           15          
 3            5           
 18           17          
 18           19          
 17           15          
 17           5           
 25           15          
 15           23          
 15           24          
 15           16          
 15           12          
 15           5           
 15           10          
 15           11          
 15           1           
 15           8           
 15           19          
 15           20          
 15           22          
 23           24          
 23           22          
 24           5           
 24           22          
 5            4           
 5            1           
 5            8           
 5            19          
 5            22          
 19           20          
 19           22          
 20           22          
