 0            14          
 0            4           
 0            1           
 0            24          
 0            22          
 23           14          
 23           22          
 11           14          
 1            14          
 12           14          
 16           14          
 8            14          
 8            4           
 13           14          
 7            6           
 6            4           
 14           10          
 14           5           
 14           18          
 14           15          
 14           21          
 14           20          
 14           19          
 14           17          
 14           4           
 14           9           
 20           19          
 20           22          
 19           4           
 19           22          
 2            4           
 4            3           
 4            5           
 4            22          
 21           22          
