0       5.5209535161      0.0              
1       1.93984319377     0.057061482485   
2       1.00956772247     0.788741574893   
3       1.00285384981     0.871321685406   
4       17.6931052104     0.898314466723   
5       3.22932999975     1.05109086384    
6       1.59026158038     1.33449306539    
7       1.00277776508     1.33727677613    
8       5.46519354272     1.93488213526    
9       2.14144991422     3.29052623409    
10      1.72380746793     3.55248004362    
11      1.5007511695      3.72332191078    
12      1.34668487434     3.87165515651    
13      1.26911246714     3.99632517567    
14      50.8339739747     4.10482622839    
15      1.265250099       4.12668358208    
16      1.31553027149     4.25620271824    
17      1.48306200815     4.41093029697    
18      1.69940638159     4.61013882448    
19      5.49901756284     5.47142759533    
20      2.94971372022     5.57204996814    
21      1.64533485092     5.76874812822    
22      5.89008260975     5.80319645502    
23      1.88695531991     5.88620565696    
24      1.0021033622      6.24490741195    
