 9            18          
 9            6           
 0            2           
 0            26          
 0            1           
 0            18          
 0            6           
 0            22          
 23           18          
 23           24          
 23           22          
 4            18          
 4            6           
 8            18          
 8            6           
 13           18          
 14           18          
 17           18          
 2            18          
 2            6           
 19           18          
 7            6           
 11           10          
 10           18          
 10           6           
 18           3           
 18           16          
 18           24          
 18           12          
 18           25          
 18           21          
 18           20          
 18           6           
 18           15          
 18           22          
 21           20          
 21           22          
 20           6           
 20           22          
 6            5           
 6            3           
 6            12          
 6            22          
 25           22          
 24           22          
