0       5.06740120689     0.0              
1       1.0155152216      0.047162512714   
2       3.09252414515     0.292553187157   
3       2.65889446253     0.95182852501    
4       2.70033729841     1.43131680171    
5       1.00670207978     1.67755929239    
6       21.4056004354     1.74422191794    
7       1.00136130968     1.79371395799    
8       2.72669842784     2.05681993839    
9       2.66816673304     2.52087609124    
10      2.9437918599      3.01814128031    
11      1.00530267398     3.02336415532    
12      3.54798916965     3.68464582095    
13      1.36000047413     4.17911344252    
14      1.21250762239     4.33400280829    
15      1.18295351082     4.46418369837    
16      1.13737630307     4.62597223262    
17      1.10331187144     4.76579892572    
18      33.2948644817     4.81521737514    
19      1.0868376399      4.9009304242     
20      3.54115455634     5.30101291196    
21      1.7319605487      5.37631623973    
22      6.55128960292     5.59280397732    
23      1.25854855159     5.59993777445    
24      1.26506762482     5.60556289342    
25      1.41914518863     5.74509983511    
26      1.00321127364     6.23638615991    
