 11           7           
 11           13          
 0            7           
 0            1           
 0            13          
 0            26          
 0            23          
 25           7           
 25           24          
 25           23          
 10           7           
 10           13          
 14           7           
 14           15          
 14           13          
 6            7           
 5            7           
 9            7           
 20           7           
 20           21          
 20           13          
 8            7           
 18           17          
 18           19          
 17           7           
 17           16          
 17           13          
 7            22          
 7            21          
 7            2           
 7            13          
 7            4           
 7            1           
 7            12          
 7            3           
 7            15          
 7            19          
 7            24          
 7            23          
 22           21          
 22           23          
 21           13          
 21           23          
 13           16          
 13           12          
 13           15          
 13           23          
 19           23          
 24           23          
