0       5.77402833863     0.0              
1       1.81263291276     0.155862990422   
2       1.496106804       0.73463092691    
3       1.42832789577     0.996212101947   
4       1.35229990214     1.21852359352    
5       1.31364310362     1.41124902986    
6       1.25149315559     1.5880639096     
7       34.3158087547     1.65472091754    
8       1.25625871922     1.7551517183     
9       1.25058712631     1.93946591404    
10      2.73409375793     2.36474448565    
11      1.82460155716     2.81750101243    
12      1.76136642477     3.08454886656    
13      13.182539689      3.35250527474    
14      2.07739158114     3.46060036184    
15      2.07659238526     3.47798348006    
16      1.26232692252     4.05237389752    
17      2.24039230314     4.11495177491    
18      1.1836623963      4.23365102851    
19      1.76778887377     4.30133118965    
20      1.88655002179     4.51131428436    
21      3.11459628975     4.65329252033    
22      1.82110412634     4.78584666145    
23      7.1814631808      5.10989411078    
24      1.84007578557     5.23892938385    
25      1.86356128502     5.26484040162    
26      1.01342858657     6.19645416076    
