 23           1           
 23           20          
 0            30          
 0            2           
 0            1           
 0            25          
 0            20          
 0            27          
 29           1           
 29           28          
 29           27          
 17           1           
 17           20          
 10           1           
 10           11          
 10           20          
 4            1           
 6            1           
 19           1           
 19           20          
 24           1           
 24           25          
 24           20          
 8            1           
 8            9           
 21           20          
 14           13          
 14           15          
 14           12          
 15           1           
 15           16          
 15           20          
 30           1           
 1            26          
 1            25          
 1            22          
 1            9           
 1            20          
 1            3           
 1            7           
 1            5           
 1            2           
 1            11          
 1            12          
 1            28          
 1            27          
 26           25          
 26           27          
 25           20          
 25           27          
 22           20          
 20           16          
 20           2           
 20           11          
 20           12          
 20           18          
 20           27          
 12           27          
 28           27          
