0       5.3599130225      0.0              
1       29.0410673506     0.033809651873   
2       2.42322730527     0.190542715749   
3       1.00047026414     0.375763218492   
4       1.06640095269     0.471798430264   
5       1.15389462139     0.578483311146   
6       1.19738983723     0.68607066034    
7       1.2729522129      0.816685978569   
8       1.38789287027     0.974728693523   
9       1.39860540806     0.975768886794   
10      2.87822469643     1.38212137122    
11      2.88098054436     1.38807640748    
12      4.9134782981      2.27660463105    
13      1.00375526038     2.55303014116    
14      1.42996191992     2.57375947969    
15      2.11869922049     2.68296273308    
16      1.38172168132     2.74164648639    
17      2.47870524512     3.18300414275    
18      1.00009032        3.4533993407     
19      2.36127258871     3.658458417      
20      20.7902601349     3.76996563763    
21      1.00212944789     3.87218508396    
22      2.16756904471     4.07615846438    
23      1.90110057006     4.39481563405    
24      1.92723121436     4.80961624803    
25      6.27387640167     5.15628879046    
26      1.33395002717     5.34649674959    
27      7.83844674132     5.55743370784    
28      1.141465614       5.67509492159    
29      1.14475525993     5.68345843595    
30      1.02693716195     6.23139135967    
