0       4.92911012897     0.0              
1       1.13558033199     0.076648761826   
2       2.20708545663     0.475715212019   
3       27.4293332351     0.520571978587   
4       2.37381629444     0.600744757922   
5       1.10449043589     0.908610788452   
6       1.20096753019     1.09101050426    
7       1.31374286116     1.31712305491    
8       1.42837809554     1.56893952095    
9       2.38242255738     2.54195147425    
10      1.50684111388     2.67642159332    
11      1.00165825669     2.68714934715    
12      3.779922106       3.00093942348    
13      1.36909359906     3.10541115508    
14      1.00557411241     3.6525494451     
15      1.00571699766     3.78903253945    
16      1.00370235297     3.91614209739    
17      16.9251924294     3.96695633451    
18      1.94294984671     4.12061769174    
19      1.84913704074     4.43649040166    
20      1.96456725596     4.85893695112    
21      2.8666553704      4.924818355      
22      1.98560825256     5.40439875458    
23      1.30812186367     5.43232349079    
24      5.56642322337     5.55405558423    
25      1.37927907624     5.7530631653     
26      3.11203057701     5.82453333757    
27      1.00634238778     6.20519749547    
