 20           3           
 20           17          
 20           21          
 0            1           
 0            27          
 0            3           
 0            2           
 0            26          
 0            17          
 0            24          
 23           3           
 23           22          
 23           24          
 18           3           
 18           17          
 4            3           
 4            2           
 4            17          
 7            3           
 5            3           
 19           3           
 19           17          
 6            3           
 15           17          
 10           11          
 10           12          
 10           9           
 12           3           
 12           13          
 12           17          
 3            1           
 3            9           
 3            22          
 3            2           
 3            21          
 3            25          
 3            26          
 3            17          
 3            8           
 3            24          
 25           26          
 25           24          
 26           17          
 26           24          
 16           17          
 17           13          
 17           9           
 17           21          
 17           14          
 17           22          
 17           24          
 21           24          
 22           24          
