0       6.12849677877     0.0              
1       1.00060975818     0.041369731627   
2       1.0052859219      0.157042968441   
3       2.16090971818     0.416625680349   
4       1.84103184803     0.810805656464   
5       24.9362491791     1.11474807049    
6       1.10785280166     1.17740590512    
7       2.1549008022      1.18191815305    
8       1.04240092008     1.47321028142    
9       1.08141754646     1.62538390948    
10      1.14218218947     1.79080834521    
11      1.21333486916     1.9848821941     
12      1.2573607778      2.17761792938    
13      1.30775762402     2.39552896337    
14      1.00117224219     2.73421851399    
15      1.90244134477     2.75895095814    
16      3.00518487385     2.99775985881    
17      1.00007311675     3.04527319098    
18      1.99556435345     3.98542926819    
19      1.00114408883     4.42385940311    
20      11.3362813306     4.69426621078    
21      1.41979997244     4.69976247593    
22      2.35040628578     4.73768693015    
23      1.10610238924     5.12868837148    
24      1.80846098891     5.46314389778    
25      9.25887648177     5.47104880488    
26      1.16540193865     5.48977127727    
27      2.72082311724     5.96703270007    
28      1.76064595087     6.03610921067    
