 21           5           
 21           20          
 21           22          
 0            1           
 0            3           
 0            2           
 0            5           
 0            7           
 0            28          
 0            27          
 0            20          
 0            25          
 26           5           
 26           24          
 26           25          
 12           5           
 7            5           
 7            6           
 11           5           
 9            5           
 4            5           
 4            25          
 18           5           
 18           20          
 13           5           
 19           20          
 15           14          
 15           16          
 15           25          
 16           5           
 16           20          
 16           17          
 5            28          
 5            27          
 5            8           
 5            20          
 5            10          
 5            1           
 5            3           
 5            6           
 5            22          
 5            24          
 5            25          
 28           27          
 28           25          
 27           20          
 27           25          
 20           23          
 20           3           
 20           22          
 20           24          
 20           25          
 23           25          
 22           25          
 24           25          
