 17           11          
 17           19          
 17           4           
 17           16          
 0            1           
 0            27          
 0            11          
 0            26          
 0            4           
 0            22          
 24           11          
 24           23          
 24           22          
 8            11          
 8            7           
 8            4           
 13           11          
 15           11          
 6            11          
 6            4           
 14           11          
 2            4           
 19           18          
 19           20          
 19           22          
 20           11          
 20           21          
 20           4           
 20           22          
 11           25          
 11           26          
 11           5           
 11           4           
 11           12          
 11           1           
 11           10          
 11           3           
 11           18          
 11           7           
 11           16          
 11           9           
 11           23          
 11           22          
 25           26          
 25           22          
 26           4           
 26           22          
 5            4           
 4            21          
 4            3           
 4            7           
 4            16          
 4            22          
 21           22          
 16           22          
 23           22          
