0       3.73803868993     0.0              
1       1.3105843785      0.138608328108   
2       1.00291250529     1.10988378595    
3       1.65432871799     1.34755249998    
4       14.5914298283     1.51643887868    
5       1.53481046326     1.6589281295     
6       1.49876448508     1.95579910181    
7       1.9297052497      2.3516123967     
8       1.89421700691     2.36484447902    
9       1.00523215858     2.8155385956     
10      1.00265412804     2.98841740648    
11      24.4713585753     3.05270041437    
12      1.002431743       3.15629654853    
13      1.01101448325     3.32537898167    
14      1.04478899019     3.49671370007    
15      1.0885328989      3.69084129072    
16      3.14067635947     4.1633826493     
17      2.65516830799     4.35764206643    
18      1.01745236653     4.66008532881    
19      1.8179878311      4.68658394811    
20      2.66906170167     4.9334983044     
21      1.53643645061     5.03194009833    
22      7.2434963746      5.34994586569    
23      1.34873559477     5.36571942293    
24      1.34305263969     5.3667106377     
25      1.62268684573     5.74925559916    
26      3.0874524471      5.87480786325    
27      1.00595316337     6.24993039384    
