0       3.18403839834     0.0              
1       1.01583062947     0.036213986995   
2       1.0013887865      0.973422600261   
3       2.32752558652     1.15370485333    
4       20.5825779505     1.2688082777     
5       1.00099279597     1.33996779639    
6       2.14979853518     1.54341536894    
7       2.25278414566     1.87698503397    
8       2.86865581236     2.34717523743    
9       1.1291518852      2.86435371421    
10      1.09127527302     3.00702179213    
11      1.08799416148     3.12483908168    
12      37.3547761604     3.15350085357    
13      1.11121612538     3.25765163264    
14      1.16591115536     3.41128153128    
15      1.27907712783     3.5910520205     
16      1.20786740407     4.17461860916    
17      1.71928299543     4.21005446418    
18      2.22384597104     4.2746591736     
19      1.83885327893     4.59807333155    
20      1.00540991827     4.78378350223    
21      10.1619628619     4.89950093087    
22      1.85514293061     4.94042256484    
23      3.06156601288     4.95618631468    
24      2.0914036822      5.2980737808     
25      2.13339011712     5.30355843623    
26      1.00944921868     6.25850669842    
