 7            12          
 7            4           
 0            12          
 0            26          
 0            4           
 0            1           
 25           12          
 25           24          
 25           21          
 9            12          
 14           12          
 13           12          
 6            12          
 6            4           
 8            12          
 8            4           
 5            4           
 17           16          
 17           18          
 17           21          
 18           12          
 18           4           
 12           3           
 12           16          
 12           24          
 12           10          
 12           19          
 12           15          
 12           22          
 12           23          
 12           4           
 12           11          
 12           21          
 22           23          
 22           21          
 23           4           
 23           21          
 2            4           
 4            3           
 4            21          
 20           21          
 19           21          
 24           21          
