0       3.85232960582     0.0              
1       1.16789545053     0.10337171083    
2       3.51053586268     0.601605843207   
3       2.85647705435     0.910996398222   
4       1.00116682321     1.2508933595     
5       1.00403397703     1.39739788741    
6       1.00972763827     1.54563451034    
7       23.4301834526     1.71955763407    
8       4.12835827974     1.96243237029    
9       3.20743993375     2.15362906894    
10      1.32347915687     2.61479046971    
11      1.28221683519     2.82883209708    
12      1.38630508306     3.0765954608     
13      1.39252966408     3.07988700307    
14      12.032668137      3.26801686367    
15      1.00162344592     3.29698835287    
16      1.32680019493     3.47817597668    
17      1.00919355712     3.64570083508    
18      2.1373251865      3.90469079599    
19      1.50530711908     4.25442942746    
20      1.94500963154     4.38568140763    
21      1.00345902487     4.40458053031    
22      2.5808198342      4.65660203894    
23      1.48160460915     4.73926772431    
24      9.37405496442     5.22757395625    
25      1.49109222994     5.26378841138    
26      1.48881879572     5.27741597312    
27      2.802599755       5.8649807052     
28      1.0001683658      6.22449312747    
