 9            7           
 9            20          
 9            14          
 9            8           
 0            1           
 0            28          
 0            27          
 0            7           
 0            2           
 0            14          
 0            24          
 25           7           
 25           26          
 25           24          
 11           7           
 11           14          
 12           7           
 12           14          
 12           13          
 6            7           
 18           7           
 18           14          
 18           24          
 16           7           
 16           14          
 13           7           
 13           14          
 17           14          
 20           21          
 20           22          
 20           19          
 20           24          
 22           7           
 22           23          
 22           14          
 22           24          
 7            4           
 7            3           
 7            2           
 7            14          
 7            19          
 7            1           
 7            5           
 7            27          
 7            21          
 7            10          
 7            8           
 7            26          
 7            24          
 3            2           
 3            8           
 3            24          
 2            14          
 2            24          
 15           14          
 14           23          
 14           27          
 14           10          
 14           8           
 14           19          
 14           24          
 23           24          
 27           24          
 8            24          
 26           24          
