0       5.17160741811     0.0              
1       2.10419204547     0.792430094614   
2       15.7683653799     0.949133572434   
3       1.86216525094     1.09298134749    
4       1.76849601582     1.3370646179     
5       2.08776446711     1.62103344858    
6       1.0017957075      1.95771657779    
7       1.00322909679     2.05950889886    
8       1.00383063143     2.16089338177    
9       1.00056752922     2.25636027912    
10      28.6781666352     2.28053058822    
11      1.00331157164     2.34911892891    
12      1.00186654392     2.44989652318    
13      1.00944566461     2.55144223136    
14      1.04222152226     2.66445309772    
15      4.33456474412     3.0798776404     
16      2.17921406798     3.1641065181     
17      1.76582449651     3.56936918708    
18      1.00331893579     3.7584971089     
19      13.1682961605     3.76243617383    
20      2.11374129559     3.96690577606    
21      2.09944465384     3.97091637183    
22      4.33579509614     4.66581790789    
23      1.00558966967     4.95313295887    
24      2.85788936821     4.98728537831    
25      1.0031488376      5.02172055054    
26      3.14209998022     5.23342001096    
27      1.00573705142     6.25913137614    
