 26           10          
 26           24          
 26           2           
 0            10          
 0            2           
 0            27          
 0            19          
 20           10          
 20           21          
 20           19          
 4            10          
 4            2           
 14           10          
 11           10          
 13           10          
 8            10          
 5            10          
 5            2           
 1            10          
 1            2           
 24           25          
 24           23          
 24           22          
 24           19          
 22           10          
 22           2           
 22           19          
 10           9           
 10           16          
 10           15          
 10           2           
 10           12          
 10           6           
 10           3           
 10           7           
 10           17          
 10           21          
 10           19          
 16           15          
 16           19          
 15           2           
 15           19          
 2            3           
 2            19          
 18           19          
 17           19          
 21           19          
