0       5.6873235099      0.0              
1       1.28123593811     0.111877795336   
2       2.4973725694      0.460100235102   
3       1.81120000126     1.13025547026    
4       1.00292936542     1.37796265793    
5       1.63753555813     1.55857522619    
6       16.8657176323     1.82464655325    
7       1.63251478978     1.82667638134    
8       1.00229701356     2.02589408427    
9       1.72278467377     2.2752271942     
10      2.67428592227     3.36952549566    
11      1.29507815005     3.46568504376    
12      1.19696191663     3.68678612862    
13      1.23290998431     3.85115389277    
14      8.67119683242     3.86584842504    
15      33.7849975932     4.00679489415    
16      1.29032552409     4.03801642158    
17      1.28867638491     4.05379627522    
18      1.50754314797     4.32390984388    
19      2.9453675299      4.45371248186    
20      1.04904627362     4.69457255753    
21      1.66102265082     4.70101108236    
22      1.9741592877      4.85840178057    
23      1.33136324686     5.15308151227    
24      1.32914304421     5.36454297932    
25      1.32969625855     5.56712683919    
26      1.00208539203     6.08781093582    
27      1.29170206162     6.21138463246    
