 22           15          
 22           21          
 22           6           
 0            1           
 0            2           
 0            26          
 0            15          
 0            27          
 0            6           
 0            14          
 16           15          
 16           17          
 16           14          
 23           15          
 27           15          
 25           15          
 12           15          
 12           14          
 9            15          
 9            6           
 2            15          
 2            6           
 4            6           
 21           20          
 21           19          
 21           14          
 19           15          
 19           18          
 19           6           
 19           14          
 15           24          
 15           11          
 15           10          
 15           6           
 15           3           
 15           1           
 15           7           
 15           20          
 15           5           
 15           13          
 15           17          
 15           14          
 11           10          
 11           14          
 10           6           
 10           14          
 8            6           
 6            18          
 6            7           
 6            5           
 6            3           
 6            14          
 18           14          
 13           14          
 17           14          
