0       5.83163490066     0.0              
1       1.00181636409     0.000769611943   
2       1.00065828885     0.111981440156   
3       2.29083390846     0.414676933027   
4       1.70078869263     1.0824738038     
5       1.51360229474     1.38746671004    
6       1.34189633131     1.63160596925    
7       1.1699039188      1.82424564347    
8       1.00115709962     2.0776440272     
9       3.30521333092     2.16928795681    
10      1.92949626965     2.32536582064    
11      1.00359574022     2.62445350005    
12      1.31011562067     2.64729468371    
13      19.5959553798     2.86174190219    
14      1.00844692896     2.89112909419    
15      1.00013260544     3.04092404086    
16      8.41305090403     3.05025675601    
17      1.89772009021     3.59808151742    
18      1.08619056603     3.63587414516    
19      1.16068189835     3.86997961207    
20      1.17102430504     3.87924828651    
21      8.59496849032     3.89150328       
22      1.82995506258     4.28128719899    
23      4.04872093723     4.52986024691    
24      1.27315409811     4.59498102701    
25      1.88085513644     4.88270354164    
26      1.00540253475     4.91718140768    
27      1.06746657814     6.04364447933    
28      1.00017510269     6.16809639496    
