 10           13          
 10           16          
 10           9           
 0            1           
 0            27          
 0            2           
 0            13          
 0            28          
 0            3           
 0            16          
 0            21          
 20           13          
 20           19          
 20           21          
 5            13          
 3            13          
 6            13          
 12           13          
 12           16          
 12           11          
 11           13          
 25           26          
 25           23          
 25           21          
 23           22          
 23           13          
 23           24          
 23           16          
 23           21          
 13           14          
 13           24          
 13           19          
 13           15          
 13           9           
 13           7           
 13           18          
 13           17          
 13           16          
 13           4           
 13           21          
 18           17          
 18           21          
 17           16          
 17           21          
 16           22          
 16           14          
 16           15          
 16           9           
 16           21          
 22           21          
 9            8           
 9            21          
 19           21          
