0       6.04287039258     0.0              
1       1.0009113398      0.065570656675   
2       1.0001601325      0.213168557863   
3       2.8977177286      0.674623478513   
4       1.41648257185     0.830922675996   
5       1.27714203815     1.08319641511    
6       8.50024390844     1.18094012795    
7       1.29733965278     1.27541270914    
8       1.26487078724     1.46266978111    
9       1.24048247334     1.62804627994    
10      1.8180772746      1.85209567138    
11      1.17602822976     1.96771011059    
12      1.00493954991     2.02018041779    
13      1.45159328421     2.21330470411    
14      2.30007563409     2.37289525661    
15      1.00105813041     2.40073685811    
16      1.99291730318     2.66586236766    
17      4.11627225247     3.11492625515    
18      11.7092501019     3.44696718249    
19      1.1765742121      3.6968562481     
20      1.37551655519     3.96107882121    
21      1.37260190834     3.97508800562    
22      20.8261112099     4.17940181293    
23      1.66152426862     4.3616586543     
24      1.16923997268     5.03449198922    
25      1.20371632851     5.57061019928    
26      2.28598660743     5.66554358797    
27      1.00060199682     5.99314632614    
28      1.28803598023     6.17212066023    
