 10           22          
 10           11          
 10           6           
 10           18          
 0            26          
 0            1           
 0            27          
 0            22          
 0            2           
 0            28          
 0            3           
 0            17          
 0            6           
 0            18          
 20           22          
 20           21          
 20           18          
 24           22          
 28           22          
 19           22          
 19           18          
 9            22          
 9            6           
 5            22          
 5            6           
 11           12          
 11           18          
 3            22          
 3            4           
 3            6           
 3            18          
 22           26          
 22           8           
 22           23          
 22           21          
 22           7           
 22           14          
 22           25          
 22           16          
 22           17          
 22           6           
 22           13          
 22           18          
 25           26          
 16           17          
 16           14          
 16           18          
 17           6           
 17           18          
 6            4           
 6            26          
 6            8           
 6            7           
 6            14          
 6            13          
 6            18          
 13           14          
 4            18          
 23           18          
 14           15          
 14           18          
 21           18          
