0       6.14121529036     0.0              
1       1.00016451554     0.044112808356   
2       1.00093629397     0.203316869604   
3       1.55840257851     0.802466321212   
4       1.58182022314     1.09773159464    
5       10.2328524929     1.34278652353    
6       1.64633964103     1.3966353911     
7       1.67678613211     1.74521810663    
8       1.67810157194     2.12365858224    
9       1.65738461861     2.28228290661    
10      1.00507508314     2.29389150097    
11      3.27670794575     2.58313751018    
12      1.73407697612     2.67327798133    
13      1.00108710616     3.13973846929    
14      2.46562559722     3.23926258854    
15      2.16658893608     3.53994154832    
16      8.07509054872     3.59232197383    
17      2.62586855463     3.83348914526    
18      1.00337979531     3.96091740868    
19      1.32558188059     4.19083775955    
20      1.32845701544     4.1920770033     
21      1.62284529105     4.48666984936    
22      17.4878600482     4.75249194199    
23      1.01290854572     4.76924776094    
24      1.00083569821     4.95995048482    
25      1.1453468705      5.36188680578    
26      2.69743461044     5.4233083576     
27      1.40353337293     5.94823726903    
28      1.00061847798     6.16358995188    
