 8            22          
 8            9           
 8            5           
 0            26          
 0            2           
 0            28          
 0            22          
 0            1           
 0            27          
 0            11          
 0            5           
 0            16          
 20           22          
 20           19          
 20           16          
 23           22          
 27           22          
 21           22          
 21           16          
 3            22          
 3            5           
 4            22          
 4            5           
 9            10          
 9            11          
 9            16          
 11           12          
 11           22          
 11           5           
 11           16          
 22           26          
 22           6           
 22           18          
 22           19          
 22           24          
 22           14          
 22           25          
 22           15          
 22           17          
 22           5           
 22           7           
 22           16          
 25           26          
 15           17          
 15           14          
 15           16          
 17           18          
 17           5           
 17           16          
 5            12          
 5            26          
 5            6           
 5            14          
 5            7           
 5            16          
 12           16          
 14           13          
 14           16          
 19           16          
