0       4.81892743102     0.0              
1       1.00041084737     0.036168016257   
2       1.00473053766     0.190580353705   
3       1.61409120037     0.746604291111   
4       1.65760680875     1.07606430327    
5       9.69478612887     1.29658171892    
6       1.71673525467     1.42241439514    
7       2.37024734066     1.91686516389    
8       2.01370132175     2.06806881875    
9       1.61841646478     2.31411862556    
10      1.01207992869     2.3178078943     
11      1.53639918598     2.61127609575    
12      2.69459518482     2.61714724244    
13      1.00165828011     2.98932858208    
14      3.95231834027     3.11434090066    
15      8.18581642843     3.62768217843    
16      2.22782959836     3.66672154007    
17      2.48942001175     3.95447925836    
18      1.00370762597     4.08123041307    
19      1.16511186316     4.24935111215    
20      1.34787104796     4.43764538133    
21      1.64459392546     4.68915381533    
22      14.1890391237     4.92435883488    
23      1.00280296343     4.95615335806    
24      1.01936650756     5.22791325962    
25      1.88861976849     5.25481747002    
26      1.02433656401     5.53585472991    
27      1.44180242312     5.93086033017    
28      1.00231954538     6.16225848577    
