 8            22          
 8            9           
 8            5           
 8            7           
 0            2           
 0            28          
 0            22          
 0            1           
 0            27          
 0            12          
 0            5           
 0            15          
 20           22          
 20           15          
 26           22          
 27           22          
 21           22          
 21           15          
 3            22          
 3            5           
 4            22          
 4            5           
 9            10          
 9            12          
 9            15          
 12           11          
 12           14          
 12           5           
 12           15          
 22           25          
 22           6           
 22           18          
 22           19          
 22           23          
 22           14          
 22           24          
 22           16          
 22           17          
 22           5           
 22           7           
 22           15          
 24           25          
 16           17          
 16           14          
 16           15          
 17           18          
 17           5           
 17           15          
 5            11          
 5            25          
 5            6           
 5            14          
 5            7           
 5            15          
 7            14          
 11           15          
 14           13          
 14           15          
 19           15          
