0       5.88411362885     0.0              
1       1.00016420851     0.081689064666   
2       1.01315406169     0.170145003199   
3       1.37956724857     0.583017842245   
4       2.15488107227     0.655449467678   
5       1.00186049763     0.693892239626   
6       1.94713398868     1.06120929473    
7       1.83836401277     1.37617850644    
8       12.9934284033     1.60211073197    
9       1.00000316194     1.60250321533    
10      2.14176311894     2.15946931879    
11      5.80905137069     2.18029977421    
12      1.72973471504     2.61203671953    
13      1.75139527696     2.63789006321    
14      1.00023062236     3.23479734124    
15      1.84253110623     3.25538586512    
16      1.51865021242     3.72505213325    
17      11.845451909      3.82444554954    
18      1.29910711134     3.95097162553    
19      1.24148509453     4.11610488205    
20      1.80082288025     4.41520229865    
21      3.30279802497     4.47161541584    
22      23.9832617684     4.76115316603    
23      1.00210897626     4.85301150092    
24      1.00444628328     4.9985602869     
25      2.17495685553     5.23283203493    
26      1.12306417137     5.24121724729    
27      1.19677587515     5.51941670357    
28      1.66125541553     6.01791814034    
29      1.00092032194     6.19115956765    
30      1.00933329181     6.27958451573    
