 13           22          
 13           12          
 13           8           
 0            28          
 0            1           
 0            2           
 0            22          
 0            30          
 0            29          
 0            11          
 0            8           
 0            17          
 18           22          
 18           17          
 23           22          
 9            8           
 27           22          
 6            22          
 6            8           
 7            22          
 7            8           
 12           11          
 12           17          
 5            4           
 11           10          
 11           22          
 11           8           
 11           17          
 22           28          
 22           4           
 22           19          
 22           16          
 22           3           
 22           15          
 22           26          
 22           20          
 22           21          
 22           25          
 22           8           
 22           24          
 22           17          
 26           25          
 20           21          
 20           17          
 21           8           
 21           17          
 25           8           
 8            10          
 8            4           
 8            17          
 10           17          
 4            3           
 19           17          
 15           14          
 15           17          
 16           17          
