0       6.85735973686     0.0              
1       1.00131733265     0.143000265655   
2       1.000741414       0.278079614035   
3       2.09512464362     0.553650499114   
4       1.55966552125     0.983002490045   
5       1.67459169363     1.28461696838    
6       11.4046648674     1.43295246116    
7       1.73814917389     1.65276898691    
8       4.1180415889      2.38601423781    
9       1.89184857591     2.41563624572    
10      1.00033087747     2.80043585067    
11      1.84847487852     2.88474524739    
12      1.36859650814     2.91823104431    
13      1.73313720742     3.11652540016    
14      1.01873862309     3.12702245765    
15      1.43002373817     3.64682772673    
16      1.43318092265     3.66484863042    
17      7.2029323118      3.69806740383    
18      1.27344372756     3.9525153435     
19      1.72315935621     4.32374169022    
20      3.9800162524      4.59056034605    
21      1.00493977336     4.61564482681    
22      1.93654671556     4.85911821252    
23      17.9511722822     4.95926551146    
24      1.00142467582     5.13764058749    
25      1.01151409629     5.28266543814    
26      1.02300201183     5.55285229315    
27      2.3318826773      5.61728271636    
28      1.26842252848     5.95993026791    
29      1.00140175889     6.13216787594    
30      1.20041477998     6.27823067282    
