 12           23          
 12           11          
 12           6           
 0            3           
 0            30          
 0            2           
 0            1           
 0            23          
 0            29          
 0            28          
 0            8           
 0            20          
 0            27          
 0            6           
 0            17          
 16           23          
 16           15          
 16           17          
 25           23          
 28           23          
 3            23          
 3            6           
 10           11          
 18           23          
 18           17          
 22           23          
 22           20          
 22           6           
 7            23          
 7            6           
 11           13          
 11           8           
 11           17          
 8            9           
 8            23          
 8            6           
 8            17          
 23           26          
 23           19          
 23           20          
 23           27          
 23           6           
 23           5           
 23           30          
 23           4           
 23           21          
 23           24          
 23           13          
 23           15          
 23           17          
 26           27          
 19           20          
 19           17          
 20           21          
 20           6           
 20           17          
 27           6           
 6            9           
 6            4           
 6            5           
 6            17          
 9            17          
 13           14          
 13           17          
 15           17          
