0       7.66856987121     0.0              
1       1.00109825232     0.109750595416   
2       1.00362550387     0.241034783198   
3       1.00051663667     0.691139425714   
4       2.72627524455     0.745002524551   
5       1.23605537389     0.821351774381   
6       1.45038718049     1.34496615444    
7       1.24242583828     1.56353501002    
8       6.84914854553     1.57679592939    
9       1.63755926422     1.89796173439    
10      3.67247405097     1.94779850816    
11      1.00201951121     2.3636868778     
12      1.79980241107     2.38624568316    
13      1.00191565581     2.58802595042    
14      2.64459585938     2.59306906207    
15      1.77686536725     2.79266071026    
16      1.00085271066     2.80889034684    
17      2.15063112123     3.11005092265    
18      1.19577314913     3.57166753671    
19      10.536734998      3.58819191032    
20      1.17997969609     3.78449276526    
21      1.3896554103      4.02108271179    
22      21.4117442924     4.22401870774    
23      1.0011014666      4.41098385148    
24      1.00116313889     4.58017264461    
25      1.00092469625     4.76656853766    
26      3.25886602259     5.44136306056    
27      4.56243873829     5.467028706      
28      1.00033782835     6.1274792352     
29      1.0019950639      6.26733261193    
