0       6.7874838271      0.0              
1       1.00140453167     0.135207991544   
2       1.0073422568      0.688513569685   
3       2.73731127135     0.73117535056    
4       1.29643913865     0.822120824564   
5       1.65647302188     1.22331934327    
6       1.47057792228     1.46530294002    
7       1.0006630411      1.63107622906    
8       8.58408012465     1.64204273111    
9       1.00470127505     1.74196438957    
10      1.7133660331      2.02200688857    
11      3.56995150036     2.04921276438    
12      1.00151898566     2.3636868778     
13      1.57146656942     2.38788340239    
14      1.99359021882     2.52111128165    
15      1.00454496285     2.54602311466    
16      2.76759741649     2.78354408567    
17      1.00035276794     2.78448297479    
18      1.53375609804     3.54820467139    
19      10.9437806057     3.62196120906    
20      1.41246766539     3.85836989419    
21      1.53715927889     4.12298981926    
22      1.0002463679      4.49533107341    
23      22.1813860258     4.64736819365    
24      1.00052577244     4.65391907059    
25      1.0015622844      4.79661261499    
26      1.00245117938     5.03514587849    
27      3.29830442267     5.09024559954    
28      3.19750509749     5.37246198895    
29      1.54993684762     6.03149987179    
30      1.00149455056     6.26573665022    
