 13           23          
 13           14          
 13           8           
 13           12          
 0            3           
 0            11          
 0            1           
 0            23          
 0            30          
 0            29          
 0            28          
 0            8           
 0            19          
 18           23          
 18           19          
 25           23          
 29           23          
 9            8           
 15           14          
 20           23          
 20           19          
 6            23          
 6            8           
 7            8           
 14           16          
 14           11          
 14           19          
 11           10          
 11           23          
 11           8           
 11           19          
 23           24          
 23           5           
 23           26          
 23           21          
 23           22          
 23           16          
 23           4           
 23           28          
 23           27          
 23           3           
 23           8           
 23           12          
 23           19          
 4            3           
 28           27          
 28           19          
 27           26          
 27           8           
 27           19          
 2            3           
 8            10          
 8            3           
 8            5           
 8            16          
 8            19          
 10           19          
 16           17          
 16           19          
 21           19          
