 7            20          
 7            9           
 7            3           
 7            11          
 7            6           
 0            20          
 0            3           
 0            24          
 0            1           
 0            14          
 17           20          
 17           16          
 17           14          
 21           20          
 21           19          
 24           20          
 13           20          
 13           14          
 22           20          
 22           19          
 9            5           
 9            11          
 9            8           
 9            10          
 9            14          
 5            4           
 5            20          
 5            11          
 5            3           
 5            14          
 12           11          
 20           4           
 20           1           
 20           2           
 20           18          
 20           16          
 20           23          
 20           11          
 20           15          
 20           19          
 20           3           
 20           10          
 20           14          
 15           19          
 15           11          
 15           14          
 19           18          
 19           3           
 19           14          
 3            4           
 3            1           
 3            2           
 3            11          
 3            14          
 10           11          
 4            14          
 1            14          
 11           14          
 16           14          
