0       2.13909700013     0.0              
1       1.96967465235     0.192099635092   
2       1.25820470547     0.668707390987   
3       5.17111678727     0.891528773878   
4       2.25642623297     1.29560519184    
5       3.04691462295     1.51364617977    
6       1.00717398585     2.08153702776    
7       1.69193233671     2.17918861186    
8       1.00039815592     2.4367254855     
9       1.90972662778     2.46948436428    
10      1.35269499846     2.68955255875    
11      3.87484790162     2.98167103687    
12      1.00956986611     3.02846980964    
13      1.18374632582     3.76166131878    
14      6.88819886208     4.21972348664    
15      2.46915864276     4.24171641187    
16      1.02179834681     4.70316899185    
17      1.01882368309     4.70414832773    
18      1.01240945523     5.10026253902    
19      2.78107877944     5.25621662828    
20      9.95252753232     5.30452428986    
21      1.00132969494     5.31345778051    
22      1.00221811423     5.50912089679    
23      1.00029592909     5.79485833692    
24      1.04278419838     6.09066173013    
