 13           16          
 13           0           
 13           12          
 13           18          
 0            10          
 0            1           
 0            3           
 0            2           
 0            16          
 0            6           
 0            15          
 0            21          
 0            4           
 0            25          
 0            26          
 0            5           
 0            24          
 0            12          
 0            7           
 23           16          
 23           22          
 23           21          
 27           16          
 27           26          
 6            16          
 6            7           
 24           16          
 24           26          
 24           21          
 8            16          
 8            26          
 8            12          
 8            7           
 8            21          
 4            16          
 4            5           
 19           20          
 19           17          
 19           15          
 19           18          
 19           21          
 15           14          
 15           16          
 15           17          
 15           12          
 15           21          
 2            16          
 16           7           
 16           25          
 16           26          
 16           11          
 16           12          
 16           18          
 16           14          
 16           5           
 16           10          
 16           20          
 16           9           
 16           17          
 16           22          
 16           21          
 25           26          
 25           17          
 25           21          
 26           7           
 26           17          
 26           20          
 26           12          
 26           21          
 11           12          
 5            12          
 5            21          
 12           14          
 12           7           
 12           10          
 12           17          
 12           18          
 12           21          
 18           17          
 18           21          
 7            21          
 14           21          
 10           9           
 10           21          
 20           21          
 17           21          
 22           21          
