0       6.66095535649     0.0              
1       1.00044232821     0.138367520088   
2       1.04377919649     0.387675163541   
3       1.00372743017     0.644841368848   
4       1.32044522594     1.02357395994    
5       1.89673602898     1.04799556326    
6       1.37466279765     1.63835065357    
7       2.61937436311     2.00983971698    
8       1.98738652917     2.2508707551     
9       1.0040999911      2.78510877603    
10      1.70965334998     2.93851247243    
11      1.00068117692     3.31236748398    
12      4.68576596439     3.59807365277    
13      1.49836207378     3.64777897458    
14      1.0834287272      4.02646662483    
15      1.64677234304     4.18237464972    
16      10.1157210663     4.36529174699    
17      1.729990617       4.43971078759    
18      1.23656016223     4.47715137873    
19      1.04387097441     4.58362260335    
20      1.04087776905     4.76684529836    
21      5.83672511216     4.82960481165    
22      1.00063798282     4.99382277299    
23      1.00446046847     5.009382791      
24      1.08736616597     5.29672780254    
25      1.79953774643     5.65091838631    
26      4.07532151762     5.68402918466    
27      1.00200820148     6.06754416029    
