 21           18          
 21           13          
 21           20          
 21           23          
 21           11          
 21           22          
 0            4           
 0            2           
 0            30          
 0            13          
 0            1           
 0            8           
 0            18          
 0            24          
 0            25          
 0            29          
 0            11          
 0            26          
 28           13          
 28           27          
 28           26          
 6            13          
 8            13          
 8            9           
 7            13          
 29           13          
 29           25          
 29           26          
 10           13          
 10           11          
 10           9           
 9            13          
 9            25          
 9            11          
 20           19          
 20           18          
 20           22          
 20           26          
 18           16          
 18           13          
 18           23          
 18           17          
 18           19          
 18           11          
 18           26          
 13           5           
 13           24          
 13           25          
 13           12          
 13           11          
 13           22          
 13           16          
 13           4           
 13           14          
 13           17          
 13           15          
 13           23          
 13           27          
 13           26          
 5            4           
 24           25          
 24           23          
 24           26          
 25           23          
 25           17          
 25           11          
 25           26          
 12           11          
 3            4           
 11           16          
 11           4           
 11           14          
 11           23          
 11           26          
 22           23          
 16           26          
 4            26          
 14           15          
 23           26          
 27           26          
