 12           17          
 12           15          
 0            3           
 0            1           
 0            31          
 0            17          
 0            2           
 0            5           
 0            19          
 0            30          
 0            29          
 0            15          
 0            25          
 24           17          
 24           23          
 24           25          
 10           17          
 10           9           
 5            17          
 5            6           
 8            17          
 22           17          
 22           25          
 16           17          
 16           15          
 6            15          
 27           28          
 27           26          
 27           19          
 27           25          
 19           18          
 19           17          
 19           15          
 19           25          
 17           4           
 17           30          
 17           29          
 17           15          
 17           20          
 17           18          
 17           3           
 17           14          
 17           28          
 17           11          
 17           21          
 17           7           
 17           23          
 17           25          
 4            3           
 30           29          
 30           21          
 30           25          
 29           28          
 29           15          
 29           25          
 13           15          
 26           25          
 15           18          
 15           3           
 15           14          
 15           25          
 20           21          
 18           25          
 28           25          
 21           25          
 23           25          
