0       7.69687739749     0.0              
1       1.0               0.08947778096    
2       1.0               0.245584762711   
3       3.16103788129     0.922803481303   
4       1.54116174745     1.01181593728    
5       2.31310695055     1.63395937141    
6       1.56533837096     1.69866482322    
7       1.31694908187     2.05569267224    
8       1.21261567836     2.27158623687    
9       1.0               2.47352791666    
10      1.16579992136     2.48127946313    
11      1.02525876766     2.69272987638    
12      1.40519787259     2.97355921464    
13      1.0               3.16988216549    
14      1.00780002858     3.32021677679    
15      7.63777546047     3.34154944614    
16      1.00692217332     3.47002183515    
17      20.2994551935     3.75337272923    
18      2.42084071396     3.92349104881    
19      4.12882329018     3.94545888207    
20      1.0               4.42669292329    
21      1.73833721323     4.46681423574    
22      1.04257859277     4.67735871648    
23      1.09426473471     4.83486850793    
24      1.08804990445     4.83706911123    
25      6.72774500862     4.90902576812    
26      1.0               5.04748363803    
27      1.27987267417     5.0877712316     
28      1.49852535155     5.17661066533    
29      3.49417919422     5.47118840237    
30      3.2022518074      5.62419693534    
31      1.0               6.19722161929    
