 20           17          
 20           18          
 20           21          
 0            4           
 0            1           
 0            33          
 0            17          
 0            2           
 0            7           
 0            21          
 0            32          
 0            31          
 0            18          
 0            25          
 27           17          
 27           26          
 27           25          
 12           17          
 12           11          
 7            17          
 7            8           
 15           17          
 24           17          
 24           25          
 9            17          
 9            18          
 9            8           
 8            17          
 8            18          
 29           30          
 29           28          
 29           21          
 29           25          
 3            4           
 21           19          
 21           4           
 21           17          
 21           22          
 21           18          
 21           25          
 17           5           
 17           32          
 17           31          
 17           10          
 17           18          
 17           23          
 17           19          
 17           4           
 17           16          
 17           30          
 17           13          
 17           22          
 17           14          
 17           26          
 17           25          
 5            4           
 32           4           
 32           22          
 32           31          
 32           25          
 31           30          
 31           18          
 31           25          
 6            4           
 18           19          
 18           16          
 18           22          
 18           25          
 23           22          
 19           25          
 30           25          
 22           25          
 26           25          
