0       7.00463585668     0.0              
1       1.00614221841     0.113563825978   
2       1.00340337833     0.251090858668   
3       1.0146541458      0.744075619656   
4       4.04972172244     0.848642288786   
5       1.23426950931     0.884104921056   
6       1.0051063386      1.00944455878    
7       2.34125982966     1.6262055779     
8       2.74139067978     1.84870713179    
9       2.27011000335     2.01927074022    
10      1.09120966819     2.31093157075    
11      1.00005182164     2.48420211598    
12      1.12809507057     2.49215439822    
13      1.03302623914     2.69272987638    
14      1.00962434806     2.85040182937    
15      1.0020726397      3.01178140195    
16      1.16108846281     3.32703430273    
17      21.8422312847     3.4570226962     
18      7.47367427274     3.66086799522    
19      2.22906326385     3.67463562259    
20      1.05633885909     3.90022142911    
21      5.65358698009     3.91699147933    
22      2.97624313097     4.33023526759    
23      1.00271180752     4.34172252167    
24      1.01058930818     4.66059540739    
25      6.1403707732      4.76636892541    
26      1.11675405962     4.83486850793    
27      1.09308628948     4.83706911123    
28      1.0082690046      5.07915157784    
29      1.45298082263     5.09949479962    
30      1.74690254166     5.21509987615    
31      3.48805767963     5.50288833912    
32      4.09695715069     5.81182654817    
33      1.00695514563     6.2363682772     
