0       8.59752381632     0.0              
1       1.00155394629     0.028810263926   
2       1.00379778256     0.165892195013   
3       1.00077817206     0.313987441534   
4       1.55979170204     0.615395753749   
5       3.27468446051     0.755721477461   
6       1.0010234887      0.856229988433   
7       1.00003978389     1.19180158078    
8       1.00046051035     1.36580335099    
9       2.17663973642     1.64193206428    
10      1.62150997369     1.68090794699    
11      1.00116238138     1.94315874059    
12      1.00012235549     2.10065355176    
13      22.0052681986     2.26837259206    
14      1.00124064208     2.34247667225    
15      2.22418487441     2.41108710885    
16      2.00290701086     2.59789158907    
17      1.94081233263     3.15743692244    
18      4.96950814596     3.26605931543    
19      1.62495203196     3.53883825061    
20      12.7477508783     3.57226187937    
21      1.58933376842     3.88640586484    
22      5.45230562858     4.03063788411    
23      1.37208595259     4.18255029352    
24      3.22585264398     4.42886880912    
25      3.15386880418     4.49592054747    
26      1.83743003421     4.70762113141    
27      1.00218726011     4.76106665491    
28      2.03759406973     4.94423991498    
29      1.49268718401     4.97256875012    
30      1.54065666809     5.16037054256    
31      1.00107792273     5.80616905774    
32      1.25341774361     5.98553025759    
33      1.13738287144     6.16903799925    
