 26           24          
 26           13          
 26           28          
 26           25          
 26           27          
 26           22          
 0            21          
 0            32          
 0            31          
 0            2           
 0            1           
 0            15          
 0            13          
 0            3           
 0            9           
 0            33          
 0            24          
 0            4           
 0            18          
 0            5           
 0            22          
 0            20          
 9            13          
 9            10          
 9            20          
 15           13          
 15           14          
 15           16          
 15           20          
 33           13          
 32           13          
 30           13          
 30           28          
 30           20          
 16           13          
 16           18          
 16           20          
 19           13          
 19           18          
 19           22          
 19           20          
 4            13          
 4            5           
 28           24          
 28           29          
 28           25          
 28           20          
 7            13          
 24           23          
 24           13          
 24           25          
 24           22          
 24           20          
 13           8           
 13           17          
 13           18          
 13           22          
 13           11          
 13           23          
 13           5           
 13           21          
 13           29          
 13           12          
 13           25          
 13           10          
 13           20          
 17           18          
 17           25          
 17           20          
 18           25          
 18           29          
 18           22          
 18           20          
 5            6           
 5            22          
 5            20          
 22           23          
 22           21          
 22           25          
 22           20          
 23           20          
 21           20          
 29           20          
 25           20          
 10           20          
