 15           9           
 15           17          
 0            2           
 0            20          
 0            28          
 0            1           
 0            9           
 0            4           
 0            27          
 0            26          
 0            17          
 0            19          
 11           9           
 11           19          
 1            9           
 4            9           
 4            5           
 10           9           
 23           19          
 13           9           
 13           19          
 12           9           
 5            9           
 21           22          
 21           20          
 21           19          
 8            9           
 20           18          
 20           9           
 20           17          
 20           19          
 9            3           
 9            27          
 9            26          
 9            17          
 9            6           
 9            18          
 9            2           
 9            16          
 9            7           
 9            24          
 9            14          
 9            19          
 3            2           
 27           26          
 27           19          
 26           22          
 26           17          
 26           19          
 17           18          
 17           16          
 17           19          
 18           19          
 16           19          
 22           19          
 24           25          
 24           19          
 14           19          
