0       9.67928307615     0.0              
1       1.57080124725     0.401767675762   
2       1.70274615835     0.815847644586   
3       1.06771237795     0.856651121586   
4       1.8088313635      1.12318852264    
5       1.06043837344     1.14806159417    
6       1.0099644699      1.34934189456    
7       1.00413190561     1.47859812678    
8       1.00941732531     1.61872124219    
9       19.632015446      1.65889798168    
10      1.0035410721      1.7626650783     
11      1.96107268965     1.9883799025     
12      1.0001305928      2.19355282893    
13      1.75806952237     2.40108365162    
14      1.62639384892     2.69565440176    
15      1.31088798584     3.01339215668    
16      1.77596527211     3.29097152295    
17      5.75197935646     3.37379262874    
18      2.20322757325     3.77356539919    
19      13.8708548036     3.98104865948    
20      3.5507498677      3.99972981906    
21      1.41114108172     4.28837811506    
22      1.51365275176     4.35946966072    
23      1.00022649788     4.53855030799    
24      1.63190215945     4.76352005045    
25      1.00113952862     4.78570172723    
26      6.01501371015     5.45568247722    
27      3.11882016993     5.69678969242    
28      1.00017244498     6.25912341787    
