0       8.65544861431     0.0              
1       1.3246353902      0.170653021983   
2       1.33983959788     0.180319422891   
3       1.00432534607     0.420365507534   
4       1.91722840756     0.733609646244   
5       2.09408676704     1.25373212277    
6       1.00412014514     1.55572897278    
7       1.00170759606     1.74500257784    
8       1.32954666903     1.98196478435    
9       16.3210832153     2.05806161645    
10      1.14309125309     2.2230609867     
11      1.00042814942     2.46528913655    
12      2.5884143568      2.59067933272    
13      3.63328969951     2.98763056722    
14      11.4984961196     3.11394542124    
15      1.87388523102     3.42953350581    
16      2.37959425552     3.72650784207    
17      1.00140791406     3.80076359761    
18      1.55144669365     4.06175567309    
19      1.60663307385     4.18744322784    
20      1.00421430622     4.22154621235    
21      1.24767001036     4.37612810785    
22      1.68569554621     4.51795729003    
23      1.00237476121     4.56899248629    
24      2.7959530446      4.92761180293    
25      4.45855073156     5.23481467513    
26      1.29665118819     5.97600443726    
27      1.00689008862     6.20200248239    
