 17           9           
 17           16          
 0            5           
 0            2           
 0            27          
 0            3           
 0            26          
 0            9           
 0            12          
 0            16          
 0            1           
 0            24          
 0            25          
 0            4           
 0            13          
 0            14          
 8            9           
 8            14          
 26           9           
 12           9           
 12           13          
 12           11          
 12           14          
 4            9           
 4            14          
 10           9           
 10           14          
 11           9           
 19           18          
 19           20          
 19           16          
 19           21          
 19           14          
 16           15          
 16           9           
 16           14          
 9            1           
 9            24          
 9            25          
 9            13          
 9            21          
 9            15          
 9            2           
 9            5           
 9            18          
 9            7           
 9            22          
 9            6           
 9            14          
 1            2           
 24           25          
 24           22          
 24           14          
 25           18          
 25           13          
 25           14          
 20           14          
 13           15          
 13           14          
 21           22          
 15           14          
 5            14          
 18           14          
 22           23          
 22           14          
