0       10.7689050366     0.0              
1       1.27307293915     0.167684772904   
2       1.53357427744     0.463323991601   
3       1.54096869765     0.46370945296    
4       1.85134727708     0.908507424512   
5       1.12179470916     1.38701468005    
6       1.12446799869     1.63567536262    
7       26.7620813968     1.65141289696    
8       1.14057681501     1.86707876131    
9       1.19624940179     2.1215596576     
10      1.23283745969     2.40483658655    
11      2.1218215977      2.9203619893     
12      1.00055852365     3.43811758141    
13      1.61541342719     3.48330447592    
14      1.01320060025     3.52929880759    
15      3.5246867683      3.84297952787    
16      1.80740993231     4.00612153052    
17      4.40571878069     4.22587813514    
18      2.11454530203     4.45056886986    
19      9.9741228417      4.48799897481    
20      1.15166773359     4.76121084011    
21      1.33604637403     5.04009423986    
22      2.41074286736     5.12880297064    
23      3.5852460713      5.41907742297    
24      1.00271452692     5.44467694451    
25      1.0040857653      5.95168638514    
26      1.00392586205     6.10174301859    
27      1.00474115258     6.25790926608    
