 8            7           
 0            18          
 0            2           
 0            27          
 0            26          
 0            4           
 0            25          
 0            1           
 0            15          
 0            3           
 0            7           
 0            22          
 0            23          
 0            17          
 0            19          
 10           7           
 4            7           
 1            7           
 20           7           
 20           19          
 6            7           
 5            7           
 13           12          
 13           15          
 13           14          
 13           19          
 15           16          
 15           7           
 15           17          
 15           19          
 7            3           
 7            22          
 7            23          
 7            17          
 7            14          
 7            16          
 7            2           
 7            18          
 7            24          
 7            9           
 7            21          
 7            11          
 7            19          
 3            2           
 22           23          
 22           21          
 22           19          
 23           24          
 23           17          
 23           19          
 17           16          
 17           18          
 17           19          
 16           19          
 18           19          
 21           19          
 11           19          
