 20           7           
 20           19          
 20           21          
 0            25          
 0            3           
 0            26          
 0            27          
 0            2           
 0            1           
 0            28          
 0            21          
 0            4           
 0            7           
 0            14          
 0            13          
 0            24          
 0            11          
 10           7           
 10           11          
 2            7           
 28           7           
 8            7           
 8            11          
 23           7           
 23           24          
 6            7           
 19           21          
 19           12          
 19           18          
 19           17          
 19           11          
 21           22          
 21           7           
 21           16          
 21           24          
 21           11          
 7            4           
 7            14          
 7            13          
 7            24          
 7            17          
 7            22          
 7            3           
 7            25          
 7            12          
 7            5           
 7            16          
 7            9           
 7            11          
 4            3           
 14           13          
 14           16          
 14           11          
 13           12          
 13           24          
 13           11          
 24           22          
 24           25          
 24           11          
 17           16          
 22           11          
 25           11          
 12           11          
 16           15          
 16           11          
 9            11          
