0       7.56718457116     0.0              
1       1.00401837796     0.007113761002   
2       1.10375131519     0.211641786336   
3       1.23046518721     0.443733060817   
4       1.27505255227     0.444627196347   
5       1.00123816323     0.870301902768   
6       1.00069304627     1.07375434392    
7       15.1685891815     1.19517214404    
8       1.22029430581     1.36607280879    
9       1.06214175316     1.59265386774    
10      1.00020824213     1.78414998476    
11      8.81521767902     1.99282399015    
12      2.17899534519     2.18047616702    
13      3.45220620566     2.28677362039    
14      2.52465484854     2.70951340885    
15      1.00073131034     3.06978280345    
16      2.24060297826     3.09920145404    
17      1.37151535717     3.29176660137    
18      1.00517646178     3.49228028587    
19      2.08925897668     3.51922494303    
20      1.38514549637     3.68416195787    
21      3.72419811781     3.89790510314    
22      2.28939783536     4.21229102015    
23      1.3671697947      4.73996543091    
24      5.0014783891      4.75604339214    
25      2.77634685633     5.31484387491    
26      1.00058280844     5.77064744062    
27      1.00809984502     5.9238453454     
28      1.19058662185     6.10866493837    
