0       11.5409920747     0.0              
1       1.00483345538     0.01316233039    
2       1.45619864487     0.295452807824   
3       1.71771259766     0.723184868604   
4       1.73017532838     0.754445532016   
5       2.01738514121     1.53585294852    
6       1.05412177002     1.57754662873    
7       19.3863291706     1.91270345454    
8       1.00328125284     1.91956348703    
9       1.00020996075     2.10854965794    
10      1.01360313223     2.319417151      
11      3.44802375081     2.82344893305    
12      1.00169430133     3.15405699651    
13      1.88544457789     3.17304862242    
14      1.3533700903      3.30442718597    
15      1.01234371896     3.48019456956    
16      2.18930377974     3.50947839762    
17      1.723390078       3.70973142523    
18      2.92464470437     3.86459270298    
19      1.02769840029     4.13224875652    
20      1.03830419313     4.26527777254    
21      8.16173123512     4.29352009656    
22      1.06957325099     4.40651785517    
23      2.19003632556     4.72069030317    
24      1.54342093029     4.7344129897     
25      4.28248972224     4.93340729919    
26      2.65821879765     5.35904285792    
27      1.00236994761     5.92523368977    
28      1.00041976613     6.11494944718    
