 10           7           
 0            26          
 0            3           
 0            1           
 0            27          
 0            2           
 0            28          
 0            16          
 0            5           
 0            23          
 0            4           
 0            7           
 0            11          
 0            18          
 0            25          
 0            21          
 19           7           
 19           21          
 2            7           
 5            7           
 5            6           
 22           7           
 22           21          
 8            7           
 6            7           
 16           23          
 16           17          
 16           15          
 16           14          
 16           21          
 23           24          
 23           25          
 23           21          
 7            24          
 7            3           
 7            26          
 7            17          
 7            20          
 7            9           
 7            13          
 7            4           
 7            11          
 7            18          
 7            25          
 7            14          
 7            21          
 4            3           
 11           18          
 11           13          
 11           21          
 18           17          
 18           25          
 18           21          
 25           24          
 25           26          
 25           21          
 14           13          
 24           21          
 26           21          
 17           21          
 13           12          
 13           21          
 20           21          
