 25           12          
 25           23          
 25           28          
 14           12          
 14           17          
 0            30          
 0            32          
 0            3           
 0            31          
 0            2           
 0            1           
 0            28          
 0            13          
 0            26          
 0            4           
 0            12          
 0            19          
 0            20          
 0            33          
 0            17          
 15           12          
 15           17          
 7            12          
 13           12          
 13           17          
 8            12          
 8            17          
 6            12          
 4            12          
 4            3           
 4            5           
 23           26          
 23           21          
 23           24          
 23           22          
 23           17          
 9            12          
 26           27          
 26           12          
 26           28          
 26           17          
 12           11          
 12           19          
 12           20          
 12           29          
 12           28          
 12           22          
 12           27          
 12           3           
 12           30          
 12           10          
 12           18          
 12           16          
 12           17          
 19           20          
 19           18          
 19           17          
 20           21          
 20           28          
 20           17          
 29           28          
 28           27          
 28           30          
 28           17          
 27           17          
 30           17          
 21           17          
 18           5           
 18           17          
 16           17          
