0       10.1354963029     0.0              
1       1.00360608422     0.087344588927   
2       1.00737017098     0.199182686518   
3       1.63846708137     0.437870621423   
4       1.96837923191     0.520646879992   
5       1.02220383297     0.561137643624   
6       1.04948297325     0.987857037399   
7       1.00819312463     1.14213183714    
8       1.65579186104     1.30885918283    
9       1.01019945412     1.46443820329    
10      1.00287326436     1.58626964643    
11      1.00424911361     1.70651280526    
12      22.9232400963     1.78023900786    
13      2.58245280811     1.94871979545    
14      1.23501179216     2.24376935283    
15      1.17471634947     2.40092411162    
16      1.15331164768     2.55733622298    
17      15.262091603      2.75486283941    
18      2.8333213871      2.88455836838    
19      3.8349741561      3.10297311432    
20      4.41823418129     3.62750765815    
21      1.95894610331     3.95031024612    
22      1.13953028694     4.17790603186    
23      2.48179766327     4.23530447704    
24      1.00541074629     4.26990780294    
25      1.78465765732     4.40682757248    
26      3.66894721817     4.79359034327    
27      2.3281821934      4.84894622712    
28      6.47038968228     5.07709553425    
29      1.35774103981     5.22018980117    
30      3.11727557036     5.67237265341    
31      1.00131358038     6.03208382187    
32      1.00002990597     6.13781665908    
33      1.0065085784      6.25125839576    
