0       13.5083068204     0.0              
1       1.00367543066     0.065756973922   
2       1.64339848825     0.518562092993   
3       1.64241846992     0.548751572677   
4       3.39226420812     1.02488155123    
5       1.00294908245     1.38761482757    
6       29.6870287522     1.43348688269    
7       1.00003830248     1.52757184911    
8       1.00760185529     1.64857038861    
9       1.01708887672     1.77860465919    
10      2.24349881162     2.19218662729    
11      1.01299542454     2.21200441571    
12      2.04830768025     2.59463113088    
13      1.95044524241     2.92699338525    
14      1.93557495982     3.24975889702    
15      1.00432512967     3.5198252778     
16      1.00069582064     3.66182036659    
17      22.1968045026     3.69585219476    
18      3.55407221043     3.967541689      
19      4.88064068877     4.18051147726    
20      1.65332079488     4.46805460301    
21      1.01528094212     4.5687104825     
22      1.94318561005     4.59571206473    
23      1.06584525947     4.63739057741    
24      3.41940802398     4.88839604847    
25      1.21884272641     4.89054796586    
26      1.29677196392     5.19941776885    
27      5.9068312678      5.30576765319    
28      1.27834705048     5.35559710068    
29      3.34719674619     5.70391433753    
30      1.01592494276     6.10586512382    
31      1.00040532408     6.23034667232    
