 25           6           
 25           24          
 15           17          
 0            29          
 0            3           
 0            1           
 0            30          
 0            31          
 0            4           
 0            24          
 0            2           
 0            6           
 0            18          
 0            19          
 0            27          
 0            17          
 12           6           
 12           17          
 7            6           
 4            6           
 4            17          
 16           17          
 5            6           
 13           6           
 13           17          
 8            6           
 22           20          
 22           23          
 22           24          
 22           21          
 22           17          
 24           6           
 24           27          
 24           17          
 6            3           
 6            29          
 6            14          
 6            9           
 6            10          
 6            2           
 6            28          
 6            18          
 6            19          
 6            27          
 6            21          
 6            17          
 2            3           
 18           19          
 18           17          
 19           20          
 19           27          
 19           17          
 28           27          
 23           17          
 27           26          
 27           29          
 27           17          
 26           17          
 29           17          
 20           17          
 10           11          
 10           17          
 14           17          
