 4            6           
 11           6           
 11           21          
 0            2           
 0            29          
 0            30          
 0            6           
 0            1           
 0            28          
 0            20          
 0            27          
 0            21          
 14           6           
 14           21          
 5            6           
 1            6           
 19           21          
 17           6           
 17           21          
 15           6           
 15           21          
 8            6           
 23           24          
 23           21          
 28           6           
 28           27          
 28           21          
 6            3           
 6            20          
 6            22          
 6            10          
 6            27          
 6            9           
 6            2           
 6            25          
 6            7           
 6            12          
 6            16          
 6            21          
 3            2           
 20           22          
 20           21          
 22           27          
 22           21          
 24           21          
 27           26          
 27           25          
 27           21          
 26           21          
 25           21          
 18           21          
 12           13          
 12           21          
 16           21          
