0       15.1186934065     0.0              
1       1.72566350087     0.320797945471   
2       2.53617880286     0.893227163251   
3       1.26559027916     0.917472373756   
4       1.13991488624     1.24754208335    
5       1.08364251564     1.35464173077    
6       40.5413571501     1.44230015658    
7       1.09097976284     1.46573306134    
8       1.1144025335      1.56214839775    
9       1.13425348248     1.68051377834    
10      1.21919963673     1.7850448693     
11      3.2824154789      2.19984080194    
12      2.802883907       2.64914062885    
13      1.00765911601     2.67064257537    
14      2.54612794472     2.93412886766    
15      2.51709468515     3.19366673235    
16      2.60122120373     3.46827026578    
17      2.64674523952     3.77581730995    
18      1.02264121512     4.00936813194    
19      1.00268248996     4.08028628085    
20      4.49880571165     4.30865355107    
21      30.6444134785     4.3526689876     
22      3.78978235887     4.52918201468    
23      1.03097073178     4.74078859735    
24      1.02643604896     4.74575268801    
25      2.42461946821     4.94346094036    
26      1.38274880861     5.11296544292    
27      7.15178550207     5.15461848911    
28      4.76584768188     5.57858593502    
29      1.00204167041     6.13892744692    
30      1.00491049938     6.2188347944     
