 24           6           
 24           23          
 24           22          
 24           25          
 11           6           
 11           10          
 11           17          
 0            28          
 0            1           
 0            30          
 0            29          
 0            4           
 0            6           
 0            3           
 0            25          
 0            2           
 0            14          
 0            18          
 0            27          
 0            17          
 9            6           
 9            17          
 4            6           
 3            6           
 3            17          
 15           17          
 8            6           
 8            17          
 16           6           
 16           18          
 16           17          
 2            6           
 2            1           
 22           23          
 22           25          
 22           19          
 22           21          
 22           20          
 22           17          
 7            6           
 25           26          
 25           6           
 25           27          
 25           17          
 6            14          
 6            18          
 6            27          
 6            20          
 6            26          
 6            1           
 6            28          
 6            19          
 6            5           
 6            13          
 6            10          
 6            17          
 14           18          
 14           13          
 14           17          
 18           19          
 18           27          
 18           17          
 21           17          
 27           26          
 27           28          
 27           13          
 27           17          
 20           17          
 26           17          
 23           17          
 28           17          
 19           17          
 13           12          
 13           17          
 10           17          
