0       8.43775358639     0.0              
1       1.24686568254     0.167810607265   
2       1.24129973725     0.168089895882   
3       2.09580391775     0.53782841981    
4       1.54238580056     0.880572570765   
5       1.01468983442     1.25941301988    
6       19.2976616352     1.39688125497    
7       1.01253798146     1.46049726584    
8       1.82919908483     1.79630142705    
9       1.67757554009     2.17386387093    
10      1.59049172687     2.53732781048    
11      1.59198283307     2.55199762529    
12      1.00020195201     2.94791372236    
13      2.66874844628     3.0397645671     
14      2.91497963858     3.25793850503    
15      1.00065030857     3.5302212184     
16      1.45483672889     3.7509946096     
17      14.8586579355     3.76754707124    
18      3.26012323341     3.83749711948    
19      1.94278645117     4.0786530557     
20      1.24324022826     4.2938788743     
21      1.00413358143     4.41510230527    
22      1.95227184978     4.43570880549    
23      1.00162904072     4.52052116514    
24      1.25314614843     4.56612376246    
25      2.95634394369     4.78829780995    
26      1.76019356885     4.93527009715    
27      5.49442111043     5.31320573728    
28      2.40949070935     5.67078881637    
29      1.0081683949      6.03950580216    
30      1.01150957834     6.20412902692    
