 23           22          
 23           25          
 23           8           
 23           21          
 23           24          
 23           18          
 10           8           
 10           18          
 0            6           
 0            2           
 0            29          
 0            31          
 0            1           
 0            4           
 0            25          
 0            3           
 0            8           
 0            15          
 0            16          
 0            30          
 0            27          
 0            18          
 11           8           
 11           18          
 9            8           
 4            8           
 30           8           
 30           18          
 17           8           
 17           16          
 17           18          
 3            8           
 3            2           
 21           22          
 21           25          
 21           8           
 21           19          
 21           24          
 21           20          
 21           18          
 5            8           
 25           26          
 25           8           
 25           27          
 25           18          
 8            15          
 8            16          
 8            28          
 8            27          
 8            20          
 8            26          
 8            2           
 8            6           
 8            19          
 8            7           
 8            14          
 8            12          
 8            18          
 15           16          
 15           14          
 15           18          
 16           14          
 16           19          
 16           27          
 16           18          
 28           27          
 24           18          
 27           26          
 27           29          
 27           18          
 20           18          
 26           18          
 22           18          
 6            18          
 19           18          
 14           13          
 14           18          
 12           18          
