0       8.07187889963     0.0              
1       1.00232789657     0.106356906352   
2       1.42419965793     0.35041246324    
3       1.42785713244     0.363518336695   
4       1.54004501151     0.715960066268   
5       1.13570307915     1.10554624555    
6       2.98467670901     1.5478517792     
7       1.16304293412     2.02735990477    
8       20.9508762399     2.1139717707     
9       1.11408729837     2.23528826667    
10      1.81766088868     2.50969817996    
11      1.55264783742     2.83745362338    
12      1.35891032661     3.08222729749    
13      1.00284417525     3.29706100723    
14      1.99382442195     3.4004545331     
15      2.78819603228     3.60890327251    
16      4.03047333925     3.83491489352    
17      1.26460118057     3.9923673854     
18      11.5420327785     4.17590316827    
19      1.78488365421     4.28266163979    
20      1.07631032852     4.47144351711    
21      2.03686376351     4.57845927495    
22      1.00048258068     4.59171644925    
23      1.55936593315     4.67647450539    
24      1.00164459554     4.69494893709    
25      2.64415118544     4.95039755954    
26      1.50787402315     5.06647376592    
27      3.61851962477     5.32751870687    
28      1.07119961102     5.3686848281     
29      1.10441079529     5.56147096383    
30      1.89766990934     5.98729390481    
31      1.00804164196     6.23479244525    
