 15           10          
 15           16          
 26           10          
 26           25          
 0            4           
 0            2           
 0            1           
 0            36          
 0            32          
 0            3           
 0            31          
 0            10          
 0            35          
 0            25          
 14           10          
 14           25          
 6            10          
 3            10          
 7            10          
 18           17          
 33           32          
 17           10          
 17           25          
 11           10          
 30           32          
 30           31          
 30           25          
 9            10          
 31           10          
 31           32          
 31           25          
 10           5           
 10           21          
 10           22          
 10           34          
 10           12          
 10           32          
 10           8           
 10           4           
 10           29          
 10           13          
 10           20          
 10           19          
 10           27          
 10           25          
 5            4           
 21           22          
 21           20          
 21           25          
 22           23          
 22           32          
 22           25          
 34           32          
 24           25          
 32           28          
 32           29          
 32           25          
 28           25          
 29           25          
 23           25          
 20           19          
 20           25          
 27           25          
