0       13.2696897857     0.0              
1       1.00001114076     0.013171599439   
2       1.00211216774     0.087570135785   
3       2.31050063104     0.295246735332   
4       3.90397117103     1.37366874759    
5       1.68948052176     1.3989423544     
6       1.37478402574     1.78019837385    
7       1.28323792699     1.91911426585    
8       1.21004936617     2.04593489162    
9       1.1681740236      2.15050006272    
10      50.7123471957     2.19626313629    
11      1.18833144972     2.25381250781    
12      1.20439705629     2.37008607939    
13      1.28658689613     2.50451088311    
14      3.53974133882     2.88729414223    
15      1.39684012736     3.23391013409    
16      1.00442774122     3.23738331227    
17      2.32935206154     3.38873021607    
18      1.00004347686     3.39171541159    
19      1.35523057515     3.59167931977    
20      2.93738816851     3.62499246895    
21      3.88341933275     3.80559810884    
22      4.91980420637     4.13069230531    
23      1.04089110772     4.16621804201    
24      1.00069558464     4.39042641168    
25      22.7412111623     4.47557170809    
26      1.87265887947     4.50555211922    
27      1.88094081752     4.68297145331    
28      1.63386201964     4.92370082603    
29      2.12311371331     5.04128891728    
30      1.59694487477     5.24603715275    
31      3.80920540736     5.27345668482    
32      11.6101869951     5.30957638967    
33      1.00789470534     5.42213214806    
34      1.70470778804     5.53678451382    
35      1.01000817904     6.15705162093    
36      1.00103308613     6.22219234354    
