 17           16          
 20           16          
 20           26          
 0            3           
 0            36          
 0            2           
 0            5           
 0            4           
 0            29          
 0            35          
 0            27          
 0            16          
 0            34          
 0            6           
 0            37          
 0            1           
 0            26          
 18           16          
 18           26          
 5            16          
 15           16          
 11           16          
 22           21          
 24           25          
 24           26          
 23           16          
 23           26          
 21           16          
 7            8           
 7            6           
 25           27          
 25           26          
 27           16          
 27           29          
 27           26          
 16           34          
 16           32          
 16           13          
 16           29          
 16           14          
 16           6           
 16           31          
 16           12          
 16           10          
 16           9           
 16           19          
 16           26          
 34           32          
 34           26          
 32           33          
 32           29          
 32           26          
 30           29          
 29           28          
 29           31          
 29           26          
 28           26          
 10           9           
 10           26          
 19           26          
