0       16.0595451999     0.0              
1       1.01037811641     0.005396927158   
2       1.0112622279      0.058121524629   
3       1.00662840336     0.113091478988   
4       1.05284692689     0.165018470116   
5       3.19030180314     0.380942369813   
6       4.26800793081     1.05896318883    
7       1.47459805545     1.14377648476    
8       1.00507174411     1.15277195632    
9       2.1975535999      2.18786182013    
10      5.07454670096     2.20061266092    
11      1.38698822202     2.59351772149    
12      1.25371393406     2.71654552732    
13      1.15434428147     2.81906120871    
14      1.08839876567     2.91121914922    
15      1.0586058476      3.00514775896    
16      46.9463343998     3.01367004089    
17      1.07018808943     3.09944825417    
18      3.61389419814     3.37595765387    
19      2.73236457841     3.72430536623    
20      2.27165503417     3.93535318442    
21      1.18314773722     4.05198291219    
22      1.00202403195     4.05591186542    
23      2.09582000924     4.21062933247    
24      1.00478491717     4.49292673828    
25      1.33193300686     4.49743767544    
26      20.0037750372     4.50064832419    
27      5.67664355691     4.60829962046    
28      1.40691431209     4.91876257635    
29      7.2515428511      4.99054845804    
30      1.00023283275     5.01448132969    
31      1.65838031697     5.0870626643     
32      3.91587056852     5.37076877245    
33      1.01634681541     5.37282119971    
34      4.60153958033     5.59359985157    
35      1.06130975771     6.12474851721    
36      1.0168083553      6.18363197638    
37      1.00139639357     6.23314704862    
