0       26.550493691      0.0              
1       1.00774784129     0.035317791676   
2       1.00385319263     0.077519209786   
3       1.00058827817     0.125755995911   
4       1.00529762842     0.171881217783   
5       1.14303204354     0.222547524626   
6       2.90257437409     0.365724838479   
7       3.19127564068     0.870050421298   
8       3.20645823184     0.911233648425   
9       1.00147284693     1.29718785854    
10      3.1414158525      1.30057358933    
11      1.00207101174     1.69545660877    
12      3.06089929811     1.70071712174    
13      1.00071528364     2.14736412812    
14      1.00041716159     2.20486481372    
15      1.0040532159      2.25805267639    
16      1.00025057624     2.30324144343    
17      38.4706974017     2.37223013213    
18      2.30224400084     2.43530909992    
19      2.01993148637     2.6053585102     
20      1.97613075903     2.74880256668    
21      2.13938771439     2.89974238134    
22      2.6462298131      3.12719847596    
23      54.2388968359     3.35808430594    
24      1.00252062184     3.47600009084    
25      2.85181462382     4.01818664894    
26      1.00207552187     4.0291136405     
27      1.52544192614     4.18620061352    
28      2.58843737645     4.21422197839    
29      1.01117870899     4.22513773475    
30      6.86890347281     4.41688083915    
31      2.16082643512     4.87847610631    
32      10.6299513153     4.95016873575    
33      6.0480784638      5.3784849046     
34      5.73810776918     5.72720691919    
35      6.27131397052     5.86399481545    
36      1.03491245647     6.08910457672    
37      1.0016432424      6.14773472871    
38      1.00133703208     6.1899486928     
39      1.00671846637     6.22863283453    
40      1.00184492959     6.27519098653    
