 20           17          
 20           23          
 19           17          
 19           23          
 0            35          
 0            40          
 0            2           
 0            36          
 0            38          
 0            6           
 0            39          
 0            3           
 0            37          
 0            7           
 0            30          
 0            17          
 0            34          
 0            33          
 0            32          
 0            10          
 0            5           
 0            4           
 0            1           
 0            23          
 18           17          
 18           23          
 6            23          
 7            8           
 7            23          
 15           17          
 26           25          
 29           28          
 22           17          
 22           23          
 25           17          
 25           23          
 14           17          
 28           27          
 28           30          
 28           23          
 16           17          
 30           17          
 30           32          
 30           23          
 17           10          
 17           35          
 17           21          
 17           8           
 17           12          
 17           34          
 17           33          
 17           32          
 17           13          
 17           23          
 34           33          
 34           35          
 34           23          
 33           32          
 33           23          
 9            10          
 32           31          
 32           35          
 32           23          
 31           23          
 27           23          
 35           23          
 24           23          
 8            23          
 12           11          
 12           23          
 21           23          
