 12           14          
 21           14          
 21           29          
 0            34          
 0            9           
 0            11          
 0            10          
 0            37          
 0            38          
 0            39          
 0            28          
 0            40          
 0            14          
 0            33          
 0            6           
 0            3           
 0            17          
 0            1           
 0            4           
 0            32          
 0            36          
 0            35          
 0            2           
 0            5           
 0            29          
 20           14          
 20           29          
 9            14          
 11           14          
 11           29          
 34           32          
 16           14          
 23           24          
 10           14          
 10           29          
 24           14          
 24           29          
 30           29          
 38           29          
 26           27          
 26           25          
 26           28          
 26           29          
 13           14          
 28           14          
 28           32          
 28           29          
 14           18          
 14           6           
 14           3           
 14           32          
 14           15          
 14           17          
 14           5           
 14           22          
 14           7           
 14           19          
 14           29          
 33           32          
 33           29          
 6            5           
 6            7           
 6            3           
 6            29          
 3            32          
 3            29          
 18           17          
 32           31          
 32           5           
 32           29          
 31           29          
 25           29          
 5            29          
 27           29          
 22           29          
 7            8           
 7            29          
 19           29          
