0       29.9949448886     0.0              
1       1.00570073798     0.009521185807   
2       1.00675594562     0.058457738314   
3       5.14204737776     0.227728548482   
4       1.15620040285     0.435619834183   
5       4.73808342198     0.697532635194   
6       5.91791983115     0.826327100252   
7       2.58748913824     1.04508264759    
8       1.00283452215     1.05668955666    
9       2.49264019153     1.35029314241    
10      4.08590725853     1.75093458191    
11      4.4731237292      2.34826992147    
12      1.00021202722     2.58008715044    
13      1.0001217856      2.65215878099    
14      35.9020113731     2.66574289992    
15      1.00711433842     2.71261844662    
16      1.00318874246     2.76159535226    
17      2.55721468598     2.90095578411    
18      1.00305353546     2.90114865523    
19      2.40254313188     3.15228370573    
20      2.22236280571     3.35243786348    
21      2.19177329269     3.53238774156    
22      2.18184978212     3.70586351664    
23      1.0032326123      3.90024801911    
24      2.25522666949     3.90789620164    
25      1.00266106646     4.30976021934    
26      1.79941489934     4.32956827057    
27      1.00405260925     4.34380365722    
28      6.58159526561     4.52271128224    
29      37.5966469939     4.65343183695    
30      1.00809346186     4.82092298972    
31      1.25401025389     5.28564539056    
32      13.141089508      5.46537405202    
33      2.0515943314      5.54026078169    
34      1.29352457136     5.6947912527     
35      1.01107880156     5.93846478901    
36      1.00253369971     5.99847190971    
37      1.00027708375     6.04976303472    
38      1.87045301002     6.12703394635    
39      1.00205878386     6.20200866175    
40      1.00108385925     6.24981036434    
