 19           14          
 13           14          
 13           0           
 13           34          
 0            10          
 0            42          
 0            39          
 0            5           
 0            9           
 0            8           
 0            12          
 0            6           
 0            24          
 0            11          
 0            49          
 0            45          
 0            7           
 0            31          
 0            27          
 0            2           
 0            14          
 0            47          
 0            33          
 0            32          
 0            46          
 0            43          
 0            25          
 0            1           
 0            44          
 0            3           
 0            36          
 0            48          
 0            41          
 0            22          
 0            4           
 0            35          
 0            34          
 42           14          
 39           14          
 39           38          
 39           34          
 5            14          
 9            14          
 10           14          
 8            14          
 12           14          
 23           24          
 21           14          
 6            14          
 24           27          
 24           22          
 24           14          
 24           25          
 11           14          
 17           14          
 30           31          
 30           29          
 30           34          
 7            14          
 15           14          
 27           26          
 27           14          
 27           28          
 27           25          
 14           47          
 14           33          
 14           32          
 14           25          
 14           36          
 14           48          
 14           22          
 14           28          
 14           4           
 14           16          
 14           38          
 14           18          
 14           20          
 14           35          
 14           34          
 47           48          
 33           32          
 33           34          
 32           25          
 32           34          
 40           41          
 25           36          
 25           22          
 25           34          
 36           34          
 37           38          
 35           34          
