0       71.8025696047     0.0              
1       1.00559591994     0.003760799577   
2       1.00790373818     0.050342358263   
3       1.0068251061      0.09908922296    
4       2.58530270081     0.212147558076   
5       2.4138160083      0.385951026808   
6       2.28612205674     0.546023008095   
7       2.21061547871     0.680735807721   
8       2.13477024156     0.804830771334   
9       2.10009045459     0.920113210065   
10      2.16283486064     1.03434365855    
11      2.24784000982     1.16833459588    
12      2.31919321249     1.31894147379    
13      6.26540897705     1.6455698383     
14      78.0641699031     1.81023664632    
15      1.00215427803     1.87152809206    
16      1.00405227395     1.92274567325    
17      1.00161296112     1.96396953439    
18      1.00735404353     2.01268990272    
19      1.00419602055     2.06687170703    
20      1.03706277271     2.12714411915    
21      1.08891348925     2.19708180866    
22      4.00435218059     2.75005941227    
23      1.00035102519     2.85894957779    
24      6.34427573157     2.86965186513    
25      12.4924077506     3.05109490274    
26      1.00576744499     3.27618635998    
27      4.94954867336     3.28550297132    
28      1.43013021675     3.31900037796    
29      1.00241131315     3.71079502519    
30      1.74374050929     3.7207655258     
31      1.44750059293     3.73536193723    
32      5.38387242024     3.96051481362    
33      3.53901842453     4.00120125718    
34      16.7012653632     4.20239879151    
35      2.8844679581      4.28296461597    
36      5.6770219699      4.5669304506     
37      1.0063336232      4.91940926222    
38      1.94543947964     4.92721023191    
39      4.6681711063      4.99514665534    
40      1.00120107777     5.30277562292    
41      1.53916258857     5.30367893387    
42      3.25452315782     5.64160219629    
43      1.10567560116     5.82345040368    
44      1.040071488       5.88107168055    
45      1.0023400279      5.9478172594     
46      1.00695653939     5.99890526116    
47      2.96455797421     6.11914664108    
48      2.91504267368     6.12348034278    
49      1.00682851572     6.23768448215    
