 15           14          
 20           14          
 20           0           
 20           23          
 0            44          
 0            5           
 0            12          
 0            2           
 0            10          
 0            8           
 0            7           
 0            43          
 0            45          
 0            51          
 0            4           
 0            6           
 0            35          
 0            50          
 0            14          
 0            41          
 0            40          
 0            49          
 0            1           
 0            38          
 0            3           
 0            11          
 0            48          
 0            39          
 0            46          
 0            47          
 0            37          
 0            9           
 0            19          
 5            14          
 24           14          
 24           23          
 12           14          
 10           14          
 8            14          
 42           43          
 17           14          
 7            14          
 43           14          
 28           30          
 45           14          
 45           46          
 18           14          
 31           30          
 31           32          
 6            14          
 32           30          
 30           29          
 30           23          
 13           14          
 35           34          
 35           14          
 35           33          
 35           36          
 35           38          
 35           23          
 14           16          
 14           11          
 14           41          
 14           40          
 14           38          
 14           39          
 14           37          
 14           9           
 14           21          
 14           26          
 14           22          
 14           19          
 41           40          
 41           23          
 40           38          
 40           23          
 38           39          
 38           37          
 38           23          
 39           23          
 21           23          
 27           26          
 26           25          
 26           23          
 25           23          
 22           23          
 23           19          
