0       70.8604358617     0.0              
1       1.00177468409     0.031102246938   
2       1.00996051593     0.068236772209   
3       1.00199814388     0.119524386212   
4       1.00160538951     0.168169291371   
5       3.17107100321     0.294403907263   
6       2.98127525893     0.505365027075   
7       2.89653881497     0.695496065973   
8       2.85928147975     0.875348946733   
9       2.80277088673     1.05126725665    
10      2.79759367267     1.22300063779    
11      2.91415456492     1.39078465505    
12      3.08369398684     1.58765288814    
13      1.00431059058     1.69840697513    
14      78.1805005409     1.73163099164    
15      1.00125534083     1.74905755268    
16      1.0024927713      1.79519232448    
17      1.00309603189     1.84529836881    
18      1.00139686321     1.90341774003    
19      5.62671376713     2.17811227866    
20      4.44328107881     2.55289794018    
21      2.03789347849     2.75045826225    
22      1.89706310754     2.83474893362    
23      21.4349659048     2.89107029659    
24      1.90498574666     2.91840856064    
25      1.21155564278     3.03481171165    
26      2.92547464952     3.05101176218    
27      1.00170273862     3.06014861015    
28      1.25192295238     3.44041218597    
29      1.00386070515     3.46954471319    
30      3.16955026148     3.47785652218    
31      1.00358194348     3.49458987071    
32      1.07912395398     3.49693016513    
33      1.00008862653     3.64062626484    
34      1.00301044326     3.65978379737    
35      5.88381796595     3.66462654775    
36      1.01567568701     3.68434808786    
37      3.31085193509     3.94104344421    
38      10.3944098494     3.99649669989    
39      5.24328927082     4.13797759053    
40      8.99514923069     4.62641714697    
41      6.71864017881     4.70525349797    
42      1.00274248906     5.11140419333    
43      3.81162472661     5.11296871985    
44      1.3140394033      5.87233106102    
45      3.55683318705     6.0072865412     
46      1.16681614301     6.00807628289    
47      1.0114026138      6.10275512383    
48      1.00466534826     6.14205898107    
49      1.00097466453     6.18976995932    
50      1.00151332903     6.23120719584    
51      1.0014631778      6.2734497161     
