 36           14          
 36           35          
 18           14          
 18           0           
 18           22          
 0            3           
 0            9           
 0            7           
 0            8           
 0            10          
 0            4           
 0            41          
 0            5           
 0            49          
 0            1           
 0            50          
 0            32          
 0            52          
 0            14          
 0            44          
 0            39          
 0            38          
 0            43          
 0            46          
 0            51          
 0            35          
 0            48          
 0            6           
 0            47          
 0            34          
 0            45          
 0            2           
 0            37          
 0            25          
 0            17          
 0            22          
 13           14          
 20           14          
 20           22          
 9            14          
 7            14          
 8            14          
 10           14          
 40           41          
 33           32          
 15           14          
 4            14          
 41           14          
 29           30          
 29           28          
 5            14          
 35           34          
 35           32          
 35           37          
 35           14          
 35           38          
 35           22          
 12           14          
 27           28          
 28           26          
 26           22          
 42           43          
 32           14          
 32           31          
 32           22          
 14           39          
 14           38          
 14           6           
 14           34          
 14           37          
 14           11          
 14           25          
 14           24          
 14           16          
 14           19          
 14           17          
 14           22          
 44           43          
 39           38          
 39           22          
 34           22          
 21           22          
 25           24          
 25           22          
 23           22          
 24           22          
 19           22          
 17           22          
