 40           16          
 40           42          
 40           36          
 26           16          
 26           0           
 26           27          
 0            2           
 0            8           
 0            43          
 0            9           
 0            7           
 0            10          
 0            44          
 0            12          
 0            1           
 0            3           
 0            6           
 0            36          
 0            53          
 0            16          
 0            47          
 0            46          
 0            11          
 0            52          
 0            4           
 0            42          
 0            48          
 0            5           
 0            51          
 0            34          
 0            50          
 0            49          
 0            22          
 0            13          
 21           16          
 41           16          
 41           42          
 8            16          
 43           44          
 43           16          
 43           42          
 9            16          
 7            16          
 45           44          
 38           39          
 19           16          
 10           16          
 44           36          
 44           16          
 44           46          
 44           42          
 44           27          
 31           30          
 31           33          
 12           16          
 12           11          
 17           16          
 39           36          
 6            16          
 32           33          
 33           27          
 18           16          
 36           34          
 36           37          
 36           16          
 36           35          
 36           42          
 36           27          
 16           23          
 16           14          
 16           5           
 16           47          
 16           46          
 16           42          
 16           34          
 16           11          
 16           15          
 16           22          
 16           25          
 16           29          
 16           20          
 16           24          
 16           13          
 16           27          
 23           27          
 47           46          
 47           42          
 47           27          
 46           42          
 42           34          
 42           27          
 34           27          
 30           27          
 22           27          
 25           27          
 29           27          
 28           27          
 24           27          
 13           27          
