0       46.1948346101     0.0              
1       1.00200513725     0.015481371535   
2       1.00551622037     0.051167022739   
3       1.00374888842     0.086018178659   
4       1.00052984427     0.131348509363   
5       2.19108370538     0.202151216477   
6       2.16167348613     0.318364492427   
7       2.13966950829     0.427763051236   
8       2.15055681889     0.534398122683   
9       2.29800059549     0.645252952072   
10      2.43426871994     0.786724854544   
11      2.8295139299      1.0009921224     
12      2.86234035849     1.00124004605    
13      5.40323201365     1.47957521562    
14      1.00300069971     1.6816039683     
15      1.00244591172     1.73910633918    
16      81.4271597333     1.78547761217    
17      1.00692194357     1.79933287419    
18      1.00727146479     1.85417231285    
19      1.00274785485     1.91139923382    
20      1.0008711685      1.96953470883    
21      1.03723550113     2.03020147685    
22      4.99598109493     2.29258522045    
23      2.18625160887     2.61648361598    
24      1.94377862065     2.74063044882    
25      1.7691574035      2.84449697706    
26      3.78626785729     2.98786201256    
27      27.5130090468     3.02248069324    
28      1.00248183757     3.10069573708    
29      2.16240888762     3.20678945862    
30      1.14316208596     3.42788455137    
31      1.1299214916      3.43062294676    
32      1.00261515261     3.46130555857    
33      2.00588307969     3.46421248212    
34      7.33492473206     4.13630391862    
35      1.00143578866     4.45154970377    
36      10.2580933999     4.47915012274    
37      1.00087242704     4.49631228182    
38      1.00970278508     4.58915107611    
39      1.07392870602     4.59001468931    
40      2.59904452926     4.68304860176    
41      1.74141242394     4.86532454299    
42      14.9291526907     4.90866852353    
43      3.20990933587     5.069596347      
44      7.93637079225     5.1534647968     
45      1.00252501329     5.16471707113    
46      5.43205544771     5.4820736247     
47      6.31750331163     5.64495024231    
48      1.0005817432      6.05540760465    
49      1.00020467214     6.09835223196    
50      1.00355863411     6.14401409501    
51      1.00761603916     6.18858567447    
52      1.00196796856     6.22473824232    
53      1.00631721662     6.26131756092    
