0       64.9470329981     0.0              
1       1.00347368676     0.004317691528   
2       1.00037385862     0.048509801747   
3       2.30967680089     0.145827512837   
4       2.15080661156     0.294218900792   
5       2.06723295277     0.416577649822   
6       1.98780611194     0.52857435114    
7       1.94524558242     0.627946607787   
8       1.92730611051     0.724307640674   
9       1.93835666609     0.822481474831   
10      2.09104599115     0.94456683373    
11      2.0919308211      0.950399031682   
12      4.03379334332     1.18539676158    
13      1.00398306535     1.18952158199    
14      1.00791050305     1.33781175942    
15      70.0267995276     1.43348744445    
16      3.70416882158     1.45604943311    
17      1.00046302776     1.56271203083    
18      1.00105633032     1.60537512248    
19      1.00194710114     1.65050078509    
20      3.5997052651      1.77184967592    
21      4.59813870579     2.15665040439    
22      4.59562118509     2.17316578983    
23      10.3619321857     2.40810341135    
24      3.3431474951      2.44306851104    
25      2.45991921757     2.58904011546    
26      2.02276105531     2.77851969938    
27      2.02589256547     2.88555493158    
28      2.10810519938     2.99418556373    
29      2.18399421965     3.12191717784    
30      2.22903718808     3.26883815758    
31      1.00268634422     3.34459456278    
32      48.7293495541     3.38099589692    
33      1.00102114321     3.39047916389    
34      1.00251548343     3.43022896536    
35      1.00322208554     3.4748578444     
36      1.00055691512     3.52184911378    
37      2.27864414219     3.63013969355    
38      10.8985871241     4.08255317189    
39      1.00626157471     4.10381281237    
40      1.00035219551     4.41965780876    
41      1.00014469277     4.43335278177    
42      2.0124586586      4.43402914147    
43      1.62143316346     4.4592244763     
44      1.00181723938     4.98212945812    
45      15.3602403593     5.0154457321     
46      1.00030196398     5.03202382406    
47      1.03150361894     5.95963913551    
48      1.00748861099     6.00990762226    
49      1.00192414615     6.05402258403    
50      1.00140386925     6.10171427518    
51      1.00424809483     6.14957149843    
52      1.00143529826     6.1964483559     
53      1.00255827456     6.24298385023    
