 44           45          
 20           15          
 20           0           
 20           32          
 0            50          
 0            4           
 0            9           
 0            49          
 0            7           
 0            5           
 0            6           
 0            38          
 0            11          
 0            52          
 0            37          
 0            3           
 0            45          
 0            51          
 0            15          
 0            22          
 0            21          
 0            10          
 0            30          
 0            2           
 0            23          
 0            47          
 0            8           
 0            48          
 0            1           
 0            53          
 0            24          
 0            12          
 0            16          
 0            32          
 4            15          
 27           15          
 27           32          
 9            15          
 7            15          
 5            15          
 39           38          
 41           42          
 19           15          
 6            15          
 38           45          
 38           15          
 38           21          
 38           32          
 33           32          
 11           15          
 11           10          
 37           32          
 17           15          
 42           43          
 42           40          
 42           32          
 3            15          
 43           32          
 45           15          
 45           46          
 45           23          
 45           32          
 25           15          
 25           23          
 25           32          
 15           18          
 15           8           
 15           14          
 15           22          
 15           21          
 15           23          
 15           10          
 15           24          
 15           28          
 15           12          
 15           26          
 15           29          
 15           13          
 15           16          
 15           32          
 22           21          
 22           23          
 22           32          
 21           23          
 30           32          
 23           24          
 23           32          
 31           32          
 24           32          
 36           32          
 28           32          
 12           13          
 12           32          
 26           32          
 29           32          
 34           32          
 35           32          
 16           32          
