 37           32          
 37           38          
 8            14          
 8            0           
 8            23          
 0            49          
 0            6           
 0            43          
 0            5           
 0            7           
 0            42          
 0            41          
 0            50          
 0            4           
 0            1           
 0            32          
 0            45          
 0            14          
 0            21          
 0            22          
 0            40          
 0            48          
 0            46          
 0            28          
 0            44          
 0            3           
 0            2           
 0            47          
 0            27          
 0            38          
 0            9           
 0            23          
 13           14          
 18           14          
 18           23          
 6            14          
 43           42          
 12           14          
 5            14          
 33           32          
 10           14          
 7            14          
 42           14          
 42           23          
 25           23          
 41           40          
 16           14          
 35           34          
 35           36          
 35           23          
 36           34          
 34           23          
 32           14          
 32           31          
 32           28          
 32           23          
 14           15          
 14           30          
 14           21          
 14           22          
 14           28          
 14           29          
 14           27          
 14           11          
 14           38          
 14           19          
 14           17          
 14           39          
 14           20          
 14           9           
 14           23          
 30           29          
 21           22          
 21           23          
 22           28          
 22           23          
 28           29          
 28           27          
 28           23          
 29           23          
 24           23          
 27           23          
 38           39          
 38           23          
 19           23          
 17           23          
 26           23          
 20           23          
 9            23          
