0       56.3578587307     0.0              
1       1.00381265093     0.023171873361   
2       1.00447644357     0.05926648624    
3       1.01322363342     0.105871264362   
4       1.00979846112     0.161716722527   
5       3.06320950518     0.32726390294    
6       2.92250525519     0.598230785867   
7       2.94204388073     0.866953997187   
8       5.84173049933     1.3472422209     
9       5.27220059962     1.98782675561    
10      1.00466254931     2.18020127886    
11      1.0085793827      2.22698357332    
12      1.00491127346     2.27647243007    
13      1.00062584076     2.32342325268    
14      70.1012815434     2.34328223687    
15      1.00028140599     2.36552608181    
16      1.00898408999     2.41649199428    
17      2.06028263879     2.67268700924    
18      1.82258582102     2.78727342666    
19      1.68870032928     2.88156118864    
20      1.58317011991     2.96247006153    
21      4.02698026479     3.13717908826    
22      6.09632810302     3.19072535415    
23      44.8469683813     3.27427674864    
24      1.00341001793     3.34589372766    
25      1.01078890887     3.39232623255    
26      1.00442277784     3.43864076773    
27      4.21200449529     3.65169444556    
28      10.0818314815     3.72839723002    
29      2.80823481541     3.90939160821    
30      1.3033395246      3.91516276151    
31      1.00128214475     4.25119892983    
32      6.61306373281     4.2599893588     
33      1.00650450299     4.28608688106    
34      1.66459105155     4.3975836155     
35      1.60228330219     4.39912958051    
36      1.00008504582     4.40230053152    
37      2.16005753402     4.64378004181    
38      5.23187491345     4.69884643173    
39      2.04839620087     4.74182747985    
40      1.7691324618      5.45704929914    
41      1.7612377538      5.45972444965    
42      6.01562533231     5.72609327573    
43      1.5894011438      5.75259142689    
44      1.12680687951     6.01174570276    
45      1.00941640352     6.07099758322    
46      1.00170292453     6.11739525896    
47      1.00889828741     6.1567876871     
48      1.00093526899     6.19365781041    
49      1.00006797286     6.23456146804    
50      1.01395583485     6.27340533701    
