0       54.2133633997     0.0              
1       1.00597247604     0.020321219488   
2       1.00333356717     0.067503768328   
3       1.00125328395     0.11111314561    
4       1.00327511892     0.155650364056   
5       3.08968186862     0.292994450063   
6       3.14581414437     0.541591279175   
7       3.21538819241     0.783752392261   
8       3.48510226629     1.09115600024    
9       7.16980900918     1.72692194027    
10      1.00681998198     2.05697386078    
11      1.00715761968     2.11460674737    
12      1.01028483288     2.16788149566    
13      89.1017012968     2.20440154853    
14      1.00026509893     2.21877700081    
15      1.00014273684     2.27469127464    
16      1.00683692635     2.32755631225    
17      1.00650135068     2.38697709538    
18      1.14914109935     2.69374104535    
19      6.20977781039     2.71787427826    
20      1.0002735159      2.72468169251    
21      2.72276501315     2.79643237054    
22      1.84515281314     3.02194514819    
23      1.65823913785     3.10302180024    
24      1.60466639035     3.1681189864     
25      1.00167269094     3.21628957841    
26      27.0216793723     3.23376707241    
27      1.01117589686     3.25767485208    
28      1.00018773067     3.290094802      
29      3.34092389885     3.36915623172    
30      3.51711125197     3.54323046904    
31      2.75776925109     3.80864322548    
32      3.58817270857     3.92792034343    
33      1.6582681187      3.92948840436    
34      7.83831295719     3.93472775768    
35      3.66092584114     4.10613550496    
36      1.00034376817     4.21692629364    
37      6.72167540587     4.2246714735     
38      1.00170835187     4.40230053152    
39      1.94355381938     4.406881876      
40      1.94573081099     4.40722417542    
41      1.65404173496     4.4197720334     
42      2.17155529789     4.71185643139    
43      8.03813622591     4.75620031058    
44      1.0034306638      4.76688649413    
45      1.89591859312     5.49466239758    
46      1.87239061293     5.49888824126    
47      3.61934507246     5.89496579767    
48      1.01396701718     6.08583096397    
49      1.00977717318     6.12772566083    
50      1.00017025079     6.17459867961    
51      1.0032241418      6.21888563373    
52      1.00357778791     6.25941590785    
