 10           13          
 29           13          
 29           0           
 29           26          
 0            4           
 0            9           
 0            47          
 0            6           
 0            8           
 0            43          
 0            7           
 0            52          
 0            49          
 0            40          
 0            5           
 0            13          
 0            32          
 0            46          
 0            50          
 0            1           
 0            34          
 0            48          
 0            51          
 0            3           
 0            2           
 0            31          
 0            19          
 0            30          
 9            13          
 9            26          
 24           13          
 24           26          
 47           13          
 42           43          
 42           13          
 14           13          
 6            13          
 44           43          
 41           40          
 41           39          
 41           37          
 12           13          
 8            13          
 43           37          
 43           13          
 43           26          
 28           26          
 7            13          
 15           13          
 40           39          
 40           38          
 5            13          
 38           39          
 39           26          
 20           19          
 37           35          
 37           13          
 37           36          
 37           34          
 37           26          
 16           13          
 13           17          
 13           45          
 13           32          
 13           33          
 13           34          
 13           35          
 13           31          
 13           11          
 13           19          
 13           22          
 13           21          
 13           18          
 13           23          
 13           30          
 13           26          
 45           46          
 32           33          
 32           34          
 32           26          
 33           34          
 34           35          
 34           31          
 34           26          
 35           26          
 27           26          
 19           21          
 19           18          
 19           26          
 22           26          
 21           26          
 25           26          
 23           26          
 30           26          
