0       77.3611917214     0.0              
1       1.00514944656     0.018461417585   
2       1.00183675001     0.045848273924   
3       1.00216738825     0.071425886808   
4       1.00022349082     0.096305044085   
5       1.01059095691     0.124257780543   
6       1.01541633225     0.154335001746   
7       3.64961046169     0.328599956763   
8       3.44299164434     0.574521869427   
9       3.38775809844     0.781699344732   
10      3.41497673157     1.00234821235    
11      1.45998246949     1.4533602854     
12      7.64422035219     1.45339399103    
13      1.00204077024     1.73627581506    
14      1.00109704587     1.78195612258    
15      1.00698619102     1.8230829864     
16      86.0584771396     1.82395334074    
17      1.00683127781     1.86561275355    
18      1.00082772292     1.90449594576    
19      1.00070928557     1.93660842541    
20      7.00260327981     2.22636039362    
21      3.255016121       2.6584898223     
22      3.15380130065     2.84967266419    
23      3.02747370287     3.03403011549    
24      11.7371440472     3.47020646711    
25      1.01649490797     3.47832390695    
26      1.00307057233     3.61626945125    
27      61.3047067933     3.62215745074    
28      1.00183430904     3.64394589514    
29      1.00524426582     3.67218335057    
30      1.00614987264     3.6999627839     
31      1.00325319253     3.73362085405    
32      8.16242172471     3.87838467331    
33      5.51356528664     3.94602176614    
34      1.00126013821     4.40230053152    
35      2.10102551131     4.40445169989    
36      2.06673382371     4.40572801984    
37      1.91487516765     4.4173950373     
38      9.80725352359     4.56155515122    
39      1.00225460005     4.56703006946    
40      1.00686352023     4.89864218187    
41      1.00053165583     4.89945162029    
42      1.00174225221     4.99012649395    
43      5.88849168106     4.9949351993     
44      1.00074620868     5.37789283825    
45      2.59046325651     5.38109894611    
46      2.18446495313     5.39958395764    
47      1.2540070841      6.05136817184    
48      1.0861052424      6.10125962364    
49      1.00499096794     6.13016576137    
50      1.00065668993     6.15890692875    
51      1.00037669093     6.18918067251    
52      1.00991403781     6.21588864124    
53      1.00194137057     6.24503998744    
54      1.0085166252      6.27354053405    
