 22           16          
 22           27          
 0            52          
 0            10          
 0            8           
 0            1           
 0            9           
 0            7           
 0            43          
 0            47          
 0            50          
 0            6           
 0            53          
 0            38          
 0            4           
 0            16          
 0            46          
 0            33          
 0            32          
 0            45          
 0            2           
 0            5           
 0            24          
 0            3           
 0            49          
 0            54          
 0            51          
 0            48          
 0            12          
 0            20          
 0            27          
 10           16          
 21           16          
 21           27          
 8            16          
 18           16          
 9            16          
 42           43          
 37           36          
 37           35          
 37           38          
 19           16          
 7            16          
 43           16          
 43           27          
 28           27          
 15           16          
 36           35          
 36           34          
 36           27          
 14           16          
 34           35          
 35           27          
 44           45          
 38           16          
 38           39          
 38           24          
 38           27          
 16           17          
 16           33          
 16           32          
 16           24          
 16           13          
 16           12          
 16           11          
 16           23          
 16           20          
 16           27          
 46           45          
 33           32          
 33           27          
 32           24          
 32           27          
 24           25          
 24           27          
 25           27          
 31           27          
 40           41          
 12           11          
 12           27          
 26           27          
 29           27          
 30           27          
 23           27          
 20           27          
