 37           33          
 28           19          
 28           33          
 0            52          
 0            14          
 0            7           
 0            10          
 0            5           
 0            6           
 0            45          
 0            9           
 0            11          
 0            38          
 0            54          
 0            53          
 0            43          
 0            2           
 0            19          
 0            47          
 0            22          
 0            23          
 0            48          
 0            4           
 0            3           
 0            25          
 0            51          
 0            8           
 0            55          
 0            26          
 0            1           
 0            50          
 0            24          
 0            13          
 0            49          
 0            33          
 14           19          
 27           19          
 27           33          
 7            19          
 10           19          
 10           33          
 15           19          
 5            19          
 46           45          
 42           41          
 42           40          
 42           43          
 21           19          
 6            19          
 45           19          
 45           43          
 45           33          
 36           33          
 9            19          
 11           19          
 25           26          
 25           43          
 25           24          
 25           19          
 25           23          
 25           33          
 18           19          
 41           40          
 41           39          
 41           33          
 39           40          
 39           33          
 40           33          
 20           19          
 43           19          
 43           44          
 43           33          
 19           47          
 19           16          
 19           22          
 19           23          
 19           8           
 19           26          
 19           24          
 19           17          
 19           13          
 19           30          
 19           29          
 19           49          
 19           33          
 47           48          
 47           33          
 22           23          
 22           33          
 23           33          
 38           33          
 26           33          
 34           33          
 24           33          
 32           33          
 13           12          
 13           33          
 30           33          
 31           33          
 35           33          
 29           33          
 49           33          
