0       70.7312315655     0.0              
1       1.0               0.035944903694   
2       1.0               0.07305368161    
3       1.0               0.111202465537   
4       1.0               0.153472324806   
5       2.62208679802     0.251699994348   
6       2.50630784046     0.41136994234    
7       2.48194036882     0.566463601699   
8       2.37890397666     0.712779378075   
9       2.35444488642     0.844792731041   
10      4.48470707939     1.04604344537    
11      2.32079121299     1.24242669185    
12      1.0               1.44529434027    
13      4.70785459203     1.45087018817    
14      2.63609267063     1.74755240894    
15      1.0               1.96096636253    
16      1.00026191759     2.01820714026    
17      1.0               2.06851504387    
18      1.0               2.12265115833    
19      80.3707128819     2.14269140392    
20      1.00117115286     2.16646436107    
21      1.0               2.21836803913    
22      4.45603134007     2.40942542116    
23      6.99746973855     2.49348389817    
24      4.01519904009     2.97672492255    
25      11.5810921494     3.05616984748    
26      4.13968234954     3.24655386587    
27      1.88981753038     3.4441224271     
28      1.9462783377      3.54500450883    
29      1.92140665817     3.64474172258    
30      2.02486526189     3.74152969348    
31      1.0042802584      3.81917698467    
32      1.0               3.86191947181    
33      50.4403034574     3.8993308514     
34      1.0               3.90234263692    
35      1.0               3.93911360949    
36      1.0               3.97488876788    
37      1.0               4.02541912867    
38      2.13545384437     4.18614668451    
39      1.06075771582     4.39984900851    
40      1.41659820449     4.40445169989    
41      1.39015684228     4.40572801984    
42      1.33806579749     4.41824404473    
43      9.94711665452     4.58950086567    
44      1.0               4.60979952111    
45      5.3696931388      4.81758013998    
46      1.0               4.82319025527    
47      4.44507156443     5.31375541997    
48      1.62161030675     5.31891228813    
49      5.32973007643     5.85610741655    
50      1.0               6.0828445513     
51      1.0               6.1263749076     
52      1.0               6.16518450918    
53      1.0               6.20586505425    
54      1.00177574382     6.24386815495    
55      1.00696255411     6.28130743531    
