 33           31          
 24           13          
 24           31          
 0            52          
 0            20          
 0            6           
 0            9           
 0            3           
 0            8           
 0            42          
 0            5           
 0            55          
 0            34          
 0            54          
 0            53          
 0            40          
 0            2           
 0            13          
 0            44          
 0            18          
 0            19          
 0            45          
 0            48          
 0            49          
 0            21          
 0            51          
 0            7           
 0            50          
 0            23          
 0            1           
 0            4           
 0            22          
 0            10          
 0            47          
 0            31          
 20           13          
 20           21          
 35           13          
 35           31          
 6            13          
 9            13          
 14           13          
 3            13          
 43           42          
 39           38          
 39           40          
 12           13          
 8            13          
 42           13          
 42           40          
 42           31          
 32           31          
 5            13          
 21           23          
 21           40          
 21           22          
 21           13          
 21           19          
 21           31          
 11           13          
 38           36          
 38           37          
 38           31          
 37           36          
 37           31          
 36           31          
 46           13          
 46           45          
 40           13          
 40           41          
 40           31          
 13           44          
 13           16          
 13           18          
 13           19          
 13           7           
 13           22          
 13           15          
 13           10          
 13           27          
 13           26          
 13           17          
 13           25          
 13           47          
 13           31          
 44           45          
 44           31          
 18           19          
 18           31          
 19           31          
 34           31          
 23           31          
 29           31          
 22           31          
 28           31          
 10           31          
 27           31          
 26           31          
 30           31          
 25           31          
 47           31          
