0       68.1941929917     0.0              
1       1.00056742297     0.03168423086    
2       1.00235380862     0.073053681607   
3       2.52097583172     0.155546531982   
4       1.00004945317     0.242352111669   
5       2.52907206771     0.381235421562   
6       2.44765145117     0.556428124115   
7       2.46426602372     0.721163092411   
8       2.49489695339     0.891263622901   
9       2.57561114472     1.08175849538    
10      5.56766024267     1.45087018817    
11      1.00323651419     1.77793953471    
12      1.00644818148     1.83938190678    
13      85.8483030599     1.88271124643    
14      1.0017211321      1.89953073158    
15      1.01043161111     1.95372676717    
16      1.01101043667     2.00222804888    
17      1.00402037024     2.06091592176    
18      4.68627614666     2.28391351021    
19      7.39032492475     2.37052837219    
20      2.81495328623     2.83826218405    
21      13.5797585455     3.03383761887    
22      4.32157938487     3.08399010207    
23      2.80364119654     3.30462717272    
24      2.04021933613     3.49364461497    
25      2.01176217874     3.59379902955    
26      2.02763627455     3.69097536423    
27      2.06645865794     3.7877296295     
28      1.00168437943     3.86054278397    
29      1.00251403921     3.90234263692    
30      1.00512354379     3.93495845401    
31      44.2584360044     3.9634176176     
32      1.00365206093     3.97488876788    
33      1.002442396       4.01961202269    
34      2.12751839091     4.10430903418    
35      2.08719658757     4.21814156895    
36      1.15499282282     4.39862099997    
37      1.10224737466     4.39984900851    
38      1.58213608764     4.40572801984    
39      1.20958674438     4.42204079698    
40      9.70340586486     4.59451439126    
41      1.00056423072     4.59927325207    
42      5.35316693438     4.81758013998    
43      1.00671087745     4.82319025527    
44      4.43854064954     5.2918253651     
45      1.95635701171     5.35521241174    
46      1.30916369456     5.36099999654    
47      5.24006558767     5.80207784934    
48      1.00102178477     6.00726687958    
49      1.00082954188     6.05079292905    
50      1.00091799455     6.08943325345    
51      1.00336487352     6.12588205635    
52      1.00475130367     6.15986856917    
53      1.00060413462     6.19946978498    
54      1.00408507853     6.23736287424    
55      1.00467725683     6.27360831982    
