0       18.7409680151     0.0              
1       1.00169117553     0.007808003405   
2       1.00042554407     0.029184770953   
3       1.11026434959     0.054750025106   
4       1.71350939261     0.121901475948   
5       1.00933605888     0.123691806796   
6       4.13391480057     0.219695559978   
7       4.73831050028     0.424179206228   
8       1.00203521224     0.752885335735   
9       6.63349630375     0.758345648208   
10      3.86202471933     0.824583770034   
11      2.89312398298     1.38249924881    
12      6.19721150583     1.68747979632    
13      4.86897174272     1.79251609726    
14      1.33217177831     1.91250927265    
15      6.25584330381     1.9135193181     
16      1.00986863143     2.04647305822    
17      1.00419400603     2.07648380442    
18      1.0071314867      2.10839704633    
19      1.00079088393     2.13559674278    
20      72.491175211      2.13692774076    
21      1.01046140508     2.16910987872    
22      1.00826376077     2.20130924399    
23      1.01661298585     2.23612079579    
24      1.12065341154     2.26979983834    
25      1.2261533392      2.31218354775    
26      1.35528030168     2.35245765906    
27      1.58752907257     2.41053134042    
28      1.80087250849     2.48136222919    
29      5.70559330496     2.92213602909    
30      4.53490327877     3.30762210543    
31      4.98156540504     3.6235727128     
32      37.2941072203     3.71253123977    
33      1.0009171797      3.74163605347    
34      3.15731312882     4.30534478147    
35      1.75586379058     4.31664328401    
36      1.00030448355     4.35931424031    
37      5.85316051672     4.36630366497    
38      1.00436228403     4.37809314623    
39      3.50604205189     4.44472618571    
40      1.00356753978     5.51310691553    
41      6.69986989415     5.5158200317     
42      5.09310725769     5.89933048983    
43      4.40021667865     6.14660128319    
44      1.00229089836     6.24736445894    
45      1.0002934474      6.26851184093    
