 18           20          
 22           20          
 0            9           
 0            4           
 0            3           
 0            2           
 0            7           
 0            43          
 0            45          
 0            41          
 0            20          
 0            6           
 0            1           
 0            42          
 0            44          
 28           20          
 30           20          
 30           32          
 5            4           
 11           20          
 6            20          
 19           20          
 9            20          
 9            10          
 9            8           
 29           20          
 29           32          
 27           20          
 43           20          
 13           20          
 13           12          
 13           15          
 26           20          
 37           39          
 37           36          
 37           35          
 37           34          
 37           38          
 37           32          
 34           35          
 34           32          
 16           20          
 10           20          
 20           41          
 20           21          
 20           14          
 20           15          
 20           12          
 20           7           
 20           17          
 20           24          
 20           25          
 20           23          
 20           31          
 20           32          
 41           40          
 14           15          
 15           32          
 42           32          
 12           32          
 33           32          
 39           32          
 31           32          
