0       41.7125329386     0.0              
1       1.00037295053     0.028986937616   
2       1.00138383887     0.076750721363   
3       1.00138045831     0.133216831301   
4       1.00220226608     0.134416564566   
5       1.00108178626     0.192979164847   
6       2.63123143176     0.302978058423   
7       2.53256293866     0.487824990405   
8       2.5405297011      0.675899423957   
9       2.64305902655     0.875339584058   
10      5.45484413624     1.32204726057    
11      1.18266864355     1.71429375053    
12      3.00325884071     1.84885019347    
13      3.15250982933     1.90813315802    
14      1.00172533258     1.91944926239    
15      1.0037268377      2.03966601847    
16      1.00804622492     2.08831672849    
17      66.3349844767     2.11995882731    
18      1.00081821766     2.14174053058    
19      1.00994412173     2.19527930633    
20      1.00002393834     2.24900084151    
21      1.00271143005     2.29673663086    
22      2.57758672609     2.44795620226    
23      2.28701778905     2.62111065032    
24      2.09364888102     2.74968565426    
25      2.01643833194     2.85728339602    
26      1.94623149819     2.9688520358     
27      1.88232287688     3.07443081018    
28      2.10369906711     3.28551495555    
29      6.91062498563     3.35667578501    
30      44.6309138561     3.51436084575    
31      5.93330931617     3.52557583322    
32      1.00831912383     3.69605442855    
33      1.00116474179     3.7483674428     
34      1.00332153667     4.00612340305    
35      1.82044746203     4.00812776467    
36      1.76136640929     4.02036066224    
37      1.24864363106     4.0416622475     
38      1.53196942196     4.21474703724    
39      10.0604700404     4.2972681629     
40      1.00148679724     4.29890663115    
41      5.14812200671     4.48478233394    
42      14.201859948      4.65315694879    
43      2.78463892885     4.8656233996     
44      4.34981244572     5.10670303002    
45      1.00003007645     5.1133929895     
46      2.78339063808     5.42970265549    
47      1.00184861854     5.50685363124    
48      4.23203063105     5.51484406638    
49      1.66533561954     5.54740356698    
50      2.59274822505     5.76508956906    
51      2.64311418528     5.95231546332    
52      1.00392431188     6.08255018878    
53      1.00016543168     6.12589029551    
54      1.00406204307     6.17547792848    
55      1.00546415468     6.21753609765    
56      1.00316112455     6.26692842521    
