 38           39          
 38           30          
 28           17          
 28           29          
 28           30          
 0            52          
 0            9           
 0            4           
 0            7           
 0            3           
 0            44          
 0            12          
 0            8           
 0            50          
 0            1           
 0            39          
 0            5           
 0            17          
 0            31          
 0            29          
 0            13          
 0            51          
 0            54          
 0            42          
 0            55          
 0            6           
 0            53          
 0            41          
 0            56          
 0            2           
 0            43          
 0            48          
 0            10          
 0            30          
 14           17          
 14           13          
 26           17          
 26           30          
 9            17          
 25           17          
 25           30          
 4            3           
 20           17          
 7            17          
 45           44          
 35           36          
 35           34          
 35           39          
 35           30          
 18           17          
 44           17          
 44           42          
 44           39          
 15           17          
 12           17          
 12           13          
 8            17          
 50           30          
 11           17          
 36           34          
 36           37          
 36           30          
 16           17          
 37           30          
 47           48          
 21           17          
 39           41          
 39           17          
 39           40          
 39           42          
 39           30          
 17           6           
 17           19          
 17           31          
 17           29          
 17           42          
 17           41          
 17           13          
 17           43          
 17           27          
 17           48          
 17           23          
 17           46          
 17           22          
 17           49          
 17           24          
 17           10          
 17           30          
 31           29          
 31           42          
 31           30          
 29           42          
 29           30          
 51           30          
 42           41          
 42           43          
 42           30          
 41           30          
 32           30          
 33           30          
 27           30          
 48           46          
 48           49          
 48           30          
 23           30          
 46           30          
 22           30          
 24           30          
 10           30          
