 34           32          
 30           21          
 30           32          
 0            55          
 0            3           
 0            6           
 0            8           
 0            7           
 0            11          
 0            9           
 0            5           
 0            54          
 0            39          
 0            53          
 0            21          
 0            44          
 0            43          
 0            13          
 0            2           
 0            1           
 0            49          
 0            52          
 0            10          
 0            51          
 0            4           
 0            56          
 0            50          
 0            15          
 0            32          
 14           21          
 14           13          
 26           21          
 26           32          
 19           21          
 8            21          
 42           41          
 36           37          
 36           35          
 36           39          
 20           21          
 7            21          
 41           21          
 41           39          
 41           32          
 24           21          
 24           32          
 11           21          
 11           13          
 11           32          
 9            21          
 17           21          
 37           35          
 37           38          
 37           32          
 16           21          
 38           32          
 35           32          
 45           46          
 12           13          
 39           21          
 39           40          
 39           49          
 39           32          
 48           49          
 48           32          
 21           23          
 21           10          
 21           18          
 21           44          
 21           43          
 21           49          
 21           50          
 21           22          
 21           46          
 21           25          
 21           27          
 21           29          
 21           47          
 21           28          
 21           15          
 21           32          
 44           43          
 44           49          
 44           32          
 43           49          
 43           32          
 49           50          
 49           32          
 31           32          
 50           32          
 33           32          
 46           47          
 46           32          
 25           32          
 27           32          
 29           32          
 28           32          
 15           32          
