0       47.6147441393     0.0              
1       1.00520126732     0.026090500259   
2       1.00800865961     0.059878805232   
3       1.00090736496     0.087513210716   
4       1.00259228828     0.115562008226   
5       1.00061485415     0.145901290722   
6       1.01582649613     0.181313270916   
7       2.63756035999     0.271232782916   
8       2.71689381419     0.431562986798   
9       2.79180571383     0.605680666927   
10      2.96754947914     0.787048990377   
11      5.74527404559     1.13882699987    
12      1.00886391347     1.2171000923     
13      2.60699072104     1.22328002003    
14      1.52241930613     1.24060565143    
15      6.39616346942     1.77379411641    
16      1.06485786749     2.08071423581    
17      1.00116354755     2.13829993451    
18      1.01573312692     2.19005643131    
19      1.00128404889     2.24267429428    
20      1.00213558527     2.29195267808    
21      93.2302000584     2.31326924362    
22      1.00517700517     2.34643483703    
23      1.00960705571     2.4106526807     
24      2.82373477711     2.58156570418    
25      2.4775077072      2.75856671392    
26      2.35976559684     2.90651796249    
27      2.25189634258     3.03651197356    
28      2.24708558658     3.15554378941    
29      2.31429539762     3.30080869906    
30      2.43154728492     3.45880460064    
31      1.00368351683     3.59505624964    
32      62.3413673426     3.59825042009    
33      1.00317954677     3.64406686091    
34      1.00350266896     3.69082780847    
35      1.01622828304     4.02578989063    
36      1.00102452562     4.02645538962    
37      1.452537549       4.02931100571    
38      1.00009754441     4.03913807013    
39      8.85472428408     4.15505885609    
40      1.00052983026     4.15833317104    
41      3.47569715733     4.30154615668    
42      1.0016108658      4.30545001795    
43      6.09702787603     4.75296756591    
44      6.03987542063     4.75762643334    
45      1.0008686454      4.97750481712    
46      2.67188665864     4.98603663143    
47      1.69045905487     5.00344005496    
48      2.04773844177     5.28026171159    
49      15.9616698908     5.35672204957    
50      6.6516349142      5.66211408667    
51      1.00285984453     6.11258321815    
52      1.01087035051     6.15298775154    
53      1.000562251       6.18215370352    
54      1.00171982851     6.21265383678    
55      1.00174466967     6.24675335709    
56      1.00294805093     6.27615871269    
