0       66.2248878965     0.0              
1       1.00739603107     0.018784991658   
2       1.0               0.049680510717   
3       1.01020766426     0.085560437443   
4       1.0               0.120804732115   
5       1.00351625407     0.159086278787   
6       3.36325768312     0.294653890705   
7       3.17669513034     0.518286643072   
8       3.18333433513     0.732529380719   
9       5.55178199629     1.06987033152    
10      1.0               1.1474234342     
11      2.64422896276     1.15344269841    
12      1.63680883389     1.16953077133    
13      1.0               1.73083816026    
14      11.2638315276     1.7379614712     
15      1.00006661947     2.04860587574    
16      1.001198814       2.07944952558    
17      1.0               2.12176732175    
18      1.00354238416     2.14871010638    
19      1.0               2.17898787609    
20      1.0               2.20929223581    
21      1.0               2.23952843525    
22      79.4380708137     2.26245687904    
23      1.0               2.26714645605    
24      1.0               2.29663588847    
25      1.0               2.32964343991    
26      2.19117230919     2.42410497315    
27      2.06564717089     2.50883456676    
28      2.02215531752     2.58622944021    
29      1.94943119061     2.66580169752    
30      1.85106124905     2.74104053401    
31      4.2149370355      2.87946919238    
32      5.97916057479     2.95434812761    
33      1.0               2.96196297902    
34      6.15130886419     3.13218578605    
35      4.36852768469     3.19010929009    
36      66.0295715785     3.23424943746    
37      1.0               3.30704461559    
38      1.0               3.34693935129    
39      1.0               3.38697827219    
40      2.61504370665     3.48291124354    
41      1.52558824636     3.97370083158    
42      1.94199625307     3.98578617339    
43      1.51472530085     3.99981408314    
44      10.9373270446     4.13824948263    
45      1.00634972769     4.14317612259    
46      1.0               4.55724494983    
47      3.4898577765      4.55993316128    
48      7.01984534133     5.19196224678    
49      3.679000528       5.68405055497    
50      3.59867766575     6.01284048043    
51      1.00178436233     6.1376246306     
52      1.0               6.17297200833    
53      1.0               6.20174051472    
54      1.00677485943     6.23701907679    
55      1.0               6.2706616049     
