 37           36          
 30           22          
 30           36          
 0            54          
 0            5           
 0            7           
 0            50          
 0            14          
 0            9           
 0            52          
 0            49          
 0            2           
 0            44          
 0            8           
 0            22          
 0            35          
 0            34          
 0            11          
 0            51          
 0            3           
 0            32          
 0            53          
 0            6           
 0            1           
 0            4           
 0            55          
 0            31          
 0            48          
 0            36          
 12           22          
 12           11          
 40           22          
 40           36          
 15           22          
 16           22          
 7            22          
 13           14          
 43           42          
 43           44          
 19           22          
 50           22          
 14           22          
 14           44          
 14           36          
 27           22          
 27           36          
 9            22          
 9            11          
 9            36          
 49           36          
 25           22          
 42           41          
 42           36          
 23           22          
 41           36          
 39           36          
 46           47          
 10           11          
 44           22          
 44           45          
 44           36          
 8            22          
 33           32          
 33           36          
 22           24          
 22           6           
 22           21          
 22           35          
 22           34          
 22           32          
 22           31          
 22           17          
 22           47          
 22           18          
 22           26          
 22           29          
 22           20          
 22           28          
 22           48          
 22           36          
 35           34          
 35           36          
 34           32          
 34           36          
 32           31          
 32           36          
 38           36          
 31           36          
 47           36          
 26           36          
 29           36          
 28           36          
 48           36          
