0       49.4830854699     0.0              
1       1.002693308       0.007272739235   
2       1.00063879004     0.037146134988   
3       1.00058413844     0.064098095039   
4       1.00178681876     0.089733943767   
5       1.00960019131     0.118791756838   
6       1.10890987432     0.151219571404   
7       3.55983764001     0.261043008437   
8       3.5235489444      0.446547949268   
9       3.6771672108      0.652751519046   
10      7.04964068131     1.04178024461    
11      1.00921045402     1.1474234342     
12      3.22232914867     1.15046274599    
13      1.99355325559     1.17395351208    
14      6.52045689462     1.57447904166    
15      1.00832993862     1.87076110167    
16      3.63907613697     1.87295046975    
17      1.04451931464     2.07342895059    
18      1.00318666129     2.11176798409    
19      1.00047312589     2.14380593684    
20      1.00221878787     2.18138771713    
21      1.00120885663     2.21539145727    
22      1.00060407388     2.24993411303    
23      83.7236578873     2.26555292864    
24      1.00363543763     2.28607741182    
25      1.00255864265     2.32207240583    
26      2.86956570449     2.42407950668    
27      2.45548016286     2.54607329861    
28      2.17203907324     2.6446780031     
29      1.98209117041     2.7217133498     
30      5.5363314826      2.869937614      
31      7.51845365878     2.96491596694    
32      1.01214341323     2.96736898797    
33      3.3938124903      3.0844818298     
34      1.90099760501     3.0915206894     
35      55.1387574164     3.14703836029    
36      1.00382714213     3.16643595182    
37      1.00994914076     3.19589542368    
38      1.00389438529     3.23311393215    
39      1.00363922998     3.26235693895    
40      2.77243643151     3.34641953553    
41      3.27943523115     3.5246208403     
42      2.05499820095     3.95705998629    
43      2.59939871505     3.97676692062    
44      2.07358159932     4.00107542282    
45      9.36254075919     4.18698220969    
46      1.00055045529     4.19669055538    
47      1.00090246563     4.55724494983    
48      4.36393615818     4.55993316128    
49      4.79868232225     5.23295449872    
50      4.28098970372     5.63582682978    
51      3.85356177876     5.89141818622    
52      3.64932479111     6.09163713369    
53      1.00016111938     6.17297200833    
54      1.0029819867      6.20174051472    
55      1.00094269346     6.23689165077    
56      1.00181262838     6.26180853963    
