 39           35          
 29           23          
 29           35          
 0            55          
 0            9           
 0            8           
 0            52          
 0            51          
 0            10          
 0            53          
 0            4           
 0            3           
 0            45          
 0            50          
 0            23          
 0            49          
 0            12          
 0            6           
 0            2           
 0            31          
 0            54          
 0            7           
 0            1           
 0            5           
 0            56          
 0            30          
 0            14          
 13           23          
 13           12          
 19           23          
 40           23          
 40           35          
 9            23          
 8            23          
 52           23          
 15           16          
 44           43          
 44           45          
 20           23          
 51           23          
 16           23          
 16           35          
 27           23          
 27           35          
 10           23          
 10           12          
 10           35          
 25           23          
 43           42          
 43           35          
 36           35          
 42           35          
 37           35          
 47           48          
 11           12          
 45           23          
 45           46          
 45           35          
 50           23          
 32           31          
 32           35          
 23           17          
 23           22          
 23           34          
 23           33          
 23           31          
 23           7           
 23           30          
 23           18          
 23           48          
 23           26          
 23           41          
 23           28          
 23           21          
 23           24          
 23           14          
 23           35          
 49           35          
 34           33          
 34           35          
 33           31          
 33           35          
 31           30          
 31           35          
 38           35          
 30           35          
 48           35          
 26           35          
 41           35          
 28           35          
 14           35          
