0       45.3090036119     0.0              
1       1.00334504798     0.03261562984    
2       1.00044490619     0.066936296553   
3       1.00108287434     0.098949344585   
4       1.00382177438     0.13248467006    
5       4.30817727753     0.250208707362   
6       2.429911163       0.442456647237   
7       4.11670175401     0.619133708397   
8       4.66306845492     0.889135673966   
9       1.00098432363     0.968711301845   
10      2.60394748264     0.972664036275   
11      1.69840353832     0.998766988893   
12      5.14939897293     1.36094243701    
13      1.00830465395     1.36213336936    
14      5.45084947695     1.81676879791    
15      1.00412384002     2.0365931883     
16      1.00408925769     2.08562814253    
17      1.00112190697     2.13150450448    
18      2.61724838732     2.21406570239    
19      1.00047936296     2.21455705561    
20      71.9282369753     2.28206569253    
21      1.00581754557     2.28697547967    
22      1.00291123469     2.32285624904    
23      1.00227470658     2.36240419123    
24      1.00383384219     2.40154354625    
25      1.0071972778      2.44681994794    
26      2.59038843304     2.57484405204    
27      2.41850194982     2.74345011223    
28      2.29552210356     2.8916462884     
29      1.25576449163     3.20679694876    
30      9.31235577242     3.23893414588    
31      1.21975512691     3.26579004487    
32      2.3469589371      3.57914756559    
33      1.00144300834     3.7230301698     
34      1.53148133359     3.72681606135    
35      1.08055917184     3.73883698794    
36      1.00014979657     3.80420606621    
37      67.766474031      3.82492941262    
38      1.00141827951     3.84760581318    
39      1.0009150512      3.88663918272    
40      1.00256229949     3.92752336598    
41      1.00019399246     3.9690340995     
42      4.61459665345     4.13123946008    
43      10.3666802962     4.6860506501     
44      6.37703103395     4.75947088046    
45      4.87987089916     5.4646797394     
46      2.69728309682     5.75620307904    
47      4.60833064283     5.99677309902    
48      1.00245839175     6.13515372685    
49      1.00035681919     6.17238421955    
50      1.00355207984     6.21076276354    
51      1.00038704743     6.24421288867    
52      1.00130407947     6.27951223587    
