 40           37          
 28           20          
 28           37          
 0            47          
 0            46          
 0            6           
 0            7           
 0            12          
 0            45          
 0            8           
 0            50          
 0            4           
 0            42          
 0            49          
 0            20          
 0            44          
 0            43          
 0            10          
 0            2           
 0            51          
 0            30          
 0            3           
 0            52          
 0            48          
 0            1           
 0            5           
 0            14          
 11           20          
 11           10          
 15           20          
 32           20          
 32           37          
 47           20          
 47           37          
 46           37          
 24           20          
 6            20          
 13           12          
 38           37          
 22           20          
 7            20          
 7            37          
 12           20          
 12           37          
 45           20          
 45           37          
 8            20          
 8            10          
 8            37          
 29           20          
 29           30          
 34           33          
 34           35          
 34           37          
 35           37          
 33           37          
 9            10          
 42           20          
 42           37          
 31           30          
 31           37          
 20           23          
 20           17          
 20           44          
 20           43          
 20           30          
 20           5           
 20           21          
 20           18          
 20           16          
 20           27          
 20           25          
 20           19          
 20           26          
 20           14          
 20           37          
 44           43          
 44           37          
 43           30          
 43           37          
 30           37          
 39           37          
 36           37          
 5            37          
 41           37          
 18           19          
 18           37          
 27           37          
 26           37          
 14           37          
