 38           35          
 26           18          
 26           35          
 0            53          
 0            7           
 0            48          
 0            9           
 0            42          
 0            11          
 0            47          
 0            56          
 0            4           
 0            8           
 0            44          
 0            5           
 0            18          
 0            52          
 0            28          
 0            29          
 0            46          
 0            55          
 0            2           
 0            31          
 0            58          
 0            57          
 0            54          
 0            1           
 0            3           
 0            32          
 0            6           
 17           18          
 16           18          
 25           18          
 25           35          
 7            18          
 48           35          
 22           18          
 9            18          
 10           11          
 33           35          
 15           18          
 42           18          
 42           35          
 11           18          
 23           18          
 23           35          
 47           18          
 47           46          
 47           35          
 8            18          
 19           18          
 41           35          
 34           35          
 40           35          
 39           35          
 49           50          
 45           46          
 44           43          
 44           35          
 30           31          
 30           35          
 18           20          
 18           13          
 18           28          
 18           29          
 18           31          
 18           32          
 18           14          
 18           50          
 18           27          
 18           24          
 18           12          
 18           51          
 18           21          
 18           6           
 18           35          
 28           29          
 28           35          
 29           31          
 29           35          
 31           32          
 31           35          
 52           35          
 36           35          
 32           35          
 37           35          
 50           51          
 50           35          
 27           35          
 24           35          
 6            35          
