0       75.1124984654     0.0              
1       1.0               0.018061818586   
2       1.0               0.04020417213    
3       1.0               0.065508582134   
4       1.0               0.092435637469   
5       1.00758685056     0.127627220276   
6       7.36558714957     0.334501064008   
7       3.50954432753     0.675202091871   
8       3.61853472111     0.901857864971   
9       3.78114669574     1.1619466295     
10      1.0               1.57304580326    
11      3.83715520286     1.5731813748     
12      1.0               1.9482773154     
13      1.0               1.97773603824    
14      1.0               2.00786026008    
15      1.0               2.0345094312     
16      1.0               2.06194132201    
17      1.0               2.08507312311    
18      94.661645476      2.10250118218    
19      1.0               2.11155638762    
20      1.0               2.13591881883    
21      1.00341664633     2.16980384024    
22      1.01753260923     2.20482886104    
23      3.23445695803     2.33817658255    
24      3.04279797768     2.49872624755    
25      2.90726521517     2.63384463829    
26      2.83515542443     2.75735743073    
27      2.75253327098     2.8815113792     
28      5.47656796624     3.11037711827    
29      8.14884068805     3.17261868835    
30      1.06392081318     3.42171005399    
31      8.53424308864     3.42459001304    
32      5.66557815408     3.51490912404    
33      1.00490307307     3.63044716382    
34      1.0               3.66730689455    
35      83.3032113346     3.68022701252    
36      1.0               3.69823743002    
37      1.0               3.72983646053    
38      1.0               3.76300242845    
39      1.0               3.80167702025    
40      1.00150064619     3.82390663393    
41      1.06656521993     3.86877032888    
42      7.16786446872     4.2730978538     
43      1.0               4.76017495367    
44      3.52057864106     4.76029554494    
45      1.0               4.90985644227    
46      2.76808897709     4.91229287381    
47      6.76558507205     4.97191098119    
48      3.91049186345     5.39311748522    
49      1.0               5.68377791385    
50      4.18240613946     5.68727262619    
51      1.97271860863     5.70518258218    
52      3.65147235959     5.96634973969    
53      1.03609599027     6.13335159903    
54      1.0               6.16370146135    
55      1.0               6.19332936775    
56      1.0               6.22078110743    
57      1.0               6.24656104773    
58      1.0               6.27139339163    
