0       85.4329294075     0.0              
1       1.00739376489     0.013179557712   
2       1.0021751195      0.040204172127   
3       1.00023702989     0.066624706706   
4       1.00291509961     0.095019829591   
5       1.00607529349     0.127894150161   
6       7.72808068016     0.380047298014   
7       7.14615231671     0.894647481155   
8       3.71156827087     1.23740193105    
9       7.03850029241     1.57192228218    
10      1.00241628648     1.57337855275    
11      1.00183881375     1.91409793146    
12      1.00060750155     1.94223352097    
13      1.0044554864      1.96470993479    
14      1.00025835087     1.98877575642    
15      1.00668721323     2.00972006198    
16      1.0037310506      2.0345094312     
17      66.1197122224     2.04445034576    
18      1.00316115625     2.05804195483    
19      1.001351389       2.08365411598    
20      1.00246300573     2.10772480621    
21      1.00060171756     2.13498255125    
22      2.99508271722     2.229790878      
23      2.9724859729      2.35612108681    
24      3.04181910475     2.48642893477    
25      3.05821011222     2.61338531934    
26      3.09072043109     2.74482417852    
27      3.12360117808     2.8821772527     
28      2.85891293594     3.05571669397    
29      1.0021385512      3.05626871733    
30      5.19650464076     3.21308155121    
31      7.61522983424     3.26188094051    
32      1.09272208648     3.42161605273    
33      7.78729631859     3.42284181423    
34      3.31131131419     3.46877809731    
35      1.0090354439      3.65251798651    
36      1.00751860901     3.69239661841    
37      93.93147937       3.70758175488    
38      1.00362371755     3.72974320828    
39      1.00234313361     3.76562884624    
40      1.00807677493     3.8054258356     
41      1.37249127374     4.01077140978    
42      2.35295642015     4.01858474991    
43      1.27936899132     4.02446076518    
44      4.4230971661      4.40041413962    
45      3.99440242994     4.76029554494    
46      1.00049327322     4.76043785761    
47      1.00110830812     4.90985644227    
48      2.83019746347     4.91229287381    
49      4.42639345083     4.94807726028    
50      4.46881382658     5.3453359592     
51      1.00017415366     5.68377791385    
52      4.23604925053     5.68570522065    
53      4.07894468689     5.95698687673    
54      1.05363326632     6.13141511682    
55      1.0007495822      6.16370146135    
56      1.00760415253     6.19332936775    
57      1.00448088924     6.21881775433    
58      1.00091157153     6.24426073194    
59      1.00103633563     6.27139339163    
