 39           37          
 26           17          
 26           37          
 0            44          
 0            28          
 0            53          
 0            8           
 0            7           
 0            9           
 0            49          
 0            57          
 0            4           
 0            3           
 0            45          
 0            50          
 0            17          
 0            1           
 0            30          
 0            31          
 0            48          
 0            56          
 0            2           
 0            33          
 0            59          
 0            58          
 0            55          
 0            54          
 0            5           
 0            52          
 0            6           
 19           17          
 14           17          
 23           17          
 23           37          
 28           29          
 28           37          
 12           17          
 53           37          
 44           37          
 8            17          
 10           9           
 41           42          
 41           37          
 16           17          
 7            17          
 7            37          
 9            17          
 9            37          
 22           17          
 22           37          
 49           48          
 49           37          
 20           17          
 42           43          
 42           37          
 35           37          
 43           37          
 40           37          
 51           52          
 47           48          
 45           46          
 45           37          
 50           37          
 32           33          
 32           37          
 17           21          
 17           13          
 17           30          
 17           31          
 17           33          
 17           34          
 17           15          
 17           52          
 17           27          
 17           24          
 17           11          
 17           18          
 17           25          
 17           6           
 30           31          
 30           37          
 31           33          
 31           37          
 33           34          
 33           37          
 36           37          
 34           37          
 38           37          
 27           37          
 24           37          
 25           37          
 6            37          
