 40           39          
 26           22          
 26           39          
 0            5           
 0            47          
 0            49          
 0            9           
 0            46          
 0            11          
 0            54          
 0            1           
 0            50          
 0            2           
 0            48          
 0            45          
 0            22          
 0            3           
 0            32          
 0            33          
 0            55          
 0            8           
 0            53          
 0            34          
 0            6           
 0            4           
 0            52          
 0            51          
 0            7           
 0            12          
 0            10          
 20           22          
 17           22          
 17           39          
 47           39          
 18           22          
 49           39          
 21           22          
 9            22          
 42           39          
 27           22          
 27           28          
 46           39          
 11           22          
 11           39          
 29           22          
 29           39          
 54           55          
 54           39          
 23           22          
 41           39          
 44           39          
 36           39          
 38           39          
 14           16          
 14           15          
 14           13          
 48           39          
 45           39          
 35           34          
 35           39          
 22           31          
 22           24          
 22           32          
 22           33          
 22           34          
 22           25          
 22           19          
 22           12          
 22           13          
 22           16          
 22           30          
 22           10          
 32           33          
 32           39          
 33           34          
 33           39          
 34           39          
 31           39          
 37           39          
 25           39          
 43           39          
 13           39          
 30           39          
 10           39          
