0       64.7606084513     0.0              
1       1.00067538152     0.009260809796   
2       1.00847224358     0.028164426556   
3       1.00375043033     0.049859056944   
4       1.00783128535     0.071443582266   
5       1.00974779227     0.092602293097   
6       1.00302557569     0.114113040535   
7       1.00717342795     0.140242864033   
8       1.15595697113     0.178046446109   
9       3.64378851157     0.33748831932    
10      6.9919118511      0.646616157656   
11      6.81105659999     1.08106940245    
12      3.79136828314     1.3886555826     
13      3.3872082189      1.60976003802    
14      1.98977784166     1.63516341151    
15      1.00672320203     1.63586617395    
16      2.20048658168     1.65848396416    
17      3.48037853867     1.9823694392     
18      1.00389417035     2.09053118855    
19      1.0088434349      2.11974985239    
20      1.00131680708     2.14522794003    
21      1.00720479625     2.1729133721     
22      59.6326118056     2.17562330495    
23      1.00322631303     2.19822929819    
24      1.00085128474     2.22693825797    
25      3.11189998465     2.30208421672    
26      3.25496426083     2.43582217455    
27      1.63029395337     2.59020295978    
28      1.00076744919     2.59048271653    
29      3.32899846772     2.69272388427    
30      3.43559579215     2.85247023169    
31      3.54094498018     3.02689950167    
32      7.67600752455     3.41806909666    
33      11.5826913293     3.57492424983    
34      8.86499063035     3.83493961098    
35      1.39316391727     3.83697018809    
36      1.00120927694     4.08512491166    
37      1.02237822327     4.13395613406    
38      1.00316310695     4.17020167327    
39      103.979577076     4.19289792271    
40      1.00097418456     4.20149997464    
41      1.00188655115     4.24604571312    
42      1.00083265401     4.27814321249    
43      1.00405158929     4.31497522971    
44      1.09299103739     4.35582121326    
45      4.48270006636     4.94207456801    
46      4.17868989635     5.28694619391    
47      3.89966989584     5.54628659977    
48      3.72814364901     5.77305327377    
49      3.58979603445     5.98154386434    
50      1.08157510033     6.12386205907    
51      1.0051265069      6.1599099522     
52      1.00203397007     6.18368665441    
53      1.01255852141     6.21220555187    
54      2.74471362494     6.25556644374    
55      1.00007052489     6.25742708828    
