 27           36          
 27           0           
 16           36          
 16           0           
 16           15          
 0            50          
 0            49          
 0            57          
 0            14          
 0            53          
 0            43          
 0            58          
 0            55          
 0            47          
 0            51          
 0            2           
 0            54          
 0            5           
 0            42          
 0            6           
 0            7           
 0            48          
 0            9           
 0            56          
 0            59          
 0            13          
 0            44          
 0            8           
 0            10          
 0            3           
 0            25          
 0            52          
 0            12          
 0            11          
 0            60          
 0            4           
 0            1           
 0            41          
 0            29          
 0            15          
 38           36          
 26           36          
 26           25          
 49           36          
 39           36          
 43           36          
 46           47          
 32           36          
 37           36          
 31           36          
 47           36          
 47           45          
 47           48          
 20           22          
 30           36          
 30           29          
 42           36          
 36           33          
 36           35          
 36           40          
 36           44          
 36           45          
 36           41          
 36           29          
 36           34          
 36           24          
 36           15          
 21           22          
 18           17          
 18           19          
 18           22          
 28           29          
 23           22          
 22           24          
