0       169.602554333     0.0              
1       1.00806794784     0.000266461754   
2       1.00066042188     0.010837671642   
3       1.00049062987     0.023193407519   
4       1.0174006496      0.037174878407   
5       1.08871888453     0.057957958688   
6       1.14600680194     0.07243733667    
7       1.24589140784     0.08833141495    
8       1.43128311397     0.106453810049   
9       1.66534583896     0.135156590458   
10      1.84246036884     0.166364261126   
11      2.12311065604     0.203724707761   
12      2.39133240575     0.249183494377   
13      2.85116325399     0.311889453166   
14      3.28826553154     0.389482066329   
15      20.118429557      1.38643438142    
16      20.082165349      1.39376198593    
17      2.22147380946     2.68222383072    
18      5.23422552008     2.69448781237    
19      1.00121012041     2.69452151801    
20      1.08670229795     2.76202828239    
21      1.0030608616      2.76709049389    
22      6.57981167232     2.76823086779    
23      1.06270829808     2.77129808035    
24      5.96133631994     2.80789415815    
25      5.58457515113     3.07869157664    
26      5.57200086551     3.0809858067     
27      10.2844992783     3.47121515499    
28      1.00168443036     3.85404162284    
29      9.90716911264     3.85617738961    
30      3.12214378392     3.87460594421    
31      1.32528453688     4.06196146471    
32      1.00147979852     4.08405035737    
33      1.00562878165     4.09346162536    
34      1.00567844952     4.10389136522    
35      1.01190586453     4.11424901248    
36      104.979956725     4.12466096325    
37      1.00598457665     4.12592286468    
38      1.00354918058     4.13579964491    
39      1.01448786368     4.14887499604    
40      1.03800638969     4.16197731168    
41      7.63377750327     4.25638379239    
42      7.4216586657      4.47007750273    
43      7.5016015114      4.68422923517    
44      7.94600005886     4.91499934248    
45      4.36894811813     5.22503648388    
46      1.00192928253     5.26262163474    
47      11.9511898142     5.26298116148    
48      4.14861250668     5.29513165359    
49      11.290309833      5.77926606449    
50      2.33004375379     6.0513645204     
51      1.96535368541     6.09876905828    
52      1.79142596983     6.13910215446    
53      1.53908202541     6.16151134425    
54      1.36478162431     6.18386285997    
55      1.22382942222     6.20407163372    
56      1.11845096044     6.21939140548    
57      1.00294400525     6.2363721159     
58      1.01027205089     6.24945420816    
59      1.00347250768     6.26180488819    
60      1.00005192275     6.27190908781    
