0       150.796592244     0.0              
1       1.00076457154     0.020134808619   
2       1.00448104459     0.045838162239   
3       4.5674501746      0.137450446007   
4       8.57809408518     0.205644056281   
5       1.05500132125     0.211112607908   
6       1.15230744004     0.344755066448   
7       1.24008689658     0.385979676601   
8       1.29405151028     0.434990662379   
9       14.3008404468     0.713120179476   
10      2.25005645598     1.55832599177    
11      7.31655086437     1.58922057456    
12      1.00305079308     1.59616842895    
13      2.50399612434     1.94101674764    
14      2.35982199784     2.03406339333    
15      19.3872739003     2.03641042888    
16      2.46091990299     2.14305280321    
17      6.59715806495     2.3700594894     
18      4.29536291764     2.90470272693    
19      4.20131586008     3.15236609728    
20      1.00368770828     3.29219843139    
21      1.73303388935     3.29329105564    
22      4.55060422951     3.49203802664    
23      4.56966640562     3.49518547733    
24      4.11710703455     3.79384809127    
25      1.00351761168     3.8909367445     
26      1.00234299243     3.92176087315    
27      1.00002229175     3.94944504126    
28      1.00073943054     3.97614903085    
29      1.00394912382     3.99957046633    
30      1.00358507868     4.02330564507    
31      106.738974106     4.02806708062    
32      3.47310755087     4.08061603429    
33      1.00640961789     4.1456703394     
34      1.00267465633     4.17191167237    
35      3.42345578534     4.25650522629    
36      1.42779134051     4.48722758396    
37      1.18470083619     4.51051386922    
38      6.93919506187     4.51838984565    
39      1.01110289932     4.53084885184    
40      4.26549294706     4.59489854185    
41      3.34274355935     4.82675968176    
42      3.47650220248     4.97978306627    
43      3.57318834143     5.14285316357    
44      3.75982757576     5.30766228425    
45      4.08655307988     5.50863324183    
46      4.51355007968     5.75090202569    
47      1.27050135394     5.88057133916    
48      1.20930248994     5.92371810664    
49      1.19996533839     5.95424099121    
50      1.17699953446     5.9869047452     
51      1.1613879917      6.02700508525    
52      1.111327759       6.06203272761    
53      1.06702330693     6.08911258181    
54      1.06012036716     6.1135036628     
55      1.04971903584     6.14322660036    
56      1.0023766859      6.16941999642    
57      1.00672980359     6.18989991327    
58      1.0038709762      6.21148425134    
59      1.00645021421     6.23372304044    
60      1.00284390043     6.25459469163    
61      1.00222737923     6.27619775505    
