 24           31          
 24           0           
 22           31          
 22           0           
 22           23          
 0            55          
 0            42          
 0            19          
 0            46          
 0            48          
 0            51          
 0            45          
 0            5           
 0            32          
 0            57          
 0            13          
 0            41          
 0            4           
 0            18          
 0            50          
 0            2           
 0            44          
 0            35          
 0            56          
 0            53          
 0            61          
 0            3           
 0            54          
 0            31          
 0            17          
 0            58          
 0            11          
 0            15          
 0            60          
 0            47          
 0            1           
 0            6           
 0            49          
 0            7           
 0            14          
 0            59          
 0            52          
 0            9           
 0            43          
 0            10          
 0            38          
 0            8           
 0            40          
 0            23          
 34           31          
 16           31          
 16           15          
 42           31          
 19           31          
 28           31          
 46           31          
 20           21          
 45           31          
 5            4           
 25           31          
 32           31          
 13           15          
 41           31          
 4            31          
 4            9           
 4            3           
 29           31          
 18           31          
 44           31          
 39           38          
 35           31          
 27           31          
 12           11          
 37           31          
 37           38          
 3            31          
 31           36          
 31           17          
 31           30          
 31           11          
 31           26          
 31           15          
 31           9           
 31           33          
 31           43          
 31           38          
 31           40          
 31           21          
 31           23          
 17           15          
 11           15          
 11           10          
 15           14          
 15           9           
 36           38          
 38           40          
