0       134.095671305     0.0              
1       1.01757914979     0.042388578001   
2       1.03400119092     0.076050205972   
3       1.07584069048     0.113340432539   
4       1.09383803643     0.155920758135   
5       1.11378090031     0.202081370921   
6       1.11970734275     0.247750255979   
7       1.14247665584     0.291111803236   
8       1.16288244794     0.335749295938   
9       1.16753784792     0.38216756956    
10      1.21229136261     0.430259515091   
11      1.23953880453     0.483688934789   
12      1.27827784292     0.545390091222   
13      7.2955406975      0.838905855069   
14      1.40643144732     1.03504567198    
15      5.76158805727     1.03565724196    
16      7.04810626403     1.28929549743    
17      1.00207900409     1.49572489495    
18      6.89618127063     1.51012618822    
19      1.00252860173     1.51924505985    
20      5.33687975033     1.7094455698     
21      2.29501651367     1.71827682003    
22      1.60722396961     2.00562183158    
23      3.06422898359     2.09908792513    
24      17.9552692139     2.1070364623     
25      1.4942232163      2.1784231195     
26      1.62956789658     2.23930073498    
27      5.22574517907     2.51777554755    
28      2.51921994901     2.54376259025    
29      2.7127658113      2.80614109075    
30      2.79748983424     2.95611580079    
31      2.9182940412      3.10534449283    
32      1.00086138888     3.18806710327    
33      1.00133001208     3.23524974574    
34      1.00159509852     3.23532539616    
35      1.00268504524     3.27122578179    
36      2.55790331638     3.3214007164     
37      105.163495142     3.3459353155     
38      2.81510467477     3.44551178966    
39      3.33556102232     3.47794076286    
40      1.00316416002     3.48455841908    
41      2.75056301871     3.63469283297    
42      2.94190248053     3.77547997274    
43      2.9660320467      3.93364323215    
44      3.00172026971     4.09401814281    
45      2.99378921097     4.25945559266    
46      3.01903139188     4.42565478981    
47      3.02891420535     4.59759246453    
48      4.18028059943     4.86537865926    
49      1.41038625551     4.96894427111    
50      6.84431755716     4.98161496739    
51      1.2892145347      5.07623959844    
52      2.14859329922     5.08444167687    
53      3.66062231573     5.4072420178     
54      3.97003902135     5.69614535308    
55      1.19443609634     5.83400026667    
56      1.17913382067     5.88428232931    
57      1.15709580974     5.93568810028    
58      1.14044257597     5.98218782918    
59      1.11314200588     6.02407288248    
60      1.08904130895     6.06667736378    
61      1.06305819653     6.10498100636    
62      1.03167992468     6.14325974423    
63      3.83294916553     6.23193720367    
