 45           37          
 45           0           
 38           37          
 38           0           
 38           39          
 0            56          
 0            36          
 0            52          
 0            63          
 0            29          
 0            41          
 0            3           
 0            61          
 0            47          
 0            5           
 0            43          
 0            6           
 0            22          
 0            31          
 0            42          
 0            2           
 0            4           
 0            53          
 0            54          
 0            8           
 0            44          
 0            24          
 0            59          
 0            20          
 0            1           
 0            37          
 0            28          
 0            30          
 0            55          
 0            15          
 0            16          
 0            13          
 0            21          
 0            12          
 0            7           
 0            57          
 0            62          
 0            60          
 0            10          
 0            18          
 0            11          
 0            58          
 0            23          
 0            46          
 0            14          
 0            50          
 0            9           
 0            48          
 0            27          
 0            39          
 36           37          
 25           37          
 25           24          
 52           37          
 52           51          
 63           37          
 29           37          
 41           37          
 33           37          
 33           34          
 47           37          
 32           37          
 43           37          
 22           24          
 31           37          
 40           37          
 40           39          
 42           37          
 53           37          
 51           50          
 54           37          
 44           37          
 19           18          
 35           37          
 24           18          
 24           20          
 24           23          
 24           37          
 24           26          
 24           16          
 24           13          
 24           27          
 17           18          
 26           37          
 20           37          
 20           18          
 20           21          
 37           49          
 37           28          
 37           30          
 37           15          
 37           16          
 37           13          
 37           21          
 37           18          
 37           23          
 37           46          
 37           50          
 37           48          
 37           34          
 37           27          
 37           39          
 28           27          
 15           16          
 15           13          
 15           14          
 16           18          
 49           50          
 50           48          
