0       115.540766133     0.0              
1       1.00113569591     0.029659458616   
2       1.00096093901     0.062540426686   
3       1.00503839001     0.092845722669   
4       1.00095162376     0.123928495243   
5       1.00026510513     0.157218050481   
6       1.00517256928     0.18696364571    
7       3.20249031106     0.28720082634    
8       3.20934729315     0.292609082335   
9       1.0567726542      0.402789799073   
10      1.07383681188     0.447485340364   
11      2.78877824101     0.53905380681    
12      2.66244679688     0.696059886309   
13      2.94593681462     0.912502852747   
14      3.6049751953      1.03958619519    
15      5.86222544751     1.04078349416    
16      1.79317021322     1.14847673522    
17      1.8502578263      1.16015199182    
18      6.39842057204     1.39081836069    
19      1.00377198846     1.57633079166    
20      7.02649236122     1.58781355166    
21      17.9125195951     1.82630000178    
22      2.30198959886     1.83521476708    
23      1.35040626545     1.92772249715    
24      3.55925329906     2.10326704906    
25      8.29782982868     2.19348616668    
26      2.27662436078     2.27652486105    
27      2.52516235573     2.61318645611    
28      2.55559690162     2.76491947665    
29      2.49529123654     2.89576474219    
30      2.73779537675     3.06454307562    
31      1.00232607487     3.11905219908    
32      4.39447823149     3.13072483414    
33      1.01104263746     3.14211771245    
34      109.981593814     3.18464972664    
35      2.89353648047     3.20078985604    
36      2.71461781235     3.40139899301    
37      1.01870391924     3.51071466873    
38      1.03695572851     3.51089855168    
39      2.45976386803     3.59180658194    
40      8.20382753876     3.88744549635    
41      1.00109393141     3.90370996208    
42      1.85057670423     4.11967243601    
43      1.04761947595     4.13508667716    
44      1.73175801032     4.14992895245    
45      1.59523628675     4.20465285569    
46      1.54454129921     4.21292918013    
47      6.74129032167     4.28763602939    
48      3.07475654155     4.36498418309    
49      2.6858071715      4.62457485327    
50      2.81970400568     4.77762913461    
51      3.06561444133     4.98201831146    
52      3.2040178444      5.20378620608    
53      3.38406417739     5.46507320585    
54      3.5119636695      5.73744411563    
55      1.08160420326     5.86998870681    
56      1.06035888688     5.91902253752    
57      1.04684148637     5.95880248681    
58      1.04117212085     6.00078491194    
59      1.01581910607     6.0431345412     
60      1.02339374736     6.07899714698    
61      1.00461500413     6.11288404093    
62      1.00179870037     6.14417915898    
63      2.93832411221     6.20789478872    
64      1.00107594106     6.28025816025    
