 63           34          
 63           0           
 30           34          
 30           0           
 30           32          
 0            55          
 0            11          
 0            35          
 0            12          
 0            36          
 0            7           
 0            27          
 0            2           
 0            42          
 0            60          
 0            53          
 0            49          
 0            57          
 0            24          
 0            45          
 0            8           
 0            50          
 0            52          
 0            6           
 0            54          
 0            28          
 0            10          
 0            51          
 0            21          
 0            56          
 0            40          
 0            25          
 0            5           
 0            34          
 0            16          
 0            39          
 0            15          
 0            18          
 0            14          
 0            26          
 0            61          
 0            62          
 0            1           
 0            3           
 0            64          
 0            9           
 0            20          
 0            4           
 0            59          
 0            22          
 0            29          
 0            13          
 0            47          
 0            58          
 0            48          
 0            17          
 0            32          
 11           34          
 23           34          
 23           21          
 35           34          
 35           32          
 12           34          
 36           34          
 7            8           
 7            34          
 37           34          
 37           38          
 27           34          
 42           34          
 42           43          
 53           34          
 49           34          
 24           34          
 24           21          
 24           25          
 45           34          
 45           46          
 8            34          
 31           34          
 31           32          
 50           34          
 52           34          
 54           34          
 46           34          
 46           47          
 28           34          
 51           34          
 19           20          
 21           20          
 21           25          
 21           22          
 21           34          
 21           40          
 21           18          
 21           14          
 21           17          
 33           32          
 40           34          
 40           41          
 40           47          
 25           20          
 25           34          
 25           26          
 34           44          
 34           13          
 34           39          
 34           15          
 34           18          
 34           14          
 34           26          
 34           20          
 34           22          
 34           29          
 34           47          
 34           48          
 34           38          
 34           32          
 16           17          
 16           15          
 43           44          
 15           13          
 15           18          
 15           14          
 18           20          
 44           47          
 47           48          
