 23           34          
 23           0           
 23           29          
 23           24          
 36           34          
 36           0           
 36           35          
 0            4           
 0            48          
 0            33          
 0            41          
 0            15          
 0            9           
 0            14          
 0            25          
 0            44          
 0            7           
 0            40          
 0            13          
 0            61          
 0            31          
 0            50          
 0            8           
 0            10          
 0            2           
 0            6           
 0            47          
 0            46          
 0            5           
 0            28          
 0            57          
 0            29          
 0            55          
 0            21          
 0            26          
 0            63          
 0            34          
 0            42          
 0            11          
 0            17          
 0            12          
 0            56          
 0            22          
 0            62          
 0            3           
 0            66          
 0            64          
 0            60          
 0            1           
 0            19          
 0            65          
 0            45          
 0            30          
 0            16          
 0            59          
 0            52          
 0            58          
 0            49          
 0            43          
 0            35          
 48           34          
 27           34          
 27           29          
 27           26          
 33           34          
 33           35          
 41           34          
 15           34          
 9            8           
 9            10          
 39           34          
 39           38          
 14           34          
 25           26          
 44           34          
 44           43          
 44           45          
 7            8           
 40           34          
 13           34          
 31           34          
 31           29          
 50           34          
 50           52          
 8            34          
 37           34          
 37           35          
 37           38          
 10           34          
 47           34          
 54           34          
 54           56          
 54           52          
 46           34          
 28           34          
 28           29          
 28           26          
 24           26          
 57           56          
 29           19          
 29           26          
 29           30          
 29           34          
 29           21          
 29           42          
 29           17          
 29           12          
 29           38          
 20           19          
 20           21          
 20           35          
 55           56          
 21           34          
 26           19          
 26           34          
 26           22          
 34           42          
 34           53          
 34           32          
 34           11          
 34           17          
 34           12          
 34           22          
 34           19          
 34           30          
 34           16          
 34           52          
 34           49          
 34           38          
 34           43          
 34           35          
 42           43          
 42           11          
 53           56          
 53           52          
 53           51          
 11           59          
 11           17          
 11           12          
 17           19          
 17           16          
 17           18          
 56           59          
 56           58          
 51           52          
