0       108.271312559     0.0              
1       1.00112149621     0.005804109928   
2       1.00055855804     0.029189452296   
3       1.00156942927     0.056899227319   
4       1.00433367794     0.089919137497   
5       1.06583595789     0.170285724219   
6       4.04737224306     0.182047117443   
7       1.00219198529     0.189937231515   
8       1.04111365589     0.28042824124    
9       3.35254489891     0.413151659532   
10      3.06385445885     0.583529512476   
11      2.84977668266     0.730522772067   
12      2.69359545478     0.867082640356   
13      2.70370440557     1.06163379846    
14      5.21631206624     1.09946050634    
15      1.25392948196     1.11197016461    
16      2.23413059638     1.38808258685    
17      8.49964209263     1.45624398952    
18      15.040698519      1.62390404496    
19      85.7632555738     1.80924382819    
20      1.00147073793     1.84846857081    
21      1.00003081587     1.88037956568    
22      1.00446156307     1.92368418787    
23      1.00446666519     1.95285716185    
24      5.53357625917     2.05878422776    
25      2.82488041976     2.26391820547    
26      11.5710955964     2.32121103967    
27      2.71268166824     2.36427710088    
28      3.65894619809     2.48432607781    
29      2.06777399119     2.5536390896     
30      4.49105856068     2.58352887003    
31      2.17954955501     2.6001045511     
32      1.00373732274     2.67234283728    
33      3.54878980742     2.68085912711    
34      1.00692550436     2.689885121      
35      1.73958168499     2.90005883978    
36      1.00146870314     2.90049963455    
37      1.00043455764     2.94256089341    
38      2.05579250309     2.94740589083    
39      1.77510920451     2.96069976682    
40      7.29870875546     3.19119386245    
41      2.37522098587     3.19507937287    
42      2.37582832725     3.20006893       
43      4.54154060959     3.59504239289    
44      2.85129410109     3.64320577563    
45      1.00276161505     3.64799136688    
46      5.64899456808     4.14010891003    
47      2.64063546498     4.14907470192    
48      4.58921657795     4.9285722262     
49      4.31561595092     4.9672705992     
50      2.37692515272     5.231343744      
51      1.77905744905     5.29453468939    
52      1.53244843557     5.33746124673    
53      9.29788485113     5.34060748028    
54      1.59927023376     5.37136574251    
55      2.00029900016     5.42413790238    
56      6.18091923422     5.60835510079    
57      1.34516943507     5.85950644234    
58      1.23639502563     5.91634780832    
59      1.18109033736     5.96034564302    
60      1.13177647524     5.99912359876    
61      1.09256584113     6.03905260185    
62      1.03614573413     6.07611475364    
63      1.00830091688     6.10564463282    
64      1.00004232975     6.13849264427    
65      1.00085303588     6.17133915769    
66      1.00191509521     6.20313349362    
67      1.00125270188     6.23270550484    
68      1.0078994614      6.26213407987    
