 33           19          
 33           0           
 33           32          
 33           30          
 33           34          
 13           19          
 13           0           
 13           14          
 0            3           
 0            43          
 0            68          
 0            64          
 0            5           
 0            12          
 0            35          
 0            46          
 0            7           
 0            10          
 0            57          
 0            52          
 0            6           
 0            11          
 0            62          
 0            8           
 0            67          
 0            9           
 0            1           
 0            31          
 0            26          
 0            55          
 0            27          
 0            30          
 0            4           
 0            19          
 0            40          
 0            18          
 0            17          
 0            24          
 0            53          
 0            65          
 0            2           
 0            66          
 0            61          
 0            60          
 0            63          
 0            58          
 0            28          
 0            59          
 0            47          
 0            25          
 0            16          
 0            56          
 0            48          
 0            54          
 0            50          
 0            14          
 43           19          
 43           44          
 29           19          
 29           26          
 29           30          
 15           19          
 15           14          
 5            6           
 39           19          
 39           38          
 12           19          
 35           36          
 46           19          
 46           47          
 7            6           
 41           19          
 41           42          
 41           40          
 21           19          
 10           19          
 52           53          
 44           19          
 44           45          
 6            19          
 20           19          
 11           19          
 49           19          
 49           53          
 49           48          
 9            19          
 31           19          
 31           30          
 26           28          
 26           25          
 26           19          
 26           27          
 26           40          
 26           17          
 26           24          
 23           19          
 55           53          
 27           19          
 30           28          
 30           19          
 19           40          
 19           51          
 19           22          
 19           18          
 19           17          
 19           24          
 19           28          
 19           25          
 19           16          
 19           48          
 19           38          
 19           14          
 40           42          
 51           53          
 18           56          
 18           17          
 18           24          
 18           42          
 18           14          
 17           16          
 53           56          
 53           50          
 53           54          
 37           38          
