 32           45          
 32           33          
 32           0           
 32           31          
 19           45          
 19           0           
 19           20          
 19           18          
 0            4           
 0            50          
 0            14          
 0            58          
 0            36          
 0            68          
 0            54          
 0            34          
 0            55          
 0            3           
 0            42          
 0            59          
 0            2           
 0            26          
 0            1           
 0            67          
 0            12          
 0            10          
 0            57          
 0            44          
 0            64          
 0            27          
 0            25          
 0            61          
 0            30          
 0            29          
 0            8           
 0            45          
 0            40          
 0            18          
 0            21          
 0            16          
 0            62          
 0            33          
 0            7           
 0            5           
 0            6           
 0            11          
 0            9           
 0            66          
 0            23          
 0            13          
 0            56          
 0            24          
 0            22          
 0            65          
 0            52          
 0            63          
 0            60          
 0            41          
 0            20          
 50           45          
 50           49          
 28           45          
 28           25          
 28           29          
 14           45          
 14           15          
 14           20          
 58           45          
 36           37          
 68           1           
 68           67          
 37           45          
 37           38          
 54           45          
 34           29          
 34           35          
 55           45          
 55           56          
 3            1           
 42           45          
 42           41          
 42           40          
 47           45          
 59           45          
 2            1           
 26           62          
 26           25          
 26           29          
 49           45          
 49           52          
 49           48          
 1            45          
 1            69          
 43           45          
 67           45          
 35           45          
 57           45          
 53           45          
 53           62          
 53           52          
 44           45          
 64           62          
 27           45          
 27           25          
 27           29          
 69           25          
 25           23          
 25           30          
 25           29          
 25           24          
 25           45          
 25           22          
 25           40          
 25           21          
 25           16          
 25           20          
 17           18          
 61           62          
 30           45          
 30           29          
 30           52          
 29           23          
 29           45          
 29           33          
 45           40          
 45           51          
 45           48          
 45           46          
 45           18          
 45           21          
 45           16          
 45           33          
 45           23          
 45           24          
 45           22          
 45           52          
 45           60          
 45           38          
 45           41          
 45           20          
 40           41          
 48           23          
 48           62          
 18           65          
 18           21          
 18           16          
 18           41          
 18           20          
 21           23          
 21           20          
 21           22          
 21           41          
 62           51          
 62           65          
 62           60          
 62           63          
 51           52          
 39           38          
