0       99.6889981251     0.0              
1       4.40011074614     0.003687208951   
2       1.00756341411     0.010683187493   
3       1.29751617866     0.041920631469   
4       1.03699909071     0.150946930292   
5       1.07629135467     0.203290279609   
6       1.10009046458     0.255262866967   
7       1.12015647179     0.305961755922   
8       1.16347935497     0.358329073688   
9       1.20609638658     0.418452806517   
10      1.26757996979     0.484731936863   
11      1.29640115734     0.560911535009   
12      1.31532085309     0.63273636543    
13      1.34047386427     0.707104847588   
14      4.05370443759     0.901111472468   
15      1.00340847724     0.905364374281   
16      3.83579923845     1.13572027682    
17      1.00055311986     1.27220299666    
18      8.13770892445     1.2736223783     
19      2.77949761904     1.37057513229    
20      6.29696099369     1.4192786478     
21      7.71960635865     1.72401763827    
22      2.94859674914     1.75088814304    
23      5.37632148581     1.96726969033    
24      2.10646251673     2.12974993906    
25      15.2877145743     2.15438913096    
26      2.70982727406     2.24083546478    
27      2.34596074622     2.33172307745    
28      1.68029779117     2.40700460774    
29      7.93474583715     2.41461646309    
30      3.69939772737     2.50026172637    
31      1.00034394714     2.62076909991    
32      2.05224844286     2.62880564623    
33      2.69552338366     2.66144505727    
34      2.32871160597     2.84003135526    
35      1.4331508165      2.84730915034    
36      1.18637417005     3.03912191305    
37      1.62112076922     3.04816663229    
38      1.60778066071     3.07770063105    
39      1.00028432536     3.08089929557    
40      5.22716266329     3.3578759513     
41      7.04201317702     3.37209449684    
42      2.95215981687     3.37627026191    
43      1.00390928384     3.62931086268    
44      2.22290467761     3.71945100614    
45      62.7351573043     3.74850891283    
46      1.00159713922     3.80266365902    
47      1.00188723364     3.86030637641    
48      4.32404758023     4.04553820799    
49      2.51830220112     4.14511054502    
50      1.66459184933     4.15327114679    
51      2.00477209837     4.28185101933    
52      5.36806503801     4.30068694394    
53      2.37358522557     4.36962741486    
54      2.05754963626     4.51006305638    
55      2.22088977059     4.62163778191    
56      1.28646277879     4.62546402659    
57      2.24152416896     4.74070929549    
58      2.33993983946     4.86280841753    
59      2.36904835675     5.0004064193     
60      3.54388415951     5.30044178875    
61      1.29612932657     5.4527616618     
62      12.3514148442     5.47959583939    
63      1.25109559802     5.51031065881    
64      1.40545244369     5.56439490405    
65      4.02798937932     5.77384657328    
66      1.08891033881     5.99403760606    
67      2.58948715573     6.13326827122    
68      2.47453366557     6.16595749169    
69      1.00637655567     6.26976971642    
