 18           0           
 18           15          
 9            52          
 9            8           
 9            0           
 9            15          
 0            16          
 0            15          
 0            7           
 0            51          
 0            33          
 0            1           
 0            60          
 0            61          
 0            46          
 0            29          
 0            67          
 0            56          
 0            47          
 0            3           
 0            63          
 0            77          
 0            2           
 0            74          
 0            75          
 0            55          
 0            69          
 0            27          
 0            31          
 0            66          
 0            23          
 0            64          
 0            24          
 0            28          
 0            71          
 0            52          
 0            44          
 0            13          
 0            17          
 0            14          
 0            62          
 0            30          
 0            72          
 0            73          
 0            4           
 0            11          
 0            10          
 0            5           
 0            25          
 0            6           
 0            68          
 0            20          
 0            19          
 0            12          
 0            58          
 0            70          
 0            54          
 0            45          
 0            8           
 21           22          
 21           23          
 15           7           
 15           51          
 15           24          
 15           16          
 15           47          
 15           3           
 15           69          
 15           27          
 15           10          
 15           28          
 15           13          
 15           17          
 15           14          
 15           30          
 15           23          
 15           11          
 15           31          
 15           25          
 15           20          
 15           19          
 15           12          
 15           58          
 15           54          
 15           43          
 15           8           
 26           52          
 26           23          
 26           28          
 7            52          
 7            8           
 51           52          
 37           40          
 37           39          
 37           38          
 37           36          
 33           38          
 1            77          
 1            2           
 38           40          
 38           42          
 38           35          
 38           34          
 38           36          
 38           43          
 38           39          
 38           41          
 61           62          
 46           52          
 29           28          
 67           52          
 67           68          
 76           77          
 53           52          
 49           52          
 56           52          
 56           57          
 47           52          
 3            77          
 3            52          
 63           62          
 57           52          
 57           58          
 77           52          
 40           39          
 2            52          
 48           52          
 22           62          
 22           23          
 55           52          
 59           52          
 59           62          
 59           58          
 65           64          
 69           52          
 27           28          
 31           52          
 31           28          
 66           62          
 23           25          
 23           24          
 23           28          
 23           20          
 23           52          
 23           19          
 23           44          
 23           17          
 23           14          
 64           62          
 24           52          
 28           25          
 28           52          
 28           32          
 28           30          
 52           44          
 52           60          
 52           50          
 52           13          
 52           17          
 52           14          
 52           20          
 52           19          
 52           32          
 52           58          
 52           54          
 52           43          
 52           45          
 52           8           
 44           45          
 60           62          
 60           58          
 13           12          
 13           17          
 13           14          
 13           45          
 13           8           
 62           12          
