0       83.3979243266     0.0              
1       1.3227246838      0.01663822375    
2       1.42929372227     0.027776437278   
3       3.82179496323     0.113616818726   
4       1.00148407495     0.211703205492   
5       1.00627440704     0.254554299669   
6       1.00093726446     0.306183089576   
7       3.62175044086     0.458080518702   
8       5.50872879968     0.57827630239    
9       3.10438928926     0.651045265029   
10      1.54368079075     0.8024708153     
11      1.43429289953     0.87033485939    
12      2.94949098488     0.973735875394   
13      7.61957204681     1.08116733604    
14      4.10305145543     1.16673807242    
15      36.2315405944     1.25983565107    
16      1.31765366163     1.28245625008    
17      4.36313838191     1.41148665457    
18      1.62172227794     1.55621826622    
19      3.40631204333     1.71002717921    
20      3.14672390246     1.88613199363    
21      1.00305032219     2.00099891682    
22      1.39088653658     2.00188724749    
23      13.1114762688     2.0068753066     
24      2.96326739634     2.09127271247    
25      2.85797830274     2.23936177962    
26      2.1506214266      2.35065777829    
27      2.15348553991     2.43819954517    
28      8.98711254611     2.5061456063     
29      1.50274076498     2.50932966505    
30      2.24703647741     2.57566834201    
31      3.29574373486     2.69385676803    
32      2.21666990168     2.81250059459    
33      1.95568227495     2.98175492645    
34      1.00167450016     3.01704659627    
35      1.00103119266     3.03440836759    
36      1.00182932413     3.05568860595    
37      1.07430083157     3.06329446919    
38      3.39432392328     3.06384087494    
39      1.00326442667     3.07019663372    
40      1.00339918828     3.07129244128    
41      1.00100295187     3.08827146643    
42      1.00905946074     3.10660658152    
43      2.80428843267     3.1682781519     
44      4.32949040045     3.47369537459    
45      4.44253413254     3.49523250137    
46      2.37688567063     3.77827093956    
47      4.32585283531     4.01021259848    
48      1.00125837579     4.16177217546    
49      1.00397874628     4.20533848443    
50      1.00126727997     4.25199185484    
51      4.16372001332     4.37603831979    
52      51.5365605981     4.38720911543    
53      1.00781167758     4.50519118808    
54      4.1378430496      4.68171133079    
55      2.00644765305     4.88162009281    
56      1.65367357267     5.03284827788    
57      1.60305671725     5.04540999262    
58      4.48836431106     5.12906943239    
59      1.8172725493      5.16592878862    
60      2.95429763708     5.26346127949    
61      1.12618633417     5.35971239457    
62      6.11243483819     5.37299746964    
63      1.10811438388     5.39684832424    
64      1.30297361955     5.43917435956    
65      1.00202473141     5.44145641814    
66      1.56295858801     5.4864143016     
67      2.2024477934      5.67434305192    
68      1.15101025604     5.67704287309    
69      3.87708121416     5.85424012451    
70      1.00225029592     5.96604226943    
71      1.00100909109     6.01031424327    
72      1.00181765008     6.05222701009    
73      1.00059723202     6.09510207272    
74      1.00141804883     6.14000209484    
75      1.00112697171     6.1746833182     
76      1.00087004672     6.2611712223     
77      2.83880226021     6.26717419546    
