0       87.4532088132     0.0              
1       4.02199817992     0.047758447026   
2       1.00400674739     0.139149209887   
3       1.0014138504      0.179836776962   
4       1.00245157466     0.296599454722   
5       3.65895279428     0.304273103731   
6       3.29700816401     0.441682353961   
7       1.4647955502      0.526057663914   
8       1.4355511603      0.568622634722   
9       1.48034085361     0.618115985553   
10      1.52901660725     0.672366699164   
11      1.52756749276     0.737954489536   
12      36.77290866       0.763573017313   
13      4.16756857779     0.856175497664   
14      4.29586309186     1.03594860843    
15      6.92933087496     1.11219486882    
16      3.89609854688     1.18623303578    
17      1.17618240601     1.2667647801     
18      1.18336070886     1.27063081616    
19      3.97053352957     1.44137231543    
20      14.5165072485     1.5142068168     
21      1.00436879152     1.52122770005    
22      1.00037394525     1.55321359633    
23      2.04298046397     1.63314200983    
24      5.08837475554     1.91919197606    
25      3.46227679793     2.20629730311    
26      2.03740999203     2.32743235042    
27      9.78276127741     2.38052209225    
28      1.87886741661     2.38925709417    
29      2.94444475087     2.46427534603    
30      4.45815557114     2.59887017594    
31      4.66016526772     2.8055418795     
32      3.08732034052     2.94713886732    
33      1.79081749528     3.00832245504    
34      1.00049699696     3.03367283579    
35      1.00513578873     3.0541726015     
36      1.00009339186     3.05457407303    
37      1.00519400768     3.05568860595    
38      5.0060583908      3.06449776027    
39      1.00177691535     3.07678645939    
40      1.00661487407     3.09300036667    
41      1.13113259345     3.11088644784    
42      1.98233968752     3.1812053855     
43      2.99228676513     3.20680668595    
44      3.11920070838     3.42553613483    
45      5.12256540872     3.69187123187    
46      6.42004835789     3.82182226825    
47      5.02535270135     3.94893163894    
48      1.00133532315     4.11488146122    
49      2.48910447205     4.17639882833    
50      1.00070667553     4.23866811192    
51      1.00189166344     4.26680772739    
52      1.00493433805     4.30071081876    
53      51.473242915      4.30458902629    
54      2.38284486038     4.35916705905    
55      2.2649296752      4.45321841347    
56      2.15585124527     4.55113739559    
57      1.37014728266     4.7342740476     
58      8.36805332385     4.76248332137    
59      2.20167622564     4.99476016409    
60      1.76424309679     5.18384838817    
61      1.4209135202      5.24051804267    
62      2.3900012898      5.28904872319    
63      9.99541949713     5.29276008784    
64      1.47102021592     5.35103993531    
65      1.78719549409     5.40837452705    
66      1.00130893155     5.41317645617    
67      3.50976564125     5.53198581483    
68      4.45094153929     5.85562168094    
69      1.27616622383     5.85916657722    
70      1.04778538293     5.96550897142    
71      1.0030131043      6.00691727727    
72      1.00027955077     6.036476368      
73      1.00081511347     6.06914143277    
74      1.00393814364     6.09870295779    
75      1.00106459798     6.12680783773    
76      1.00061583115     6.15573251355    
77      1.00107078703     6.18947128997    
78      1.00005792143     6.21858209579    
79      1.00012756179     6.25093388543    
