 11           0           
 11           12          
 47           53          
 47           46          
 47           0           
 47           12          
 0            76          
 0            12          
 0            45          
 0            75          
 0            33          
 0            4           
 0            62          
 0            61          
 0            54          
 0            28          
 0            49          
 0            69          
 0            44          
 0            1           
 0            8           
 0            64          
 0            68          
 0            5           
 0            67          
 0            73          
 0            72          
 0            55          
 0            59          
 0            25          
 0            30          
 0            20          
 0            65          
 0            74          
 0            27          
 0            3           
 0            53          
 0            15          
 0            14          
 0            16          
 0            63          
 0            31          
 0            77          
 0            79          
 0            9           
 0            7           
 0            10          
 0            78          
 0            24          
 0            71          
 0            70          
 0            6           
 0            19          
 0            13          
 0            58          
 0            2           
 0            56          
 0            46          
 23           63          
 23           20          
 12           45          
 12           1           
 12           8           
 12           68          
 12           5           
 12           9           
 12           25          
 12           10          
 12           27          
 12           15          
 12           14          
 12           16          
 12           31          
 12           20          
 12           7           
 12           30          
 12           24          
 12           6           
 12           19          
 12           13          
 12           58          
 12           32          
 12           46          
 29           53          
 29           20          
 29           27          
 45           53          
 45           46          
 35           36          
 35           37          
 35           38          
 33           38          
 4            5           
 38           36          
 38           40          
 38           42          
 38           39          
 38           41          
 38           34          
 38           32          
 38           31          
 38           37          
 61           63          
 54           53          
 28           27          
 49           53          
 69           68          
 50           53          
 48           53          
 44           53          
 1            53          
 64           63          
 68           53          
 36           37          
 5            53          
 52           53          
 67           63          
 67           20          
 55           53          
 60           53          
 60           63          
 66           65          
 59           53          
 25           27          
 30           53          
 30           27          
 18           17          
 18           20          
 20           24          
 20           53          
 20           19          
 20           22          
 20           14          
 20           16          
 20           21          
 65           63          
 27           24          
 27           53          
 27           26          
 27           31          
 53           43          
 53           62          
 53           51          
 53           15          
 53           14          
 53           16          
 53           6           
 53           19          
 53           26          
 53           58          
 53           57          
 53           56          
 53           32          
 53           46          
 43           58          
 43           42          
 62           63          
 15           13          
 15           14          
 15           16          
 15           17          
 63           58          
 63           13          
 58           57          
