 11           0           
 11           13          
 45           53          
 45           46          
 45           0           
 45           13          
 0            12          
 0            13          
 0            47          
 0            9           
 0            3           
 0            56          
 0            64          
 0            57          
 0            1           
 0            50          
 0            5           
 0            69          
 0            71          
 0            8           
 0            4           
 0            2           
 0            75          
 0            80          
 0            58          
 0            7           
 0            68          
 0            29          
 0            21          
 0            67          
 0            28          
 0            78          
 0            53          
 0            16          
 0            14          
 0            19          
 0            65          
 0            31          
 0            81          
 0            77          
 0            6           
 0            74          
 0            10          
 0            76          
 0            24          
 0            79          
 0            73          
 0            48          
 0            23          
 0            15          
 0            60          
 0            72          
 0            46          
 62           65          
 62           21          
 13           47          
 13           9           
 13           40          
 13           12          
 13           71          
 13           8           
 13           4           
 13           2           
 13           6           
 13           7           
 13           27          
 13           10          
 13           28          
 13           16          
 13           14          
 13           19          
 13           31          
 13           21          
 13           29          
 13           24          
 13           48          
 13           23          
 13           15          
 13           60          
 13           44          
 13           46          
 25           53          
 25           21          
 25           28          
 47           53          
 47           46          
 40           39          
 40           41          
 40           37          
 40           38          
 42           37          
 3            4           
 37           39          
 37           43          
 37           35          
 37           34          
 37           36          
 37           32          
 37           38          
 37           44          
 37           31          
 37           41          
 37           33          
 64           65          
 57           53          
 50           53          
 5            4           
 55           53          
 70           53          
 70           69          
 69           53          
 69           65          
 71           53          
 26           65          
 26           28          
 4            53          
 2            53          
 51           53          
 27           28          
 58           53          
 63           53          
 63           65          
 66           65          
 7            53          
 68           65          
 68           21          
 29           53          
 29           28          
 21           24          
 21           53          
 21           23          
 21           22          
 21           14          
 21           19          
 21           20          
 67           65          
 56           53          
 52           53          
 28           24          
 28           30          
 28           31          
 53           49          
 53           54          
 53           16          
 53           14          
 53           19          
 53           48          
 53           23          
 53           30          
 53           60          
 53           61          
 53           59          
 53           44          
 53           17          
 53           46          
 16           15          
 16           14          
 16           19          
 16           17          
 16           46          
 65           15          
 60           61          
 60           59          
 17           18          
