0       66.7122375322     0.0              
1       1.00549310794     0.009474466059   
2       3.24706589009     0.073532769727   
3       1.00168396813     0.197353219689   
4       3.50641147847     0.207245448334   
5       1.00098265609     0.216826461639   
6       1.59274124657     0.314405765889   
7       3.10250271929     0.395840821163   
8       1.48628873742     0.476633596883   
9       1.47982636782     0.522833532908   
10      1.49373630096     0.568583685991   
11      1.55185937808     0.616360671111   
12      1.65165846259     0.676023760295   
13      41.333632101      0.694864834382   
14      5.84813869502     0.863200875008   
15      3.29083448749     1.04700630294    
16      8.5809279263      1.07972585848    
17      1.76545986303     1.19392428662    
18      1.00077301642     1.19538448953    
19      5.12325221264     1.33579354105    
20      1.00014633386     1.51677293895    
21      12.983128735      1.54818846102    
22      1.00073616123     1.54907903873    
23      4.11193890044     1.62427817748    
24      4.26727558443     1.83790747262    
25      3.26387621878     1.98759456126    
26      2.03283534469     2.09359428153    
27      1.94622325335     2.14715103362    
28      8.18912536834     2.15157695768    
29      4.24709146781     2.25275078039    
30      2.94381026167     2.38114190138    
31      5.77345303118     2.65008288854    
32      1.51229982537     2.86523343122    
33      1.15261062072     2.89416447366    
34      1.00085561643     2.91659557212    
35      1.00020290008     2.93146874424    
36      1.00046933065     2.94434916447    
37      7.4009621025      2.95548999955    
38      1.00365850741     2.96585785212    
39      1.00025289152     2.97939253612    
40      2.52029091144     2.97939365964    
41      1.00861604659     2.9923343755     
42      1.07941634483     3.01765367216    
43      1.51989871649     3.05204577609    
44      4.52667146511     3.18167127224    
45      6.25484767554     3.78032309763    
46      10.176674622      3.98550178212    
47      5.92314969227     4.18548727126    
48      4.67321312201     4.57548259947    
49      1.00888969426     4.71384440833    
50      2.51138559528     4.77724582667    
51      1.00105309436     4.83233309535    
52      1.00028643982     4.86307787533    
53      52.7900592623     4.88927295668    
54      1.00340376505     4.89494505288    
55      1.01644400242     4.92638435614    
56      2.38926656471     4.98583304005    
57      2.22288533374     5.0799243731     
58      2.08865996812     5.16055011868    
59      1.20282858045     5.26721496344    
60      3.98821085582     5.28336501727    
61      1.1363189424      5.29275353396    
62      1.34041473747     5.52261845779    
63      1.14245792994     5.5435947837     
64      1.06448470612     5.56260064088    
65      7.59976642882     5.57746875715    
66      1.00183713682     5.57986747467    
67      1.23327656883     5.60735535428    
68      2.40130829363     5.66285692136    
69      3.05431445828     5.76801156653    
70      1.19720260607     5.7755048904     
71      3.51978594348     5.94684410289    
72      1.00264223356     6.01976642616    
73      1.00407144616     6.05378533383    
74      1.00163159971     6.0822461827     
75      1.0034789931      6.11633362516    
76      1.00141951911     6.14559891513    
77      1.00076840943     6.17256173588    
78      1.00007234217     6.19628020225    
79      1.00169944863     6.21848678375    
80      1.0049414507      6.24490432227    
81      1.0032843356      6.26640608154    
