0       96.7664571697     0.0              
1       1.00641640389     0.026919752451   
2       1.00005739585     0.065323575667   
3       1.00917655476     0.1767695644     
4       4.30286902947     0.180053616531   
5       3.26534850681     0.26522849899    
6       2.65900248287     0.315242040083   
7       1.00134289332     0.320529704815   
8       1.11659073003     0.421300932467   
9       6.04394123        0.668967673375   
10      1.36308260301     0.850711440121   
11      9.03214826784     0.867208100211   
12      4.96514336974     0.994055128721   
13      3.12337367159     1.20158258084    
14      2.33084615614     1.22804674549    
15      4.17106255855     1.44611544694    
16      1.00258866332     1.55034749404    
17      1.00037055144     1.58482873064    
18      16.2860559489     1.58872472726    
19      1.00077609005     1.61598921342    
20      3.90341376222     1.7037440748     
21      3.9146794808      1.8784354997     
22      4.73987569588     2.09581398469    
23      1.55529081961     2.22340253712    
24      6.20048610804     2.24456855084    
25      2.3277893276      2.28243083689    
26      2.56975490275     2.38738455903    
27      1.29957892773     2.40359659378    
28      3.98246162178     2.44612748445    
29      2.46748629504     2.65392046205    
30      4.25255129478     2.83653420863    
31      1.50730465713     2.837246521      
32      1.34456545451     2.93232187125    
33      1.69246080882     2.95857369042    
34      3.69379742408     2.97250235581    
35      1.00012092206     2.98350424878    
36      1.62443217689     3.01897156239    
37      1.42688102977     3.03388780282    
38      1.35012754977     3.04883138226    
39      1.00012962905     3.05359660969    
40      2.13136751135     3.15373566948    
41      2.11932075124     3.25288196636    
42      2.09250489629     3.34843042762    
43      1.00228256955     3.41391704257    
44      1.002460655       3.45209842032    
45      1.97859508925     3.51388283435    
46      55.2688094815     3.56041280469    
47      3.4441450855      3.6534697025     
48      3.13545193412     3.83626419553    
49      2.89297963104     3.99880328868    
50      3.4425274265      4.23069541905    
51      7.78465949773     4.32175305791    
52      3.47888653533     4.41384461705    
53      2.9882905089      4.65977991834    
54      1.00092486097     4.75064796301    
55      1.00024024615     4.79195234316    
56      59.9929255914     4.86703622737    
57      3.36278580465     4.90501648314    
58      1.00085031136     5.17560923354    
59      4.67610226019     5.19558169336    
60      1.00061056397     5.19804164278    
61      2.10658390658     5.24725186629    
62      1.70199337946     5.3422738493     
63      1.77632432544     5.41502277581    
64      1.95886831781     5.52331204481    
65      2.13359394582     5.68380703178    
66      1.0055062456      5.72024431859    
67      3.86947012865     5.73187425985    
68      1.00138745072     5.73668573889    
69      1.00035216575     5.75339455721    
70      2.99481985001     5.82594330972    
71      2.02170094417     5.8401427437     
72      1.00830486424     5.99839480808    
73      1.00199466175     6.03864888327    
74      1.00262907337     6.08056408438    
75      1.00072833311     6.11519643457    
76      1.00140101205     6.14653162488    
77      1.00100748517     6.17769454196    
78      1.00147592556     6.20689522946    
79      1.00248328155     6.23565343691    
80      1.00012640424     6.27453213504    
