 40           0           
 40           46          
 52           56          
 52           51          
 52           0           
 52           46          
 0            45          
 0            46          
 0            50          
 0            41          
 0            32          
 0            5           
 0            63          
 0            69          
 0            64          
 0            79          
 0            62          
 0            3           
 0            71          
 0            70          
 0            53          
 0            49          
 0            68          
 0            4           
 0            57          
 0            6           
 0            77          
 0            75          
 0            8           
 0            47          
 0            65          
 0            20          
 0            18          
 0            66          
 0            72          
 0            48          
 0            24          
 0            76          
 0            56          
 0            11          
 0            9           
 0            12          
 0            67          
 0            30          
 0            78          
 0            80          
 0            42          
 0            1           
 0            29          
 0            2           
 0            22          
 0            73          
 0            7           
 0            21          
 0            15          
 0            25          
 0            10          
 0            59          
 0            74          
 0            26          
 0            13          
 0            51          
 19           18          
 46           28          
 46           50          
 46           41          
 46           36          
 46           5           
 46           45          
 46           53          
 46           49          
 46           4           
 46           57          
 46           42          
 46           47          
 46           23          
 46           29          
 46           31          
 46           37          
 46           48          
 46           24          
 46           43          
 46           14          
 46           11          
 46           9           
 46           12          
 46           30          
 46           18          
 46           20          
 46           22          
 46           44          
 46           21          
 46           15          
 46           59          
 46           26          
 46           33          
 46           51          
 28           56          
 28           18          
 28           24          
 28           27          
 50           56          
 50           51          
 39           38          
 32           34          
 5            4           
 5            6           
 34           36          
 34           56          
 34           38          
 34           33          
 34           30          
 34           35          
 69           67          
 64           56          
 62           56          
 3            4           
 54           56          
 71           56          
 71           70          
 70           56          
 70           67          
 53           56          
 49           56          
 68           67          
 4            56          
 57           56          
 6            56          
 6            7           
 27           26          
 23           24          
 61           56          
 61           67          
 61           59          
 47           56          
 65           67          
 65           18          
 20           56          
 20           18          
 31           30          
 14           13          
 14           18          
 18           22          
 18           21          
 18           56          
 18           15          
 18           17          
 18           9           
 18           12          
 18           16          
 37           38          
 37           36          
 66           67          
 63           56          
 48           56          
 24           22          
 24           56          
 24           25          
 24           30          
 56           58          
 56           55          
 56           11          
 56           9           
 56           12          
 56           22          
 56           21          
 56           15          
 56           25          
 56           59          
 56           60          
 56           26          
 56           33          
 56           13          
 56           51          
 58           59          
 11           10          
 11           9           
 11           12          
 11           13          
 11           51          
 59           60          
