 55           58          
 55           0           
 55           47          
 53           58          
 53           52          
 53           0           
 53           47          
 0            43          
 0            47          
 0            51          
 0            57          
 0            32          
 0            7           
 0            49          
 0            77          
 0            61          
 0            27          
 0            72          
 0            5           
 0            62          
 0            74          
 0            48          
 0            60          
 0            6           
 0            45          
 0            8           
 0            79          
 0            80          
 0            1           
 0            2           
 0            20          
 0            70          
 0            25          
 0            29          
 0            19          
 0            75          
 0            10          
 0            38          
 0            42          
 0            26          
 0            81          
 0            58          
 0            67          
 0            71          
 0            13          
 0            11          
 0            15          
 0            76          
 0            30          
 0            41          
 0            82          
 0            44          
 0            73          
 0            40          
 0            3           
 0            16          
 0            4           
 0            59          
 0            56          
 0            21          
 0            28          
 0            12          
 0            66          
 0            9           
 0            68          
 0            14          
 0            52          
 47           22          
 47           51          
 47           57          
 47           38          
 47           7           
 47           43          
 47           50          
 47           48          
 47           60          
 47           6           
 47           45          
 47           8           
 47           44          
 47           70          
 47           25          
 47           29          
 47           31          
 47           37          
 47           49          
 47           42          
 47           26          
 47           54          
 47           13          
 47           11          
 47           15          
 47           30          
 47           41          
 47           19          
 47           73          
 47           40          
 47           16          
 47           46          
 47           56          
 47           21          
 47           66          
 47           68          
 47           39          
 47           52          
 22           58          
 22           19          
 22           26          
 51           58          
 51           52          
 57           58          
 35           36          
 32           33          
 7            6           
 7            8           
 33           38          
 33           58          
 33           36          
 33           39          
 33           30          
 33           34          
 77           76          
 61           58          
 27           26          
 72           58          
 5            6           
 50           58          
 62           58          
 74           58          
 74           76          
 48           58          
 60           58          
 78           76          
 6            58          
 45           58          
 8            58          
 69           70          
 69           66          
 69           68          
 79           76          
 79           19          
 20           19          
 63           58          
 63           64          
 70           58          
 25           26          
 29           58          
 29           26          
 17           19          
 36           37          
 36           31          
 19           16          
 19           26          
 19           58          
 19           21          
 19           23          
 19           11          
 19           15          
 19           18          
 37           38          
 75           76          
 42           58          
 26           16          
 26           58          
 26           23          
 26           28          
 26           24          
 26           30          
 58           67          
 58           49          
 58           64          
 58           54          
 58           71          
 58           13          
 58           11          
 58           15          
 58           16          
 58           59          
 58           56          
 58           21          
 58           28          
 58           66          
 58           65          
 58           68          
 58           39          
 58           52          
 67           66          
 13           12          
 13           11          
 13           15          
 13           14          
 13           52          
 76           64          
 76           12          
 76           73          
 30           31          
 66           64          
 66           65          
