0       106.08387955      0.0              
1       1.00144822031     0.032933960818   
2       1.00002945148     0.075636750212   
3       1.00387088148     0.113940392799   
4       1.0057739651      0.14875306812    
5       1.00016732085     0.228425693319   
6       3.61200868227     0.233707740446   
7       3.09787237637     0.309717312402   
8       3.52297082993     0.373727304663   
9       1.12232723671     0.491086572119   
10      1.16193393994     0.5504564223     
11      5.38421695695     0.740350210996   
12      2.26522726901     0.916261030776   
13      7.04142827476     0.949358463909   
14      1.3463099783      0.98647622999    
15      5.08329832131     1.18012295362    
16      4.98417054099     1.57498219185    
17      1.00199462963     1.69559704891    
18      1.00154015693     1.72568007497    
19      14.3703271613     1.7401487795     
20      1.37464300701     1.7663174581     
21      2.95341919563     1.83863925935    
22      2.79507642798     1.98558870162    
23      1.44732367008     2.06192821426    
24      1.00012595803     2.10777049608    
25      2.06448974456     2.15719381409    
26      11.3486149528     2.16448621495    
27      1.41764716603     2.20966487031    
28      2.34421830063     2.28800013091    
29      3.84986714715     2.47056594058    
30      3.24539129379     2.73871521988    
31      1.76931317947     2.75949698939    
32      1.12201362228     2.80082795954    
33      2.6425597924      2.81727705723    
34      1.00409453113     2.82086895414    
35      1.00165532489     2.84644329009    
36      1.4938099777      2.84683202838    
37      1.42271742731     2.87268312503    
38      1.93957319022     2.88337193012    
39      2.39662140331     2.94342263408    
40      1.91108652791     3.04178727957    
41      1.85297925072     3.12172917532    
42      2.98180698654     3.22833634599    
43      1.74955672399     3.32863572405    
44      1.70904082982     3.4037045402     
45      2.92449706999     3.50875861852    
46      1.00011499091     3.59716952259    
47      56.2650909993     3.67825879084    
48      2.70925403976     3.68192053331    
49      2.49682697529     3.81251487915    
50      1.41064234206     3.91230658367    
51      2.89511519055     4.04836564243    
52      6.60999461121     4.1255709217     
53      2.77872654775     4.19162169639    
54      1.33688486621     4.32420532993    
55      2.43006715191     4.43851536116    
56      2.61513773617     4.57849401049    
57      2.80844465942     4.74351669381    
58      55.1060738364     4.76354879387    
59      1.41383119307     4.86049003177    
60      2.65035968277     4.96067759022    
61      1.41897805289     5.05025967138    
62      1.3890804334      5.10899716645    
63      1.00135440974     5.17454319929    
64      1.90888256693     5.18075552187    
65      1.00089865945     5.24246341943    
66      4.43104697967     5.24970657261    
67      1.50259571048     5.27407050184    
68      1.92297159355     5.35696894333    
69      1.27460568836     5.36781054729    
70      2.71682344952     5.40617710706    
71      1.8274125838      5.54556693771    
72      1.92367843672     5.66322487452    
73      2.44916363958     5.85435865599    
74      1.90521096597     5.93124419988    
75      1.00034219158     5.9705249313     
76      6.31333862331     5.98839884099    
77      1.00019050979     5.99605151761    
78      1.00247349275     6.01994899833    
79      2.56652868469     6.09407217839    
80      1.0029346735      6.19035568832    
81      1.00274866773     6.23093240131    
82      1.00333539439     6.27140874643    
