 0            66          
 0            61          
 0            56          
 0            55          
 0            59          
 0            48          
 0            2           
 0            46          
 0            83          
 0            91          
 0            77          
 0            34          
 0            80          
 0            96          
 0            81          
 0            92          
 0            64          
 0            67          
 0            97          
 0            69          
 0            78          
 0            86          
 0            1           
 0            5           
 0            8           
 0            63          
 0            39          
 0            94          
 0            23          
 0            95          
 0            93          
 0            47          
 0            50          
 0            68          
 0            36          
 0            3           
 0            72          
 0            82          
 0            10          
 0            14          
 0            9           
 0            89          
 0            41          
 0            52          
 0            7           
 0            54          
 0            6           
 0            49          
 0            4           
 0            33          
 0            51          
 0            79          
 0            35          
 0            13          
 0            15          
 0            38          
 0            90          
 0            74          
 0            87          
 0            84          
 0            11          
 0            60          
 37           36          
 34           36          
 80           72          
 80           79          
 63           72          
 63           55          
 16           23          
 31           55          
 31           23          
 52           55          
 54           55          
 49           55          
 51           55          
 79           72          
 79           78          
 25           23          
 38           72          
 38           36          
 73           72          
 73           74          
 84           72          
 84           55          
 84           85          
 66           72          
 66           55          
 56           55          
 32           72          
 32           55          
 32           23          
 32           36          
 48           55          
 50           55          
 46           55          
 77           72          
 11           10          
 11           12          
 96           97          
 12           72          
 64           72          
 64           55          
 67           72          
 67           55          
 57           55          
 97           72          
 97           55          
 97           36          
 78           72          
 78           55          
 85           89          
 62           72          
 62           55          
 72           61          
 72           92          
 72           59          
 72           75          
 72           71          
 72           83          
 72           81          
 72           69          
 72           76          
 72           68          
 72           36          
 72           82          
 72           10          
 72           14          
 72           9           
 72           70          
 72           23          
 72           94          
 72           65          
 72           33          
 72           35          
 72           15          
 72           42          
 72           74          
 72           58          
 72           60          
 10           55          
 10           14          
 10           9           
 10           60          
 14           55          
 14           13          
 14           23          
 9            55          
 9            23          
 23           55          
 23           86          
 23           88          
 23           18          
 23           19          
 23           21          
 23           24          
 23           27          
 23           20          
 23           36          
 23           29          
 23           17          
 23           22          
 23           33          
 23           28          
 23           30          
 23           26          
 23           35          
 23           15          
 33           55          
 33           36          
 89           93          
 89           92          
 89           75          
 89           91          
 89           88          
 89           83          
 89           74          
 89           86          
 89           90          
 89           87          
 89           94          
 35           55          
 35           36          
 15           55          
 74           55          
 74           75          
 83           55          
 55           61          
 55           59          
 55           69          
 55           39          
 55           94          
 55           40          
 55           45          
 55           93          
 55           47          
 55           68          
 55           36          
 55           41          
 55           65          
 55           53          
 55           42          
 55           58          
 55           60          
 75           76          
 43           44          
 43           41          
 39           36          
 39           40          
 40           41          
 45           44          
 36           41          
 41           42          
 44           42          
 42           58          
 58           60          
 60           61          
 60           59          
