0       138.855139801     0.0              
1       1.00274481026     0.101581848118   
2       1.00420462172     0.139555550013   
3       1.00459748058     0.17189498092    
4       1.01980079474     0.20441043013    
5       1.05171635228     0.23971108811    
6       1.08134637155     0.278562447225   
7       1.10612322516     0.319666091608   
8       1.14449012757     0.361476056247   
9       6.71735367542     0.591727471325   
10      8.86374374174     0.714044462822   
11      1.86683868835     0.79164906021    
12      1.09125675102     0.795152198953   
13      1.58641105023     1.02111625757    
14      6.98276535706     1.02927938727    
15      4.98325420594     1.41033879053    
16      1.00063185223     1.54428310173    
17      1.000087152       1.56492368209    
18      1.00050689163     1.58276519692    
19      1.00006038797     1.59927121968    
20      1.00042107608     1.61703933113    
21      1.00066515482     1.63317983504    
22      1.00008372065     1.64848294123    
23      26.4426246842     1.65933503138    
24      1.00156749258     1.66643531013    
25      1.0015255693      1.68280201629    
26      1.00063940528     1.69909157399    
27      1.00094844319     1.71583653224    
28      1.00061125324     1.73303202244    
29      1.01430374024     1.75158435161    
30      1.00323966872     1.77179200184    
31      1.84938405683     1.8144127742     
32      3.69149922426     1.93355993821    
33      4.65984633713     2.07600593346    
34      1.52808288243     2.18454256434    
35      4.23762792987     2.25237964392    
36      14.8457679001     2.26160674809    
37      1.00080558716     2.30455259254    
38      2.46634937831     2.36788959568    
39      2.68299435888     2.49747764113    
40      1.96813970909     2.51614569297    
41      3.88177875029     2.57816555488    
42      3.01899872705     2.58847685689    
43      1.00622016649     2.61225318459    
44      1.26694824976     2.61628025867    
45      1.21144244128     2.62458457751    
46      2.2700420948      2.74480620219    
47      2.27202749353     2.83327412495    
48      2.25090643296     2.91940699638    
49      2.21379433448     3.00010165126    
50      2.15882696737     3.08067833643    
51      2.09987673944     3.15087481029    
52      2.05406669733     3.21600345505    
53      1.00086155953     3.26260752658    
54      1.97535606178     3.30106155568    
55      83.9280918765     3.34867800017    
56      1.95781089432     3.36138607694    
57      1.00039361665     3.41091994475    
58      4.07838473666     3.51281605108    
59      3.24507056228     3.65630378444    
60      8.70553521752     3.65888961503    
61      3.84696673286     3.78640602804    
62      1.82687391843     3.92544532011    
63      3.01609773277     4.01865408053    
64      2.94624444475     4.12934688881    
65      1.72585017165     4.20297759213    
66      2.88368253828     4.27329802781    
67      2.88193282033     4.37122272117    
68      2.89471660873     4.46987330277    
69      2.9399585228      4.57304437146    
70      1.00352196439     4.63965362975    
71      1.00188266083     4.6765084919     
72      71.9665802033     4.70952353349    
73      1.00021137384     4.79744317796    
74      6.52464435521     4.80142250239    
75      2.36135757281     4.87209263401    
76      1.0021590731      4.87494075996    
77      1.70784057381     4.98164680049    
78      3.20328130299     5.07800933141    
79      2.39258437804     5.11064818068    
80      1.60510279506     5.11972492027    
81      1.81682387743     5.19789689581    
82      1.87703851821     5.26807820214    
83      4.55659881969     5.39129962811    
84      2.75334010935     5.50782037433    
85      1.10517446717     5.51239685021    
86      2.26481885842     5.63338209472    
87      1.06751993418     5.67170839498    
88      1.00184519288     5.69107977102    
89      10.8091267786     5.69793999076    
90      1.00370171102     5.70876698895    
91      1.01980989212     5.72751780684    
92      1.99504801615     5.75392223762    
93      2.34875561291     5.80332102542    
94      4.8049861896      5.92858407646    
95      1.00385462433     6.11579377328    
96      1.03039751038     6.25822609903    
97      6.12905649871     6.26236065662    
