0       125.757573303     0.0              
1       1.05260885531     0.068514750055   
2       5.39631476536     0.072645375324   
3       1.00138667334     0.189334275199   
4       1.00368053003     0.22327884323    
5       2.52354371009     0.288422093759   
6       2.52076556152     0.391411526539   
7       3.79168248861     0.552164548856   
8       1.29665835349     0.554552031162   
9       2.46911804801     0.702713003667   
10      1.36272673191     0.988589947658   
11      8.04340035735     1.01006043559    
12      5.18198060708     1.11152337772    
13      2.76210298205     1.35666706478    
14      1.00104733833     1.42522881546    
15      1.00415775187     1.44904334289    
16      1.00020617685     1.47082017757    
17      1.00163389916     1.49009567981    
18      1.00003069027     1.50879818629    
19      1.00241540029     1.52716401096    
20      1.00220241591     1.54724133275    
21      29.6247504002     1.55700323295    
22      1.00005637749     1.57006266753    
23      1.00090308899     1.59244470557    
24      1.00186648081     1.61508590247    
25      1.00038369654     1.63221959902    
26      1.00217734227     1.65422787904    
27      1.00273078056     1.68056620933    
28      1.00056758937     1.70015817       
29      1.66280991332     1.74033490949    
30      4.84710315542     1.87017350014    
31      2.82779451392     2.04564464867    
32      2.72187304601     2.12775456561    
33      1.33966076505     2.18007469549    
34      17.3810370547     2.20884507442    
35      1.00074684235     2.20915366821    
36      1.98680459253     2.24231851261    
37      3.96496059691     2.33438057932    
38      2.69278188638     2.38783471648    
39      2.12834972635     2.41977342487    
40      3.57379898526     2.47965972024    
41      1.27026168528     2.49274836637    
42      1.89471061829     2.61379765158    
43      1.76560399872     2.69448182026    
44      2.14737239709     2.71133650907    
45      1.20203094918     2.7242865876     
46      1.39050947992     2.73569669323    
47      1.11841087594     2.73870061411    
48      2.50788001497     2.75975802079    
49      5.45389272639     2.84912326238    
50      1.7181181485      2.96240489732    
51      9.65279283826     2.99386423671    
52      3.52110299161     3.0397802964     
53      4.96517267072     3.19953750453    
54      3.81335413242     3.21380210273    
55      2.80025279013     3.2331858375     
56      82.5759846891     3.25984914846    
57      1.68850265366     3.35925907598    
58      2.81779898257     3.46308502872    
59      1.64572402843     3.54517132831    
60      2.9230895022      3.65336376383    
61      2.79514966226     3.78830182943    
62      5.51152424643     3.98243850188    
63      2.88370001455     4.19468619377    
64      1.00140370988     4.27556042477    
65      1.00043742579     4.30846152259    
66      69.9659745582     4.36265568564    
67      2.80876060108     4.36492697714    
68      1.00337623117     4.4295587447     
69      2.74765470593     4.49137506204    
70      1.59703761461     4.57678373051    
71      1.82317422879     4.67005386327    
72      1.00005204065     4.70437790055    
73      5.43235982039     4.70894463925    
74      1.84612806685     4.74229449012    
75      1.74356003918     4.8584693791     
76      1.78264418369     4.92713692802    
77      2.60320647386     5.02577646166    
78      1.53908874921     5.05196611266    
79      2.26296643887     5.06786992812    
80      2.44700843328     5.14990494366    
81      1.00127310351     5.18596622541    
82      3.45694669584     5.18984705449    
83      1.58343778915     5.21084978314    
84      1.34865186004     5.25287040799    
85      1.68987362013     5.25514216762    
86      2.34989424683     5.28517950382    
87      1.44719139425     5.29144519366    
88      1.28861856187     5.3614113457     
89      1.91934926859     5.39852068537    
90      1.08419201729     5.43038861193    
91      1.0636228867      5.45066479695    
92      16.4286195756     5.45409209802    
93      1.01860758817     5.4707745136     
94      2.81348028608     5.50669198465    
95      1.1995302378      5.54997713247    
96      3.16574677813     5.60959565532    
97      1.00010875466     5.6131461692     
98      2.33714761911     5.68846028161    
99      2.63643472008     5.76429964012    
100     2.92250060156     5.85888270089    
101     4.77610056358     6.01692691387    
102     1.0003212941      6.1333175189     
103     1.00322763032     6.16764258607    
104     1.00163189439     6.20141488087    
105     1.00027691403     6.23797912556    
