 0            31          
 0            55          
 0            57          
 0            56          
 0            54          
 0            94          
 0            75          
 0            6           
 0            101         
 0            88          
 0            76          
 0            33          
 0            82          
 0            1           
 0            70          
 0            87          
 0            86          
 0            60          
 0            61          
 0            100         
 0            2           
 0            67          
 0            69          
 0            99          
 0            83          
 0            3           
 0            102         
 0            98          
 0            63          
 0            38          
 0            79          
 0            58          
 0            95          
 0            21          
 0            4           
 0            96          
 0            104         
 0            44          
 0            7           
 0            34          
 0            91          
 0            66          
 0            43          
 0            51          
 0            11          
 0            52          
 0            92          
 0            13          
 0            40          
 0            59          
 0            103         
 0            5           
 0            90          
 0            42          
 0            105         
 0            37          
 0            9           
 0            80          
 0            30          
 0            10          
 0            12          
 0            62          
 0            89          
 0            73          
 0            93          
 0            77          
 0            49          
 0            50          
 0            53          
 35           34          
 33           34          
 82           92          
 82           80          
 82           85          
 82           83          
 82           66          
 82           81          
 83           92          
 63           66          
 63           56          
 28           21          
 91           92          
 13           56          
 13           21          
 59           56          
 5            56          
 90           92          
 42           56          
 9            56          
 80           66          
 80           56          
 17           21          
 62           66          
 62           56          
 62           34          
 71           66          
 71           56          
 71           73          
 77           66          
 77           56          
 77           78          
 31           66          
 31           56          
 31           34          
 57           56          
 32           66          
 32           56          
 32           21          
 32           34          
 94           66          
 94           92          
 94           56          
 44           43          
 44           45          
 44           56          
 44           48          
 6            56          
 76           66          
 50           56          
 50           51          
 1            2           
 70           66          
 60           66          
 60           56          
 61           66          
 61           56          
 100          92          
 100          34          
 2            66          
 2            56          
 2            34          
 69           66          
 69           56          
 78           79          
 78           92          
 79           66          
 79           92          
 85           66          
 85           86          
 85           84          
 66           55          
 66           56          
 66           54          
 66           75          
 66           72          
 66           101         
 66           87          
 66           86          
 66           67          
 66           84          
 66           96          
 66           68          
 66           7           
 66           34          
 66           64          
 66           51          
 66           11          
 66           52          
 66           40          
 66           65          
 66           21          
 66           58          
 66           36          
 66           37          
 66           30          
 66           12          
 66           48          
 66           73          
 66           49          
 66           53          
 66           74          
 95           92          
 51           56          
 51           54          
 51           53          
 51           43          
 51           11          
 51           52          
 51           49          
 51           21          
 11           56          
 11           10          
 11           12          
 11           21          
 52           56          
 52           21          
 21           56          
 21           99          
 21           98          
 21           25          
 21           18          
 21           14          
 21           16          
 21           23          
 21           24          
 21           29          
 21           8           
 21           34          
 21           19          
 21           27          
 21           15          
 21           37          
 21           20          
 21           26          
 21           22          
 21           30          
 21           12          
 21           49          
 37           56          
 37           34          
 37           38          
 92           96          
 92           98          
 92           86          
 92           84          
 92           101         
 92           73          
 92           88          
 92           99          
 92           89          
 92           93          
 92           74          
 30           56          
 30           34          
 12           56          
 73           56          
 73           72          
 73           74          
 101          56          
 56           55          
 56           54          
 56           67          
 56           38          
 56           58          
 56           39          
 56           45          
 56           89          
 56           96          
 56           7           
 56           34          
 56           40          
 56           36          
 56           47          
 56           29          
 56           48          
 56           49          
 56           53          
 41           46          
 41           40          
 96           97          
 38           34          
 38           39          
 39           34          
 39           40          
 45           46          
 34           47          
 34           36          
 34           40          
 47           46          
 46           48          
 48           49          
 49           53          
 53           55          
 53           54          
 55           54          
 86           87          
 8            7           
