 0            53          
 0            62          
 0            51          
 0            55          
 0            64          
 0            57          
 0            9           
 0            10          
 0            102         
 0            96          
 0            77          
 0            39          
 0            101         
 0            2           
 0            84          
 0            89          
 0            56          
 0            52          
 0            50          
 0            66          
 0            74          
 0            7           
 0            105         
 0            76          
 0            97          
 0            83          
 0            85          
 0            65          
 0            27          
 0            98          
 0            5           
 0            81          
 0            41          
 0            3           
 0            73          
 0            90          
 0            14          
 0            12          
 0            16          
 0            93          
 0            43          
 0            104         
 0            4           
 0            103         
 0            6           
 0            106         
 0            1           
 0            38          
 0            107         
 0            8           
 0            17          
 0            11          
 0            36          
 0            42          
 0            95          
 0            79          
 0            94          
 0            63          
 40           41          
 39           41          
 101          73          
 101          100         
 92           93          
 76           73          
 76           55          
 83           73          
 85           73          
 24           27          
 19           27          
 30           27          
 37           27          
 37           41          
 42           73          
 42           41          
 80           73          
 80           79          
 58           73          
 58           55          
 53           55          
 51           55          
 45           73          
 45           55          
 45           27          
 45           41          
 57           55          
 10           55          
 77           73          
 13           14          
 67           73          
 56           73          
 56           55          
 52           55          
 91           93          
 50           73          
 50           55          
 50           41          
 74           73          
 74           55          
 87           86          
 86           73          
 86           93          
 73           62          
 73           89          
 73           64          
 73           88          
 73           72          
 73           71          
 73           102         
 73           84          
 73           66          
 73           68          
 73           81          
 73           41          
 73           75          
 73           14          
 73           12          
 73           16          
 73           59          
 73           65          
 73           69          
 73           38          
 73           17          
 73           36          
 73           60          
 73           79          
 73           70          
 73           61          
 73           63          
 73           78          
 90           93          
 14           55          
 14           15          
 14           12          
 14           16          
 14           63          
 12           55          
 12           11          
 12           27          
 16           55          
 16           27          
 27           55          
 27           97          
 27           28          
 27           29          
 27           26          
 27           35          
 27           33          
 27           34          
 27           23          
 27           22          
 27           82          
 27           41          
 27           32          
 27           31          
 27           20          
 27           38          
 27           21          
 27           25          
 27           18          
 27           17          
 27           36          
 38           55          
 38           41          
 93           98          
 93           89          
 93           88          
 93           95          
 93           79          
 93           96          
 93           97          
 93           94          
 17           55          
 36           55          
 79           55          
 79           78          
 102          55          
 55           62          
 55           64          
 55           66          
 55           44          
 55           49          
 55           46          
 55           81          
 55           41          
 55           43          
 55           59          
 55           65          
 55           54          
 55           60          
 55           61          
 55           63          
 48           47          
 98           99          
 44           41          
 49           47          
 46           47          
 41           43          
 47           60          
 60           61          
 61           63          
 63           62          
 63           64          
 82           81          
