0       161.578609611     0.0              
1       1.00335241883     0.006603682434   
2       1.00069652371     0.027690300662   
3       1.00183750765     0.048216469122   
4       1.00152380511     0.07422560773    
5       1.0008455194      0.099608383333   
6       1.00843246149     0.122139849676   
7       1.04578838408     0.145449167117   
8       1.09254811428     0.168634897238   
9       1.17672666463     0.199155722016   
10      4.20105347312     0.30629469267    
11      1.79066157788     0.688621427713   
12      9.31851140214     0.691763916188   
13      1.00049300744     0.859044596008   
14      11.1210104636     0.86508464536    
15      1.00423437444     0.874211007133   
16      8.37228707198     1.04316460985    
17      6.50106302089     1.41600320933    
18      1.10967728082     1.54263639433    
19      1.00085379758     1.55992401326    
20      1.00101787033     1.57223593181    
21      1.00046253999     1.58269928368    
22      1.00245427777     1.59313529653    
23      1.00005865177     1.60272866857    
24      1.00003646896     1.61229432708    
25      1.00290287069     1.62243410487    
26      1.00195691366     1.63184509199    
27      35.3761127622     1.63689794081    
28      1.00310913998     1.6429080296     
29      1.00006353957     1.65358185442    
30      1.00558276829     1.66461483147    
31      1.00519873195     1.67586876767    
32      1.00207520366     1.68716839373    
33      1.00016468486     1.69847251387    
34      1.00158781805     1.70921562248    
35      1.0202930551      1.72239190326    
36      5.45434941658     1.8038089822     
37      2.57425772777     1.96630458572    
38      6.29893156501     2.07571868657    
39      1.96016892411     2.17475819372    
40      1.00064498241     2.20318365167    
41      17.8612935835     2.21940355107    
42      2.80411724646     2.23033990531    
43      2.89039720961     2.28288324138    
44      2.19303176663     2.32986514808    
45      5.00667053012     2.42107483679    
46      1.6060625487      2.55419036394    
47      2.41501893282     2.56282836855    
48      1.00146356136     2.56387886076    
49      1.7383984276      2.57501557626    
50      6.25966254751     2.70646754319    
51      2.73078910915     2.85157553441    
52      2.67249345448     2.93143541312    
53      2.64559577687     3.01214841884    
54      1.0041162071      3.06352029693    
55      84.1870260252     3.0652879701     
56      4.30746985583     3.12558734672    
57      2.48021568078     3.20885411587    
58      2.41536670464     3.28854980251    
59      2.34154762638     3.34748390206    
60      3.90344687738     3.43610429015    
61      3.77911712717     3.45068336892    
62      4.23288219052     3.59734151494    
63      10.755152609      3.62753499717    
64      4.90196274241     3.7268183084     
65      4.20078971565     3.91776052952    
66      4.41429764875     4.06435419011    
67      1.00134496711     4.13562915059    
68      1.00275696175     4.15713905538    
69      1.00042379873     4.17784611074    
70      1.00030307112     4.19692546492    
71      1.00229223055     4.2140074795     
72      1.00621886751     4.23208952146    
73      96.1558937026     4.23660729337    
74      4.18338683014     4.27474493572    
75      1.00583723535     4.32636267767    
76      4.17749772135     4.3852865836     
77      2.46927779562     4.47158826408    
78      1.45587580599     4.58076633188    
79      7.36309875814     4.595239905      
80      1.40119590424     4.60216191841    
81      4.53253545044     4.76868028917    
82      1.6586069164      4.76935290379    
83      2.80275549788     4.86394092678    
84      2.93567585266     4.9358056422     
85      3.02020495899     5.02143255464    
86      3.06393710246     5.11888190495    
87      1.00053927461     5.12000018294    
88      2.49630513217     5.26549822322    
89      3.34846539538     5.32499896361    
90      1.68460198817     5.37291994668    
91      1.00112814533     5.39047552539    
92      1.00173581659     5.40280261148    
93      14.8002351492     5.40330894498    
94      1.57211214151     5.42070685624    
95      1.73604716214     5.44536196468    
96      2.00825519129     5.4777206827     
97      4.15766924411     5.5521844769     
98      3.18241560695     5.67680712092    
99      1.00012257106     5.6770541083     
100     1.00053062283     5.79400834641    
101     3.56269149667     5.79422949281    
102     6.66624440803     6.04606112638    
103     1.0096118723      6.16692390708    
104     1.00093733582     6.19327852842    
105     1.0027792049      6.21851861685    
106     1.00031209699     6.2414528655     
107     1.00025907125     6.26580761931    
