 0            57          
 0            63          
 0            8           
 0            55          
 0            64          
 0            50          
 0            54          
 0            51          
 0            79          
 0            96          
 0            103         
 0            36          
 0            102         
 0            7           
 0            83          
 0            84          
 0            59          
 0            53          
 0            41          
 0            60          
 0            80          
 0            3           
 0            105         
 0            78          
 0            15          
 0            82          
 0            81          
 0            58          
 0            24          
 0            98          
 0            2           
 0            77          
 0            39          
 0            4           
 0            71          
 0            91          
 0            11          
 0            10          
 0            14          
 0            92          
 0            48          
 0            6           
 0            104         
 0            1           
 0            97          
 0            5           
 0            106         
 0            34          
 0            107         
 0            101         
 0            68          
 0            9           
 0            52          
 0            95          
 0            100         
 0            94          
 0            87          
 0            13          
 0            65          
 37           39          
 36           39          
 102          71          
 102          101         
 78           71          
 78           55          
 82           71          
 81           71          
 18           24          
 33           55          
 33           24          
 97           92          
 101          71          
 20           24          
 35           24          
 35           39          
 43           71          
 43           55          
 43           39          
 61           71          
 61           55          
 87           71          
 87           92          
 87           55          
 87           88          
 57           71          
 57           55          
 8            55          
 49           71          
 49           55          
 49           24          
 49           39          
 50           55          
 54           55          
 51           55          
 13           12          
 13           11          
 74           71          
 59           71          
 59           55          
 53           55          
 90           92          
 41           71          
 41           55          
 41           39          
 80           71          
 88           89          
 88           92          
 89           71          
 89           92          
 85           84          
 85           92          
 71           63          
 71           84          
 71           64          
 71           86          
 71           70          
 71           73          
 71           79          
 71           83          
 71           60          
 71           76          
 71           77          
 71           39          
 71           69          
 71           11          
 71           10          
 71           14          
 71           67          
 71           24          
 71           58          
 71           62          
 71           34          
 71           68          
 71           52          
 71           47          
 71           100         
 71           75          
 71           56          
 71           66          
 71           65          
 71           72          
 91           92          
 11           55          
 11           65          
 11           12          
 11           10          
 11           14          
 11           24          
 10           55          
 10           9           
 10           24          
 14           55          
 14           24          
 24           55          
 24           15          
 24           93          
 24           28          
 24           22          
 24           21          
 24           29          
 24           32          
 24           30          
 24           19          
 24           31          
 24           39          
 24           27          
 24           16          
 24           26          
 24           34          
 24           17          
 24           23          
 24           25          
 24           68          
 24           52          
 34           55          
 34           39          
 92           98          
 92           84          
 92           86          
 92           96          
 92           93          
 92           95          
 92           100         
 92           94          
 68           55          
 52           55          
 100          55          
 79           55          
 55           63          
 55           64          
 55           60          
 55           42          
 55           40          
 55           44          
 55           77          
 55           39          
 55           48          
 55           67          
 55           58          
 55           62          
 55           38          
 55           56          
 55           66          
 55           65          
 46           45          
 46           48          
 98           99          
 42           39          
 40           39          
 44           45          
 39           38          
 39           48          
 48           47          
 45           47          
 47           66          
 66           65          
 65           63          
 65           64          
 84           83          
