0       155.318550971     0.0              
1       1.00002852206     0.006252020334   
2       1.00009423419     0.030076846699   
3       1.00046656421     0.056584266908   
4       1.00078122059     0.08503462958    
5       1.00976968788     0.109402491137   
6       1.05683230748     0.13711863278    
7       1.10596739599     0.173827437186   
8       3.63018282615     0.283952726883   
9       1.66575178625     0.71315238708    
10      9.51759583253     0.722022211538   
11      14.5773315266     1.12826009682    
12      1.00644636444     1.13575697851    
13      1.69383516686     1.13620189286    
14      6.68215766118     1.2941105343     
15      2.13084532993     1.50722188621    
16      1.001001286       1.5551786347     
17      1.00057998803     1.57389087837    
18      1.00100959815     1.58917113963    
19      1.00065404559     1.6047023206     
20      1.00026756169     1.61956238498    
21      1.00014514603     1.63324087968    
22      1.00147012518     1.64605950625    
23      1.00047451064     1.6584459517     
24      38.7496904634     1.66721203771    
25      1.00201840675     1.67063540646    
26      1.00104212448     1.68137177394    
27      1.00052760919     1.69576969665    
28      1.00490145065     1.71390819555    
29      1.0031683849      1.72981350904    
30      1.00039613229     1.74787073992    
31      1.00011553742     1.76275477274    
32      1.00151640648     1.78089065009    
33      2.07878735365     1.83356281658    
34      6.01217530324     2.00812803261    
35      1.75537349282     2.13527129618    
36      1.63672704312     2.17242576395    
37      1.00247324514     2.19982844321    
38      1.46881928814     2.22254304349    
39      15.8420626443     2.2293695576     
40      1.46164292083     2.24575124403    
41      3.14768471123     2.28924274523    
42      1.69514618568     2.3334735233     
43      2.54964071738     2.38077338646    
44      1.00205386009     2.44199405038    
45      1.10588554427     2.44459425267    
46      1.00176050342     2.44746447454    
47      2.28082397939     2.46117180628    
48      2.8666682005      2.4631495779     
49      4.15647496962     2.56135468339    
50      2.11054829578     2.65664013209    
51      2.04696481344     2.7129686107     
52      4.90199194567     2.8019769471     
53      1.95804737368     2.8900156848     
54      1.99072225998     2.94034493532    
55      80.0480250634     2.95400358115    
56      1.9584383399      2.99771454346    
57      3.26519556846     3.06394311536    
58      3.14319451285     3.15207735236    
59      3.00618180836     3.23355622495    
60      2.96971405511     3.30872150007    
61      1.76855464331     3.36495345534    
62      1.74558160226     3.40380454528    
63      3.40841588677     3.47178232247    
64      2.87441188763     3.53918263323    
65      7.40537891955     3.54119663841    
66      3.57028527767     3.61034390742    
67      1.95490410161     3.71093640159    
68      6.17723652844     3.85727521015    
69      1.00011662065     3.94278686806    
70      1.00170227638     3.96852280379    
71      97.6458743715     3.97906569158    
72      1.00207267257     3.98896873412    
73      1.0023697395      4.01131945401    
74      1.00064573645     4.03619837722    
75      1.00149218085     4.05959458029    
76      1.00049257107     4.08577187255    
77      4.04420552414     4.15122858546    
78      4.14293291064     4.30294288065    
79      4.31589509347     4.46504328563    
80      2.62088096529     4.59363542327    
81      2.67776243908     4.68673000585    
82      2.72587215231     4.79164374937    
83      2.53525894587     4.97299306659    
84      4.04912757349     4.9947395662     
85      1.47464760584     5.00475051357    
86      1.98935213733     5.09830030945    
87      4.25436891778     5.16253856375    
88      1.30525775431     5.18521253002    
89      1.33355326994     5.18657929342    
90      1.00124778779     5.22352759507    
91      1.51461209368     5.24692679419    
92      16.0764785829     5.25039753808    
93      1.4898153491      5.27401076797    
94      1.52005291659     5.30177540828    
95      1.67134146311     5.32426099751    
96      1.98910292959     5.3656928973     
97      2.12205954661     5.41104682195    
98      2.39128377169     5.47228246615    
99      1.00077074252     5.47326161477    
100     6.40494532982     5.61245408022    
101     3.46507984671     5.8650989558     
102     3.45930374839     5.86708421755    
103     1.1299573604      6.12913090483    
104     1.03749277734     6.16748660389    
105     1.04070968968     6.200529359      
106     1.00133237863     6.23213307085    
107     1.0032484293      6.25952601292    
