 0            67          
 0            62          
 0            9           
 0            88          
 0            63          
 0            61          
 0            98          
 0            81          
 0            7           
 0            91          
 0            101         
 0            83          
 0            92          
 0            108         
 0            5           
 0            82          
 0            87          
 0            114         
 0            25          
 0            8           
 0            46          
 0            6           
 0            72          
 0            106         
 0            74          
 0            1           
 0            3           
 0            116         
 0            105         
 0            71          
 0            48          
 0            109         
 0            112         
 0            39          
 0            19          
 0            26          
 0            117         
 0            12          
 0            104         
 0            115         
 0            54          
 0            66          
 0            43          
 0            2           
 0            73          
 0            96          
 0            100         
 0            65          
 0            15          
 0            16          
 0            18          
 0            97          
 0            53          
 0            64          
 0            113         
 0            11          
 0            95          
 0            4           
 0            110         
 0            47          
 0            59          
 0            111         
 0            37          
 0            17          
 0            10          
 0            40          
 0            103         
 0            78          
 0            84          
 0            76          
 0            99          
 0            58          
 0            13          
 0            60          
 44           43          
 92           97          
 92           43          
 108          109         
 108          97          
 108          111         
 108          89          
 108          73          
 108          107         
 70           73          
 70           71          
 70           63          
 38           97          
 38           37          
 71           73          
 71           97          
 71           63          
 109          73          
 112          73          
 112          111         
 31           26          
 34           63          
 34           26          
 64           63          
 11           63          
 95           97          
 110          111         
 59           63          
 111          63          
 111          73          
 21           26          
 23           26          
 40           73          
 40           63          
 40           43          
 68           73          
 68           63          
 99           73          
 99           97          
 99           63          
 67           73          
 67           63          
 9            63          
 41           73          
 41           63          
 41           26          
 41           43          
 98           97          
 98           63          
 54           63          
 54           55          
 7            6           
 7            63          
 83           73          
 13           14          
 13           63          
 13           15          
 5            6           
 82           73          
 25           73          
 25           63          
 25           26          
 8            63          
 46           97          
 46           63          
 46           43          
 6            63          
 6            43          
 6            73          
 74           73          
 74           63          
 86           85          
 86           88          
 73           62          
 73           63          
 73           61          
 73           81          
 73           90          
 73           36          
 73           87          
 73           88          
 73           72          
 73           77          
 73           48          
 73           85          
 73           52          
 73           104         
 73           75          
 73           66          
 73           43          
 73           65          
 73           42          
 73           16          
 73           18          
 73           91          
 73           106         
 73           26          
 73           39          
 73           69          
 73           47          
 73           37          
 73           10          
 73           15          
 73           78          
 73           84          
 73           76          
 73           58          
 73           60          
 73           80          
 85           97          
 85           26          
 85           43          
 57           55          
 89           97          
 89           88          
 89           90          
 96           97          
 65           63          
 15           63          
 15           60          
 15           14          
 15           16          
 15           18          
 15           26          
 16           63          
 16           17          
 16           26          
 18           63          
 18           26          
 93           97          
 26           63          
 26           94          
 26           56          
 26           27          
 26           24          
 26           36          
 26           33          
 26           12          
 26           19          
 26           22          
 26           43          
 26           20          
 26           35          
 26           29          
 26           39          
 26           47          
 26           30          
 26           28          
 26           32          
 26           37          
 26           10          
 26           58          
 26           60          
 47           63          
 47           43          
 47           48          
 97           88          
 97           91          
 97           104         
 97           106         
 97           94          
 97           101         
 97           103         
 97           100         
 97           55          
 97           78          
 97           102         
 97           80          
 37           63          
 37           43          
 10           63          
 78           55          
 78           79          
 78           63          
 78           80          
 91           63          
 63           62          
 63           61          
 63           32          
 63           72          
 63           48          
 63           36          
 63           12          
 63           49          
 63           52          
 63           103         
 63           104         
 63           115         
 63           66          
 63           43          
 63           35          
 63           53          
 63           106         
 63           39          
 63           69          
 63           45          
 63           55          
 63           76          
 63           58          
 63           60          
 102          103         
 51           50          
 51           53          
 104          105         
 104          103         
 48           43          
 48           49          
 49           50          
 49           43          
 49           53          
 52           53          
 52           50          
 43           45          
 43           42          
 43           53          
 43           39          
 53           55          
 50           55          
 55           56          
 55           58          
 58           60          
 60           62          
 60           61          
 62           61          
 88           87          
