0       130.333355093     0.0              
1       1.00070564875     0.022921889924   
2       1.00079227614     0.050934079373   
3       1.00224907809     0.07915561825    
4       1.00168922509     0.111485873735   
5       1.00018536288     0.219730014629   
6       5.72347886197     0.227567323211   
7       2.78522094183     0.266077506423   
8       2.44612326276     0.40597348332    
9       2.41879371375     0.498098841717   
10      4.80025719006     0.638120278469   
11      2.27853876176     0.769392856533   
12      3.10832954177     0.874552183035   
13      2.24581439397     1.06070689356    
14      1.00068662572     1.06180906774    
15      8.51343925713     1.08549401574    
16      4.34120686792     1.20017668146    
17      1.24341712211     1.20601824209    
18      4.80424623296     1.35997808142    
19      1.6275783267      1.4802214275     
20      1.00500391206     1.51669092191    
21      1.00118813978     1.53685400581    
22      1.00014563935     1.55712082815    
23      1.00062582235     1.574909912      
24      1.00054532298     1.5924727936     
25      3.01786707748     1.62292920317    
26      30.9514344416     1.64555879035    
27      1.00122212679     1.66017729769    
28      1.00294031216     1.67591857711    
29      1.00075388738     1.69334963223    
30      1.00359965761     1.71067245482    
31      1.0020657139      1.72643470663    
32      1.41942243832     1.74688503742    
33      1.00046381123     1.76927681264    
34      1.51665626139     1.79520992632    
35      1.56378654151     1.83473914316    
36      2.18979122482     1.88833971257    
37      3.77724323101     1.97701136715    
38      1.19045139175     1.97703608461    
39      3.25476286143     2.07829529492    
40      2.27147938537     2.14549945763    
41      2.25941869249     2.18948081402    
42      1.11252910003     2.21934400445    
43      13.9874422604     2.22453954046    
44      1.00001765216     2.23785064376    
45      1.12205153627     2.25695874136    
46      2.28068694028     2.28743050572    
47      3.3616549178      2.35471818349    
48      3.07869205762     2.38625429682    
49      2.06085464097     2.42980309759    
50      1.29731221369     2.44504515914    
51      1.00081367936     2.44828202338    
52      1.64272497298     2.46313010353    
53      2.72440490166     2.46482849291    
54      1.63376145915     2.53046833976    
55      4.47478410979     2.55178640333    
56      1.00197319404     2.55354096876    
57      1.00146686725     2.56942980394    
58      4.85293747337     2.66376587732    
59      1.50002134244     2.75242592219    
60      7.07183068257     2.87321380149    
61      3.06145668853     2.90717484782    
62      3.0591836646      2.907264355      
63      90.7271336227     3.01440819425    
64      1.48919278906     3.02283272985    
65      2.677928163       3.11928401893    
66      2.68567902773     3.22067655374    
67      2.67029575043     3.31910746942    
68      1.32080207138     3.38150719264    
69      1.31311407358     3.42706844204    
70      1.44826729084     3.53594513701    
71      5.24517458429     3.54238640042    
72      2.76634170465     3.71349334833    
73      83.7745326576     3.7819990634     
74      2.86193313947     3.8286240649     
75      1.00039215432     3.8973083262     
76      2.93328265928     3.96808280484    
77      1.00197183351     4.04088617532    
78      7.86000413467     4.26878540538    
79      1.00019249292     4.26954752718    
80      1.99760457314     4.30817184141    
81      1.83771788014     4.43176037789    
82      1.89521823729     4.49512031958    
83      1.92954917963     4.56027040486    
84      1.95506052718     4.62634851856    
85      3.65327143698     4.75190059539    
86      1.37304618309     4.78302802793    
87      1.7376816135      4.82221691151    
88      3.41129965477     4.82312471654    
89      2.15636487098     4.87432825372    
90      1.20044802046     4.87681741468    
91      3.57696626042     4.99947483307    
92      2.25755952052     5.09720712344    
93      1.00044581159     5.13774320242    
94      1.30195822719     5.16028796376    
95      1.24410912272     5.18443673871    
96      1.20559931259     5.20635457528    
97      24.2908536391     5.22049109208    
98      1.93690184729     5.23449053931    
99      2.93925517536     5.28433049639    
100     1.27065366658     5.32584684752    
101     1.3786722656      5.35319372523    
102     1.0037591099      5.40518204189    
103     2.74256126576     5.41108202561    
104     3.93801257261     5.45549986994    
105     1.06089733313     5.46264583855    
106     3.80546867837     5.59861754355    
107     1.00071448102     5.78676182266    
108     5.76892983724     5.79906044622    
109     2.28691072822     5.82319761144    
110     1.0053120264      5.95850718802    
111     4.6448894999      5.96409258584    
112     2.49606695497     5.99736360298    
113     1.00142437331     6.10398987351    
114     1.00215450016     6.13783145211    
115     2.5475379529      6.19303753315    
116     1.00169398558     6.24712833226    
117     1.00256009145     6.27558843211    
