0       129.916561188     0.0              
1       2.95764706275     0.00996207421    
2       1.00129844665     0.074159507239   
3       1.00341428504     0.103609241916   
4       1.00003681213     0.130638912176   
5       1.02122406059     0.160302864873   
6       1.04957602173     0.195406906663   
7       1.123595951       0.335885241989   
8       6.20637298764     0.345497339378   
9       3.02862939579     0.390406724182   
10      2.64394492672     0.559964781242   
11      5.01304855702     0.731945524267   
12      2.40777591878     0.876277911422   
13      2.32322297932     0.958603169902   
14      1.28978735513     1.11304387626    
15      4.40862259199     1.12465284512    
16      1.00136124586     1.13200778865    
17      8.55511844934     1.23719258163    
18      3.54376419686     1.24956479582    
19      1.12791383585     1.32988494367    
20      2.82543768657     1.33787317858    
21      1.63492415427     1.41148890161    
22      1.58720687799     1.44812954574    
23      2.29756286816     1.49551367298    
24      1.00063212996     1.52941966679    
25      1.00258627691     1.5462477656     
26      1.00360480308     1.56392337381    
27      1.0024759047      1.58180720794    
28      1.0003610221      1.59902966265    
29      1.00572105871     1.61842425812    
30      32.1621592291     1.62798692058    
31      1.48606647466     1.64280241862    
32      1.00133496527     1.66904187905    
33      1.00280363982     1.68898662535    
34      4.04653421695     1.74519638523    
35      1.43705967346     1.81256608004    
36      2.62146198484     1.87791605845    
37      1.86309795377     1.93606201966    
38      2.63811441829     2.00263850859    
39      1.32055087125     2.06053654615    
40      1.00095755641     2.09010312702    
41      21.9872402166     2.1011698097     
42      1.31471423358     2.11973899169    
43      1.28160439739     2.15425767899    
44      2.65790307995     2.19865473818    
45      3.77801155362     2.30285158162    
46      2.47966549887     2.34593936424    
47      2.07193934955     2.36597436673    
48      2.63827987504     2.43226922637    
49      2.84160411852     2.46413977448    
50      1.13152069635     2.47440763368    
51      1.05763531511     2.48488184624    
52      1.97928881512     2.48991784225    
53      1.00010157756     2.56046448019    
54      6.98115852873     2.57624620636    
55      1.84126559454     2.59966712689    
56      1.6295598832      2.70322843191    
57      1.62798266876     2.75046762493    
58      4.19047150381     2.84076014594    
59      82.1818887642     2.89432925675    
60      6.92237424013     2.9653028327     
61      3.0190730269      3.00807228435    
62      3.02389381665     3.00846252067    
63      2.44357502107     3.14171661542    
64      2.49300108404     3.21431143229    
65      1.3770508959      3.26407609737    
66      2.46062927923     3.30867928611    
67      1.36455387928     3.35411495277    
68      2.51594597201     3.40175189566    
69      2.55508236604     3.47239323706    
70      2.58145402532     3.5490665291     
71      2.6432285852      3.63829942928    
72      80.003127276      3.77813621066    
73      7.55543503309     3.82402530585    
74      1.9211377275      3.85000649687    
75      1.00177363438     3.93877285491    
76      1.00034670144     3.97817595651    
77      1.84447160072     4.04042356551    
78      1.89490395031     4.09943519972    
79      1.89370881787     4.16141115068    
80      1.00612975568     4.22975718532    
81      1.58596037506     4.23568525707    
82      1.2485668239      4.24262721297    
83      2.8479959923      4.25202097276    
84      1.39660506432     4.45676714844    
85      8.15843889507     4.4814429484     
86      1.00230131587     4.48865333221    
87      2.71223559967     4.68293896483    
88      2.59075700963     4.69900016687    
89      1.9987056454      4.77130464717    
90      3.7942510719      4.77295931285    
91      1.85074265792     4.84792138865    
92      1.12795420342     4.86952932066    
93      3.37444747743     4.87231771274    
94      1.7654445491      4.89206640461    
95      1.00187197727     4.95317415465    
96      4.00575668758     4.95650258587    
97      2.38280408258     5.06528283357    
98      1.00007328479     5.10683214132    
99      1.0016961279      5.1249271974     
100     17.4432793586     5.14558200903    
101     2.22886258547     5.15539802549    
102     1.31958304863     5.19398610617    
103     2.07524424026     5.22573025815    
104     1.41691156289     5.25806500772    
105     4.58309505794     5.32305190157    
106     3.56436264396     5.43161456069    
107     4.03652636984     5.54359216215    
108     4.65095329633     5.68900500208    
109     1.3443322581      5.69550269902    
110     2.46714198594     5.81731860011    
111     1.00177602457     5.93384814725    
112     4.00004540788     5.9383534668     
113     1.00112952258     5.99600526599    
114     3.55032301476     6.00119480988    
115     2.7582904323      6.03684787897    
116     1.01707641764     6.1146412279     
117     1.00729744492     6.14563861287    
118     1.00229858285     6.17552296296    
119     1.00237476931     6.20446243181    
120     1.00006203607     6.2333348639     
