 0            66          
 0            62          
 0            12          
 0            90          
 0            59          
 0            61          
 0            103         
 0            78          
 0            9           
 0            106         
 0            22          
 0            77          
 0            39          
 0            112         
 0            7           
 0            79          
 0            89          
 0            2           
 0            68          
 0            10          
 0            107         
 0            8           
 0            48          
 0            70          
 0            71          
 0            3           
 0            4           
 0            117         
 0            109         
 0            83          
 0            118         
 0            1           
 0            115         
 0            34          
 0            119         
 0            30          
 0            38          
 0            108         
 0            56          
 0            55          
 0            64          
 0            41          
 0            5           
 0            72          
 0            116         
 0            104         
 0            63          
 0            102         
 0            17          
 0            15          
 0            18          
 0            100         
 0            23          
 0            49          
 0            57          
 0            120         
 0            101         
 0            97          
 0            6           
 0            113         
 0            45          
 0            21          
 0            13          
 0            114         
 0            73          
 0            37          
 0            14          
 0            11          
 0            96          
 0            85          
 0            110         
 0            69          
 0            105         
 0            58          
 0            20          
 0            60          
 16           15          
 40           41          
 39           41          
 112          74          
 112          72          
 112          111         
 112          114         
 82           72          
 82           81          
 82           83          
 74           72          
 74           73          
 83           72          
 83           81          
 83           59          
 1            72          
 115          72          
 115          114         
 22           30          
 23           59          
 23           30          
 57           59          
 101          100         
 101          59          
 97           100         
 97           59          
 113          114         
 13           59          
 114          72          
 27           30          
 37           30          
 37           41          
 44           72          
 44           59          
 44           30          
 44           41          
 65           72          
 65           59          
 105          72          
 105          59          
 105          30          
 105          100         
 66           72          
 66           59          
 12           59          
 36           72          
 36           59          
 36           30          
 36           41          
 103          100         
 103          59          
 55           59          
 55           54          
 9            8           
 9            59          
 77           72          
 20           59          
 20           19          
 20           30          
 20           41          
 7            8           
 79           72          
 68           72          
 68           59          
 10           59          
 107          100         
 107          59          
 107          41          
 8            59          
 8            41          
 8            72          
 71           72          
 71           59          
 88           90          
 88           87          
 88           100         
 88           85          
 72           62          
 72           59          
 72           61          
 72           78          
 72           92          
 72           106         
 72           54          
 72           89          
 72           90          
 72           48          
 72           75          
 72           80          
 72           46          
 72           87          
 72           108         
 72           76          
 72           64          
 72           41          
 72           93          
 72           63          
 72           42          
 72           15          
 72           18          
 72           70          
 72           30          
 72           34          
 72           67          
 72           45          
 72           73          
 72           11          
 72           17          
 72           85          
 72           81          
 72           110         
 72           69          
 72           58          
 72           60          
 72           84          
 87           100         
 87           41          
 53           54          
 93           100         
 93           91          
 93           92          
 93           94          
 93           96          
 93           90          
 63           59          
 17           59          
 17           60          
 17           19          
 17           96          
 17           15          
 17           18          
 17           30          
 15           59          
 15           14          
 15           30          
 18           59          
 18           30          
 99           100         
 30           59          
 30           50          
 30           91          
 30           94          
 30           32          
 30           26          
 30           24          
 30           38          
 30           33          
 30           41          
 30           28          
 30           31          
 30           29          
 30           34          
 30           45          
 30           21          
 30           25          
 30           35          
 30           73          
 30           11          
 30           60          
 45           59          
 45           41          
 45           46          
 100          108         
 100          91          
 100          90          
 100          102         
 100          104         
 100          98          
 100          54          
 100          85          
 100          96          
 100          106         
 73           59          
 73           41          
 11           59          
 85           59          
 85           54          
 85           86          
 85           84          
 81           80          
 106          59          
 59           62          
 59           61          
 59           35          
 59           48          
 59           46          
 59           38          
 59           47          
 59           51          
 59           96          
 59           108         
 59           56          
 59           64          
 59           41          
 59           31          
 59           49          
 59           70          
 59           34          
 59           67          
 59           43          
 59           52          
 59           54          
 59           69          
 59           58          
 59           60          
 50           52          
 50           49          
 108          109         
 48           49          
 48           41          
 46           41          
 46           47          
 47           52          
 47           41          
 51           52          
 51           49          
 95           96          
 41           38          
 41           42          
 41           49          
 41           34          
 41           43          
 49           54          
 52           54          
 54           94          
 54           58          
 58           60          
 60           62          
 60           61          
 62           61          
 90           89          
