 0            48          
 0            63          
 0            9           
 0            84          
 0            61          
 0            64          
 0            98          
 0            73          
 0            13          
 0            108         
 0            20          
 0            123         
 0            100         
 0            121         
 0            89          
 0            11          
 0            69          
 0            85          
 0            6           
 0            74          
 0            75          
 0            72          
 0            92          
 0            12          
 0            50          
 0            19          
 0            14          
 0            106         
 0            21          
 0            7           
 0            83          
 0            56          
 0            87          
 0            120         
 0            119         
 0            124         
 0            5           
 0            105         
 0            30          
 0            1           
 0            24          
 0            111         
 0            4           
 0            68          
 0            65          
 0            44          
 0            112         
 0            71          
 0            104         
 0            58          
 0            76          
 0            102         
 0            39          
 0            17          
 0            40          
 0            99          
 0            27          
 0            32          
 0            52          
 0            3           
 0            114         
 0            2           
 0            107         
 0            8           
 0            117         
 0            57          
 0            22          
 0            10          
 0            118         
 0            115         
 0            35          
 0            18          
 0            78          
 0            46          
 0            113         
 0            122         
 0            103         
 0            70          
 0            67          
 0            15          
 0            60          
 0            37          
 0            43          
 0            62          
 16           17          
 42           44          
 100          99          
 100          61          
 100          44          
 121          99          
 121          118         
 121          95          
 121          116         
 121          122         
 121          71          
 121          120         
 82           71          
 82           81          
 82           61          
 82           99          
 82           83          
 116          115         
 21           30          
 83           71          
 83           99          
 83           61          
 120          71          
 119          71          
 119          118         
 124          71          
 20           30          
 112          99          
 112          61          
 32           61          
 32           30          
 3            61          
 3            2           
 114          61          
 2            61          
 107          99          
 107          61          
 8            61          
 117          118         
 10           61          
 118          61          
 118          71          
 26           30          
 35           30          
 35           44          
 46           71          
 46           61          
 46           30          
 46           44          
 122          71          
 86           71          
 86           99          
 86           61          
 86           44          
 86           89          
 15           61          
 15           44          
 15           71          
 15           99          
 15           30          
 48           71          
 48           61          
 48           44          
 9            61          
 77           71          
 77           61          
 77           99          
 77           30          
 77           44          
 98           99          
 98           61          
 58           51          
 58           61          
 58           59          
 58           89          
 13           12          
 13           61          
 13           14          
 123          71          
 37           61          
 37           44          
 37           71          
 37           38          
 37           30          
 11           12          
 11           61          
 69           71          
 69           61          
 74           71          
 74           61          
 75           71          
 75           99          
 75           61          
 72           71          
 72           99          
 72           61          
 72           44          
 12           61          
 12           44          
 12           71          
 14           71          
 14           61          
 88           87          
 88           89          
 71           63          
 71           61          
 71           64          
 71           91          
 71           53          
 71           73          
 71           92          
 71           66          
 71           59          
 71           89          
 71           85          
 71           84          
 71           50          
 71           79          
 71           80          
 71           56          
 71           87          
 71           105         
 71           51          
 71           97          
 71           68          
 71           65          
 71           44          
 71           95          
 71           76          
 71           39          
 71           17          
 71           40          
 71           108         
 71           19          
 71           30          
 71           43          
 71           49          
 71           57          
 71           115         
 71           78          
 71           45          
 71           70          
 71           67          
 71           60          
 71           62          
 71           93          
 87           99          
 87           44          
 87           30          
 109          108         
 95           61          
 95           96          
 95           92          
 95           94          
 95           99          
 95           30          
 95           93          
 104          99          
 76           61          
 39           68          
 39           61          
 39           44          
 39           62          
 39           38          
 39           113         
 39           17          
 39           40          
 39           30          
 17           61          
 17           44          
 17           18          
 17           30          
 40           61          
 40           44          
 40           30          
 101          99          
 30           61          
 30           53          
 30           50          
 30           96          
 30           94          
 30           25          
 30           28          
 30           66          
 30           29          
 30           24          
 30           23          
 30           51          
 30           44          
 30           36          
 30           34          
 30           27          
 30           19          
 30           43          
 30           57          
 30           22          
 30           31          
 30           33          
 30           115         
 30           78          
 30           60          
 30           62          
 57           61          
 57           44          
 57           56          
 99           96          
 99           84          
 99           108         
 99           85          
 99           111         
 99           79          
 99           91          
 99           106         
 99           105         
 99           97          
 99           102         
 99           34          
 99           113         
 99           103         
 99           59          
 99           89          
 99           93          
 115          61          
 115          44          
 78           61          
 78           44          
 78           79          
 89           61          
 89           91          
 89           59          
 89           90          
 89           93          
 81           80          
 81           61          
 108          61          
 61           63          
 61           84          
 61           64          
 61           73          
 61           50          
 61           19          
 61           56          
 61           66          
 61           105         
 61           43          
 61           55          
 61           33          
 61           51          
 61           113         
 61           24          
 61           111         
 61           4           
 61           68          
 61           65          
 61           44          
 61           36          
 61           34          
 61           27          
 61           52          
 61           49          
 61           47          
 61           54          
 61           59          
 61           70          
 61           67          
 61           60          
 61           62          
 91           92          
 53           52          
 53           54          
 111          110         
 50           44          
 50           52          
 56           44          
 56           55          
 96           97          
 55           54          
 55           44          
 55           52          
 51           44          
 51           54          
 51           52          
 44           24          
 44           45          
 44           41          
 44           52          
 44           43          
 44           49          
 44           47          
 52           59          
 54           59          
 59           60          
 60           62          
 62           63          
 62           64          
 63           64          
 84           85          
 24           23          
