0       120.779688997     0.0              
1       1.00021086548     0.020726904231   
2       1.92941810283     0.071387780723   
3       1.92059303153     0.07267290159    
4       1.82041841995     0.14385451619    
5       1.00122711905     0.181008609453   
6       1.00027646256     0.208313167872   
7       1.00110827859     0.236145406694   
8       1.82751353553     0.275417711708   
9       1.7799860049      0.334822016536   
10      1.71502485189     0.392016729897   
11      1.77814140542     0.468965565479   
12      3.45618593937     0.484875747562   
13      2.13990096532     0.533521963495   
14      2.2924821197      0.555571064786   
15      5.34578230285     0.72419210526    
16      1.00055890718     0.924353378644   
17      5.30909412711     0.937862221661   
18      1.01987282643     0.947217781735   
19      2.6390372076      1.08959973629    
20      1.31865843908     1.14969500658    
21      1.27706910838     1.18622404761    
22      1.2615089915      1.21879791992    
23      1.0031574582      1.28141774209    
24      2.57324325256     1.28386776707    
25      1.00076201479     1.33455729335    
26      1.00149242696     1.35839691274    
27      1.69795315846     1.39011803255    
28      1.00126520345     1.4277031834     
29      1.00124090804     1.44840892798    
30      40.7673136567     1.45987446065    
31      1.00173382634     1.46896412074    
32      1.6076931735      1.49949093763    
33      1.08176366073     1.53300557159    
34      1.55716510992     1.5683081021     
35      1.53091212339     1.61437246658    
36      1.09658176733     1.65213251222    
37      2.34931416173     1.75611775919    
38      1.00010755878     1.76372025186    
39      10.7800711238     1.85745261992    
40      3.45683651624     1.90484498632    
41      1.00074790419     2.0022183117     
42      1.00178014223     2.02869146452    
43      2.4862535816      2.08375223683    
44      31.198203931      2.0859457245     
45      1.00187803681     2.1269868262     
46      2.64593963594     2.19922473788    
47      1.0007337938      2.24526513391    
48      1.88744091191     2.27996058853    
49      1.32416869236     2.31984371451    
50      2.69268817196     2.36105371889    
51      2.3427199665      2.4131622523     
52      2.62515289505     2.41527035236    
53      1.03817958736     2.43393465913    
54      1.26689176337     2.44047280283    
55      1.46416813265     2.45040248218    
56      2.17836299393     2.47758270426    
57      2.49826677948     2.49628446173    
58      2.55696778382     2.59454836483    
59      5.23432724314     2.63282597918    
60      3.91739880782     2.79602790295    
61      109.078624207     2.81407314961    
62      4.7815664486      2.91608399552    
63      2.1073950081      2.94101118332    
64      2.13732592716     2.94415442081    
65      1.90259022456     3.0627461909     
66      1.9235602931      3.1231934978     
67      1.90584336466     3.18272663305    
68      2.9404924841      3.25871005607    
69      1.83627576064     3.32948995117    
70      1.80368045864     3.37701503936    
71      85.8595075049     3.43826671713    
72      3.94708590601     3.45698091526    
73      1.82886055053     3.53569089355    
74      1.92141380121     3.58713196181    
75      2.91398714197     3.66099893224    
76      1.92582853081     3.73362717386    
77      4.07193543318     3.82772726101    
78      4.15511196061     3.98575391897    
79      1.52537161944     3.99911459765    
80      1.00133119806     4.11461818278    
81      1.15110117097     4.11909635057    
82      2.28049361196     4.13653386594    
83      2.78559505704     4.16360978782    
84      2.58889299858     4.26356777346    
85      2.04173954925     4.26726940093    
86      2.76643665962     4.34984145954    
87      2.7846726636      4.41637422477    
88      1.00012166035     4.4274421246     
89      6.75584146036     4.48914505994    
90      1.0005733432      4.49232799518    
91      1.67576135603     4.56595935388    
92      1.67018124042     4.57629247092    
93      1.97391725768     4.64133039135    
94      1.00012592368     4.69209060583    
95      6.17204285876     4.70280974599    
96      1.763611706       4.81437136377    
97      1.2629348409      4.81646055123    
98      1.85769690319     4.89756716384    
99      33.0585626443     4.97600241781    
100     2.80042894932     4.98186476358    
101     1.00005607342     5.03793090001    
102     1.23000461081     5.06649211677    
103     1.23778546729     5.09855722127    
104     1.24331527089     5.13340172969    
105     2.86414499061     5.1901060261     
106     1.36611279849     5.25248148244    
107     2.09354212325     5.30937752644    
108     3.06207289743     5.41179321446    
109     1.00205381119     5.41240309915    
110     1.00033320755     5.49636570236    
111     2.21667882677     5.49710460473    
112     2.36321067173     5.57995473481    
113     3.43969505669     5.6964365323     
114     1.7789934637      5.80787203483    
115     3.86871165799     5.91543007885    
116     1.02646980977     5.92925051172    
117     1.00048541798     5.99355973509    
118     2.71075623264     6.00432849744    
119     1.39922278809     6.01328951436    
120     1.67471270512     6.07002583112    
121     4.65632973405     6.07716318606    
122     1.94503189341     6.11832562805    
123     1.78273077151     6.20287602004    
124     1.81608930111     6.26237189183    
