 0            69          
 0            58          
 0            9           
 0            92          
 0            43          
 0            57          
 0            98          
 0            72          
 0            4           
 0            113         
 0            21          
 0            68          
 0            121         
 0            118         
 0            79          
 0            5           
 0            66          
 0            91          
 0            124         
 0            77          
 0            96          
 0            71          
 0            93          
 0            6           
 0            54          
 0            15          
 0            3           
 0            108         
 0            2           
 0            123         
 0            100         
 0            85          
 0            47          
 0            87          
 0            120         
 0            116         
 0            119         
 0            105         
 0            28          
 0            22          
 0            111         
 0            11          
 0            73          
 0            86          
 0            44          
 0            102         
 0            75          
 0            106         
 0            61          
 0            76          
 0            103         
 0            42          
 0            17          
 0            41          
 0            101         
 0            40          
 0            29          
 0            49          
 0            13          
 0            12          
 0            14          
 0            107         
 0            1           
 0            114         
 0            45          
 0            19          
 0            10          
 0            115         
 0            7           
 0            36          
 0            18          
 0            38          
 0            122         
 0            117         
 0            78          
 0            109         
 0            110         
 0            74          
 0            90          
 0            60          
 0            65          
 0            34          
 0            56          
 16           17          
 70           44          
 70           71          
 121          101         
 121          43          
 121          44          
 118          79          
 118          101         
 118          115         
 118          75          
 118          117         
 118          120         
 118          119         
 83           75          
 83           82          
 83           101         
 83           84          
 83           85          
 8            28          
 8            7           
 85           75          
 85           101         
 85           43          
 120          75          
 116          75          
 116          115         
 119          75          
 21           28          
 102          101         
 29           43          
 29           28          
 13           43          
 13           14          
 13           101         
 12           43          
 14           43          
 107          101         
 107          43          
 114          115         
 10           43          
 115          43          
 115          75          
 30           43          
 30           28          
 36           43          
 36           28          
 36           44          
 35           75          
 35           43          
 35           28          
 35           44          
 117          75          
 78           101         
 78           44          
 78           75          
 78           79          
 78           43          
 90           43          
 90           89          
 90           75          
 90           88          
 90           101         
 69           75          
 69           43          
 69           44          
 9            43          
 33           75          
 33           28          
 33           44          
 98           101         
 98           43          
 61           43          
 61           62          
 61           79          
 4            6           
 4            43          
 4            3           
 68           75          
 68           43          
 65           43          
 65           44          
 65           75          
 65           64          
 65           66          
 65           28          
 65           71          
 5            6           
 5            43          
 66           75          
 66           43          
 77           75          
 77           43          
 96           75          
 96           101         
 96           43          
 71           43          
 71           44          
 71           7           
 71           75          
 71           101         
 6            43          
 6            44          
 6            7           
 6            75          
 3            75          
 3            43          
 89           87          
 88           75          
 88           87          
 88           101         
 87           101         
 87           44          
 87           75          
 87           42          
 87           28          
 63           62          
 94           92          
 94           75          
 94           93          
 94           95          
 94           101         
 94           43          
 75           58          
 75           43          
 75           57          
 75           100         
 75           50          
 75           72          
 75           93          
 75           37          
 75           62          
 75           79          
 75           91          
 75           92          
 75           54          
 75           39          
 75           81          
 75           47          
 75           48          
 75           105         
 75           51          
 75           104         
 75           73          
 75           86          
 75           44          
 75           76          
 75           42          
 75           17          
 75           41          
 75           113         
 75           15          
 75           28          
 75           34          
 75           55          
 75           45          
 75           7           
 75           38          
 75           67          
 75           110         
 75           74          
 75           60          
 75           56          
 75           84          
 106          101         
 76           43          
 42           45          
 42           43          
 42           44          
 42           50          
 42           39          
 42           64          
 42           122         
 42           17          
 42           41          
 42           40          
 42           56          
 42           28          
 17           43          
 17           44          
 17           18          
 17           28          
 41           43          
 41           44          
 41           28          
 99           101         
 28           43          
 28           54          
 28           97          
 28           95          
 28           26          
 28           20          
 28           37          
 28           25          
 28           22          
 28           23          
 28           44          
 28           27          
 28           32          
 28           40          
 28           15          
 28           34          
 28           45          
 28           19          
 28           24          
 28           31          
 28           7           
 28           18          
 28           38          
 28           56          
 45           43          
 45           44          
 45           47          
 101          58          
 101          97          
 101          92          
 101          113         
 101          91          
 101          111         
 101          100         
 101          108         
 101          105         
 101          104         
 101          103         
 101          122         
 101          109         
 101          62          
 101          79          
 101          110         
 7            43          
 7            44          
 38           43          
 38           44          
 38           39          
 79           43          
 79           62          
 79           80          
 79           84          
 82           81          
 113          43          
 43           58          
 43           92          
 43           57          
 43           72          
 43           54          
 43           15          
 43           47          
 43           37          
 43           22          
 43           48          
 43           31          
 43           51          
 43           122         
 43           111         
 43           11          
 43           73          
 43           86          
 43           44          
 43           27          
 43           32          
 43           40          
 43           49          
 43           34          
 43           55          
 43           46          
 43           52          
 43           62          
 43           110         
 43           74          
 43           60          
 43           56          
 50           49          
 50           52          
 93           92          
 111          112         
 54           44          
 54           52          
 47           44          
 47           48          
 105          104         
 48           52          
 48           44          
 48           49          
 51           49          
 51           44          
 51           52          
 44           57          
 44           62          
 44           37          
 44           22          
 44           67          
 44           53          
 44           49          
 44           34          
 44           55          
 44           46          
 44           52          
 44           18          
 44           56          
 64           62          
 53           52          
 49           62          
 52           62          
 62           60          
 60           56          
 56           58          
 56           57          
 58           57          
 58           59          
 92           91          
 22           23          
