0       108.370810174     0.0              
1       1.00024163964     0.010003831744   
2       1.00152774792     0.039106585659   
3       2.35296950816     0.100805307795   
4       2.20834658667     0.125196201534   
5       1.61052022478     0.199526109467   
6       4.07810452899     0.202753611037   
7       5.70627189868     0.330141802204   
8       1.00043895276     0.342221151894   
9       1.54774409708     0.458442292491   
10      1.57775829954     0.51071223843    
11      1.57190610884     0.562451882417   
12      1.53905359983     0.614007268945   
13      2.19304712984     0.683488434383   
14      1.59037660215     0.684282014776   
15      2.75058259564     0.795117744307   
16      1.00170741067     0.969217073591   
17      5.40531781653     0.98550962735    
18      1.90590233433     1.01911077243    
19      1.17072796273     1.11292553204    
20      1.00695095673     1.15137879018    
21      1.07631319069     1.17993495109    
22      2.25934257696     1.2305675523     
23      1.00325633899     1.23260149997    
24      1.0001005431      1.28029534453    
25      1.00303029785     1.30887247783    
26      1.00012512183     1.33433109111    
27      1.0007592704      1.36363813861    
28      30.1788641701     1.37978238758    
29      1.45008480858     1.39730407341    
30      1.00008713675     1.43279572997    
31      1.00261676803     1.45991677995    
32      1.00273229599     1.48624050446    
33      1.34009120737     1.5164875646     
34      2.4943818717      1.57368901908    
35      1.73879626739     1.63838023963    
36      1.70416065022     1.68786422779    
37      1.66578667433     1.73718755243    
38      2.12315476187     1.79793221791    
39      1.00128228227     1.80370412023    
40      1.52259363609     1.85345063781    
41      3.41044079878     1.97406399684    
42      13.9523504158     1.99146621492    
43      89.0271794456     2.05013161738    
44      36.0125005945     2.14611776873    
45      4.26156319949     2.21372003241    
46      1.00004564214     2.2778970548     
47      2.63602492665     2.33296082317    
48      2.1170586379      2.38532626841    
49      1.99120191785     2.41001938932    
50      1.0663829714      2.41780539043    
51      1.39520313164     2.43513795021    
52      2.31905658951     2.44445605958    
53      1.00113241159     2.45610023211    
54      2.81232049558     2.50130735       
55      1.53482169826     2.57277677325    
56      4.48468323198     2.67989477151    
57      2.44627841121     2.69015663859    
58      2.55002657665     2.72160436826    
59      1.00257868836     2.73334928318    
60      2.41291672485     2.81157518773    
61      1.8273785892      2.88464038543    
62      5.660065186       2.90545061747    
63      1.00076310332     2.92190832882    
64      1.42220248392     2.98630181628    
65      4.33258556548     3.04083041411    
66      1.94194697        3.06524228024    
67      1.27632563671     3.12991852051    
68      1.79740817726     3.17436763617    
69      2.43517841376     3.23555347094    
70      1.00064269229     3.33935022969    
71      5.53517393283     3.3572898361     
72      2.027646607       3.4936716263     
73      2.04525746107     3.56034024395    
74      2.0813365794      3.62637931529    
75      81.0232238479     3.67465959105    
76      2.11140250597     3.69144345121    
77      2.1270731211      3.76297415318    
78      4.71426252406     3.9249123498     
79      7.56897487072     4.00066196706    
80      1.00136889153     4.02737227645    
81      1.00006255896     4.12895655886    
82      1.0000143627      4.13365091084    
83      1.92555629303     4.15334389479    
84      1.23651552654     4.15402465494    
85      2.93468675598     4.20220133268    
86      2.15713248601     4.3149132488     
87      4.97955591179     4.47723545556    
88      1.72394691885     4.51337304312    
89      1.00006543169     4.53874795408    
90      2.51055807178     4.54320009363    
91      1.89254357507     4.63255035495    
92      2.83212822831     4.66216608987    
93      1.44541046004     4.67838992159    
94      2.13555171369     4.69319380991    
95      1.00047982508     4.70333536661    
96      2.65898087244     4.804072795      
97      1.22360824025     4.86623440782    
98      1.78347623706     4.91081797151    
99      1.00061554592     4.94677214426    
100     1.80018978645     4.98315831086    
101     25.90270291       5.02572084737    
102     1.15550552171     5.02589536764    
103     1.11434097076     5.05480599945    
104     1.22251288404     5.09087926543    
105     1.82748124257     5.0923106313     
106     1.17236461234     5.13754770975    
107     1.85697075912     5.181415216      
108     1.27471024461     5.22727416338    
109     1.33051059277     5.26637719122    
110     2.97751211155     5.34165535094    
111     2.17094075249     5.45030976429    
112     1.00007819931     5.45066423519    
113     3.2280375422      5.569494379      
114     1.00082315456     5.73771113914    
115     2.94044254296     5.74967476616    
116     1.56229040679     5.76414833928    
117     1.625752002       5.8286011861     
118     4.18295658911     5.85352856116    
119     1.56872853015     5.86823451589    
120     1.88672415897     5.91108673359    
121     3.23137018029     6.02993223219    
122     3.336127278       6.16443905295    
123     1.0023096117      6.23171268671    
124     1.00006670842     6.2639796505     
