 0            58          
 0            56          
 0            109         
 0            97          
 0            59          
 0            55          
 0            112         
 0            73          
 0            124         
 0            99          
 0            15          
 0            95          
 0            60          
 0            122         
 0            50          
 0            126         
 0            98          
 0            2           
 0            7           
 0            114         
 0            69          
 0            120         
 0            125         
 0            39          
 0            65          
 0            90          
 0            3           
 0            4           
 0            83          
 0            71          
 0            89          
 0            117         
 0            87          
 0            102         
 0            24          
 0            105         
 0            20          
 0            116         
 0            9           
 0            88          
 0            64          
 0            108         
 0            78          
 0            107         
 0            113         
 0            82          
 0            110         
 0            35          
 0            11          
 0            36          
 0            103         
 0            22          
 0            43          
 0            5           
 0            57          
 0            6           
 0            111         
 0            1           
 0            119         
 0            72          
 0            17          
 0            8           
 0            118         
 0            13          
 0            16          
 0            12          
 0            79          
 0            61          
 0            106         
 0            123         
 0            74          
 0            75          
 0            94          
 0            53          
 0            38          
 0            63          
 0            54          
 0            76          
 10           11          
 68           64          
 68           69          
 60           59          
 60           64          
 122          103         
 122          118         
 122          121         
 122          78          
 122          123         
 84           78          
 84           85          
 84           103         
 84           83          
 14           24          
 14           13          
 83           78          
 83           103         
 83           59          
 89           78          
 117          78          
 117          118         
 87           78          
 15           24          
 108          103         
 80           78          
 22           59          
 22           24          
 5            59          
 5            6           
 5            103         
 57           59          
 6            59          
 111          103         
 119          118         
 8            59          
 118          78          
 31           59          
 31           24          
 16           59          
 16           24          
 16           64          
 61           78          
 61           59          
 61           24          
 61           64          
 123          78          
 49           78          
 49           103         
 49           59          
 49           64          
 49           50          
 94           59          
 94           92          
 94           78          
 94           93          
 94           103         
 58           78          
 58           59          
 58           64          
 109          103         
 109          59          
 30           24          
 30           64          
 112          103         
 112          59          
 48           24          
 48           47          
 124          125         
 124          59          
 95           78          
 95           103         
 95           59          
 38           59          
 38           64          
 38           37          
 38           24          
 38           69          
 126          125         
 126          59          
 81           78          
 7            78          
 7            59          
 114          103         
 114          59          
 69           59          
 69           64          
 69           78          
 69           103         
 125          59          
 125          64          
 125          78          
 90           78          
 92           78          
 92           91          
 93           78          
 93           91          
 93           103         
 40           41          
 91           103         
 91           64          
 91           78          
 91           35          
 46           47          
 121          59          
 121          105         
 121          103         
 121          120         
 78           56          
 78           59          
 78           55          
 78           96          
 78           73          
 78           120         
 78           32          
 78           47          
 78           50          
 78           98          
 78           97          
 78           39          
 78           100         
 78           86          
 78           71          
 78           102         
 78           105         
 78           9           
 78           77          
 78           88          
 78           64          
 78           82          
 78           35          
 78           11          
 78           36          
 78           99          
 78           65          
 78           24          
 78           63          
 78           67          
 78           72          
 78           13          
 78           79          
 78           70          
 78           74          
 78           75          
 78           53          
 78           54          
 78           76          
 107          103         
 82           59          
 35           59          
 35           64          
 35           54          
 35           37          
 35           11          
 35           36          
 35           33          
 35           34          
 35           24          
 11           59          
 11           64          
 11           12          
 11           9           
 11           24          
 36           59          
 36           64          
 36           24          
 101          103         
 24           59          
 24           26          
 24           28          
 24           25          
 24           18          
 24           32          
 24           29          
 24           20          
 24           21          
 24           64          
 24           19          
 24           27          
 24           33          
 24           63          
 24           72          
 24           17          
 24           23          
 24           52          
 24           13          
 24           79          
 24           54          
 72           59          
 72           64          
 72           71          
 103          26          
 103          97          
 103          98          
 103          116         
 103          100         
 103          96          
 103          104         
 103          102         
 103          105         
 103          9           
 103          99          
 103          88          
 103          110         
 103          106         
 103          113         
 103          47          
 103          50          
 103          74          
 13           59          
 13           64          
 79           59          
 79           64          
 50           52          
 50           47          
 50           51          
 50           59          
 85           86          
 99           59          
 59           56          
 59           97          
 59           55          
 59           73          
 59           39          
 59           65          
 59           71          
 59           32          
 59           20          
 59           52          
 59           42          
 59           106         
 59           116         
 59           9           
 59           88          
 59           64          
 59           27          
 59           33          
 59           43          
 59           63          
 59           67          
 59           62          
 59           45          
 59           47          
 59           75          
 59           53          
 59           54          
 44           45          
 44           43          
 44           41          
 116          115         
 39           64          
 39           41          
 104          105         
 71           64          
 102          105         
 41           42          
 41           47          
 42           45          
 42           43          
 42           64          
 105          106         
 64           9           
 64           70          
 64           66          
 64           43          
 64           65          
 64           63          
 64           67          
 64           62          
 64           47          
 43           47          
 45           47          
 47           53          
 53           54          
 54           56          
 54           55          
 56           55          
 97           98          
 20           21          
 74           75          
 75           76          
