0       131.881934768     0.0              
1       1.00013184154     0.033905806557   
2       1.00008611226     0.070114456827   
3       1.00012983873     0.100083632752   
4       1.00531307675     0.134428174288   
5       3.47490878746     0.222728692405   
6       2.50130318599     0.224336451077   
7       3.28735831763     0.392657885929   
8       2.25775303763     0.518851774183   
9       6.10854477228     0.722249911812   
10      1.0014331644      0.873129430835   
11      7.84719329345     0.879843218331   
12      1.27834103531     0.903385479144   
13      4.32271520999     1.17041385891    
14      1.16967102136     1.17989188278    
15      1.47506429814     1.25100852041    
16      2.8930498465      1.30392973407    
17      1.38226623443     1.35506080414    
18      1.00135328607     1.38093736726    
19      1.00014986678     1.40280670517    
20      2.05709633889     1.43771637782    
21      1.00351994255     1.43891554932    
22      1.96934861155     1.48437508495    
23      1.00132688413     1.5137165871     
24      31.4543038325     1.51605463447    
25      1.00065503979     1.53122291813    
26      1.26973555941     1.55249604086    
27      1.27814180458     1.57667121855    
28      1.00212693663     1.59807279719    
29      1.00107860668     1.61729961352    
30      1.35594657171     1.64326193874    
31      1.37379172591     1.67605564668    
32      1.96656831837     1.72209417017    
33      1.71298315514     1.84248619554    
34      1.00076826291     1.89102605148    
35      10.4142838383     1.90579585966    
36      4.24549040653     1.95811074645    
37      1.1391927757      2.08955709577    
38      3.18317048041     2.09995865397    
39      2.61862484065     2.19488008184    
40      1.00226206918     2.22751687133    
41      1.72349768745     2.23171696765    
42      1.64293854029     2.24871883772    
43      1.82990051694     2.25563822958    
44      1.00077761524     2.26419871123    
45      1.32363453554     2.2704046672     
46      1.00205469505     2.29595915427    
47      4.2110192899      2.30337326991    
48      1.00028640196     2.31379842206    
49      2.37907730653     2.37871097626    
50      3.36596180422     2.40287903832    
51      1.00103450463     2.40823224178    
52      1.46927481737     2.42732348656    
53      2.65399633306     2.49704358748    
54      4.07929974421     2.54418465967    
55      2.08500815016     2.56913881198    
56      2.10689843041     2.57113755599    
57      1.31874966228     2.64524051266    
58      2.65455620626     2.72179723938    
59      80.8077498655     2.79078143399    
60      1.71065956778     2.79227122295    
61      3.67827385884     2.87469647481    
62      1.00022096956     2.94736432055    
63      3.62123895071     3.01242293249    
64      36.3800247479     3.08570347173    
65      2.2851941338      3.11130102712    
66      1.00036920009     3.15745677131    
67      1.36634015422     3.18629680855    
68      1.00012249525     3.27036232658    
69      5.31399165935     3.27753020238    
70      1.09021166112     3.38453528092    
71      2.86543498941     3.49277330097    
72      4.17596663677     3.49528668786    
73      1.91914982822     3.62930978598    
74      1.94816298271     3.70441955798    
75      2.22331438216     3.71983768464    
76      1.28486234038     3.73021218471    
77      1.0023744705      3.78100086173    
78      75.179196018      3.81818407291    
79      4.08256861143     3.85207602271    
80      1.00091857889     3.92513494741    
81      1.00490951849     3.95097050201    
82      2.13609473936     3.99427479651    
83      2.7984714665      4.07242088425    
84      1.7335542224      4.09520242766    
85      1.00364085913     4.10590218708    
86      1.00170961267     4.10919241858    
87      1.48565377835     4.15383712054    
88      2.94919961642     4.22107938934    
89      1.50552249062     4.281767317      
90      1.52784700804     4.32338909186    
91      2.89326517594     4.39463015945    
92      1.25279124565     4.40533460022    
93      1.71605888115     4.42708727919    
94      2.93086702208     4.43367354705    
95      2.94955595713     4.55361841103    
96      1.45485299085     4.62459985162    
97      3.05758780951     4.69878407632    
98      2.1505854951      4.69950069552    
99      2.87844497861     4.80432034414    
100     1.28214944113     4.86483768386    
101     1.0003818875      4.89368034264    
102     2.16793461064     4.94145732776    
103     37.030869263      4.95895223634    
104     1.00040192055     4.97463415639    
105     3.85964642787     4.9773233041     
106     2.211253446       5.00981609564    
107     1.31045198792     5.06938724335    
108     1.349012701       5.10653459548    
109     2.21063655181     5.15595660273    
110     1.44773414538     5.20709909526    
111     1.50349938282     5.24704139334    
112     2.41044867923     5.30441399754    
113     1.6646390337      5.36674432578    
114     2.64815307155     5.44139368821    
115     1.00306387319     5.55120551553    
116     2.8421900553      5.55216219373    
117     2.10045025987     5.69537405586    
118     2.89495070643     5.7206495352     
119     1.01591115183     5.72624204865    
120     1.84673918535     5.80563379358    
121     3.11852410334     5.82085844054    
122     4.24728322592     5.87671522755    
123     2.22301090848     5.90692689677    
124     2.43600693761     6.15745543314    
125     4.90846808052     6.19506530145    
126     2.43386230386     6.23297496265    
