 0            72          
 0            57          
 0            112         
 0            88          
 0            73          
 0            58          
 0            115         
 0            51          
 0            7           
 0            90          
 0            16          
 0            91          
 0            105         
 0            122         
 0            53          
 0            5           
 0            89          
 0            129         
 0            86          
 0            104         
 0            113         
 0            6           
 0            40          
 0            32          
 0            8           
 0            4           
 0            1           
 0            85          
 0            106         
 0            123         
 0            126         
 0            9           
 0            56          
 0            100         
 0            24          
 0            99          
 0            25          
 0            116         
 0            96          
 0            127         
 0            87          
 0            69          
 0            108         
 0            76          
 0            110         
 0            111         
 0            2           
 0            107         
 0            35          
 0            14          
 0            37          
 0            102         
 0            47          
 0            118         
 0            128         
 0            119         
 0            109         
 0            3           
 0            124         
 0            74          
 0            19          
 0            130         
 0            125         
 0            11          
 0            18          
 0            61          
 0            70          
 0            98          
 0            121         
 0            80          
 0            79          
 0            95          
 0            60          
 0            38          
 0            77          
 0            59          
 0            78          
 13           14          
 67           69          
 67           66          
 105          102         
 105          73          
 105          69          
 122          102         
 122          125         
 122          76          
 122          120         
 122          123         
 122          121         
 83           73          
 83           69          
 83           76          
 83           85          
 83           82          
 83           102         
 83           84          
 83           24          
 12           102         
 12           11          
 85           76          
 85           102         
 85           73          
 123          76          
 126          76          
 126          125         
 9            76          
 103          102         
 16           24          
 108          102         
 120          76          
 64           73          
 64           24          
 64           69          
 118          73          
 118          119         
 118          102         
 128          73          
 119          73          
 109          102         
 124          125         
 130          73          
 125          73          
 125          76          
 29           73          
 29           24          
 18           73          
 18           24          
 18           69          
 70           76          
 70           73          
 70           24          
 70           69          
 121          76          
 55           76          
 55           102         
 55           73          
 55           69          
 55           53          
 95           73          
 95           93          
 95           76          
 95           94          
 95           102         
 72           76          
 72           73          
 72           69          
 112          102         
 112          73          
 62           76          
 62           24          
 62           69          
 115          102         
 115          73          
 48           24          
 48           49          
 7            6           
 7            102         
 7            73          
 7            8           
 91           76          
 91           102         
 91           73          
 38           73          
 38           69          
 38           76          
 38           39          
 38           35          
 38           24          
 38           66          
 5            6           
 5            73          
 65           76          
 65           66          
 86           76          
 86           73          
 104          76          
 104          102         
 104          73          
 66           73          
 66           69          
 66           76          
 66           102         
 6            73          
 6            69          
 6            76          
 8            76          
 8            73          
 8            11          
 93           92          
 94           76          
 94           92          
 94           102         
 43           42          
 92           76          
 92           102         
 92           69          
 50           49          
 101          76          
 101          102         
 101          73          
 101          99          
 101          113         
 76           57          
 76           73          
 76           58          
 76           51          
 76           113         
 76           31          
 76           49          
 76           53          
 76           89          
 76           88          
 76           40          
 76           36          
 76           81          
 76           75          
 76           100         
 76           99          
 76           96          
 76           127         
 76           87          
 76           69          
 76           2           
 76           35          
 76           14          
 76           37          
 76           90          
 76           32          
 76           24          
 76           77          
 76           71          
 76           74          
 76           11          
 76           61          
 76           68          
 76           80          
 76           79          
 76           60          
 76           59          
 76           78          
 110          102         
 2            73          
 35           73          
 35           69          
 35           59          
 35           33          
 35           14          
 35           37          
 35           34          
 35           36          
 35           32          
 35           24          
 14           73          
 14           69          
 14           15          
 14           24          
 37           73          
 37           69          
 37           24          
 97           102         
 97           73          
 24           73          
 24           17          
 24           26          
 24           28          
 24           27          
 24           31          
 24           23          
 24           25          
 24           22          
 24           69          
 24           20          
 24           33          
 24           34          
 24           32          
 24           77          
 24           74          
 24           19          
 24           21          
 24           30          
 24           11          
 24           15          
 24           61          
 24           59          
 74           73          
 74           69          
 74           75          
 102          17          
 102          88          
 102          89          
 102          116         
 102          52          
 102          106         
 102          100         
 102          99          
 102          96          
 102          90          
 102          87          
 102          107         
 102          98          
 102          111         
 102          77          
 102          49          
 102          53          
 102          80          
 11           73          
 11           10          
 11           69          
 61           73          
 61           69          
 61           59          
 53           52          
 53           49          
 53           54          
 82           81          
 90           73          
 73           57          
 73           88          
 73           58          
 73           51          
 73           40          
 73           32          
 73           52          
 73           75          
 73           25          
 73           30          
 73           46          
 73           98          
 73           116         
 73           96          
 73           87          
 73           69          
 73           33          
 73           34          
 73           47          
 73           77          
 73           71          
 73           41          
 73           45          
 73           49          
 73           79          
 73           60          
 73           59          
 44           45          
 44           47          
 44           42          
 113          114         
 116          117         
 40           69          
 40           42          
 75           69          
 100          99          
 42           41          
 42           49          
 42           46          
 46           45          
 46           47          
 99           98          
 69           25          
 69           68          
 69           63          
 69           47          
 69           77          
 69           71          
 69           41          
 69           45          
 69           15          
 39           49          
 47           49          
 41           45          
 45           49          
 49           51          
 49           60          
 60           59          
 59           57          
 59           58          
 57           58          
 57           56          
 88           89          
 58           51          
 26           25          
 80           79          
 79           78          
