0       116.681657404     0.0              
1       1.00224292716     0.003977639151   
2       3.20302509252     0.083507764426   
3       1.00040109512     0.160653028944   
4       1.00230740923     0.199275189758   
5       2.2290981199      0.30541759721    
6       4.56509673184     0.328228820303   
7       3.80082690236     0.427149983235   
8       4.07220726894     0.506541728163   
9       1.957501614       0.624183748425   
10      1.00192224896     0.775012334493   
11      6.33051989196     0.779152884197   
12      1.26497955039     0.799679988925   
13      1.00139902903     1.11350002582    
14      6.24533134949     1.12552731903    
15      1.9483985961      1.16398844182    
16      1.61173060237     1.25708751849    
17      1.51662925795     1.30558880021    
18      2.84219693035     1.36432123942    
19      1.40733831691     1.41569161948    
20      1.00128019906     1.45337975977    
21      1.00050914827     1.47969749217    
22      1.00274318953     1.49885465019    
23      1.00145444333     1.52114793006    
24      32.5739414077     1.55693057858    
25      2.75712426987     1.56081009689    
26      1.00000166675     1.56337135046    
27      1.00092779749     1.60127221073    
28      1.00129421758     1.62332992568    
29      1.33299267252     1.65444696565    
30      1.29628288957     1.6841562337     
31      1.30400687757     1.71166302591    
32      2.86334997366     1.77197251423    
33      1.52019157781     1.82287363698    
34      1.50876648789     1.86231559368    
35      8.83221572357     1.87169287516    
36      1.066206141       1.8928225617     
37      3.51553172348     1.9490660272     
38      4.49104061207     2.0785447166     
39      1.20026579716     2.09654240086    
40      2.40136054518     2.17973164706    
41      1.45432916613     2.20989968621    
42      1.65118970925     2.21921479953    
43      1.0003344015      2.22096412186    
44      1.00143007403     2.23171546963    
45      1.58390851786     2.23659567071    
46      1.26563331599     2.24366861045    
47      2.03370185792     2.25596292717    
48      1.01951297961     2.28804207569    
49      4.44280695723     2.29834101897    
50      1.00378829622     2.3064206336     
51      2.10993904351     2.33396000793    
52      1.25932197185     2.36749561428    
53      2.26165747031     2.37940868285    
54      1.00476415371     2.38167894446    
55      1.98669247499     2.40088703543    
56      1.00130389714     2.44066717198    
57      2.02320290283     2.44859810731    
58      2.18913774567     2.46182082696    
59      4.04720405679     2.49615563132    
60      2.14005082249     2.50666055346    
61      3.47485247963     2.58061220929    
62      1.62626206967     2.65137381426    
63      1.00048513544     2.68914696764    
64      1.50444087298     2.7208227721     
65      1.00356011927     2.77962824019    
66      3.79087508696     2.7934033577     
67      1.00311997131     2.79888539158    
68      1.00177463786     2.87907221493    
69      36.7379227311     2.97904387008    
70      3.94486479076     2.98925667674    
71      1.13672088522     3.08567276216    
72      2.30567231837     3.14022195787    
73      90.3595357993     3.21111875987    
74      3.81444984849     3.26937891794    
75      1.46382271537     3.27176795679    
76      84.9698834688     3.41339806946    
77      5.52326604383     3.47557991737    
78      1.01021485858     3.63497373664    
79      2.10772117602     3.64139121886    
80      1.90896915272     3.65899639635    
81      1.00008667361     3.78330852722    
82      1.00381238833     3.78578551671    
83      4.94269280912     3.82482436341    
84      1.00228636019     3.83557173204    
85      3.20872427665     3.89007659548    
86      2.09316672419     4.01568948289    
87      2.98526779132     4.13396268794    
88      2.9517189844      4.26667805433    
89      2.16975968393     4.27141500648    
90      2.71568796796     4.37432719718    
91      2.69504715995     4.46122939968    
92      1.87534267074     4.54675528885    
93      1.00154491545     4.55062956406    
94      1.52929714989     4.56542736664    
95      2.59311698753     4.57135103793    
96      2.51224588148     4.64513809793    
97      1.26646598517     4.69187114471    
98      1.92184750531     4.73751325252    
99      2.77031688834     4.76359944594    
100     1.6953610027      4.77177474712    
101     3.01093431991     4.81908256856    
102     41.3981524474     4.87283528145    
103     1.0007950117      4.87619535851    
104     2.83747884102     4.92874000535    
105     2.8996046122      5.0176792452     
106     1.32551359666     5.06703889703    
107     1.38840467426     5.10030485832    
108     1.42760953721     5.13540328251    
109     1.44667894488     5.16911322188    
110     1.4864095895      5.20479531527    
111     1.53354290974     5.24256285105    
112     2.33186659343     5.2983984784     
113     2.44228422003     5.38050633555    
114     1.00183942377     5.38089395033    
115     2.57229970726     5.4746834307     
116     2.62574959247     5.58440125675    
117     1.00039909427     5.58459918372    
118     2.67752929386     5.68211763058    
119     1.93377140621     5.68895200934    
120     1.11228957455     5.79242043661    
121     1.64397743365     5.81393230756    
122     4.0135721165      5.81619320649    
123     1.88831642821     5.84924008118    
124     1.00088642514     5.93078299448    
125     3.68194501729     5.93714643065    
126     2.10420829879     5.96423752006    
127     2.04013535652     6.06209527028    
128     2.07996666307     6.13510335566    
129     1.00038408784     6.18363946653    
130     2.15128951421     6.23293451589    
