 0            74          
 0            60          
 0            115         
 0            90          
 0            37          
 0            61          
 0            114         
 0            62          
 0            8           
 0            94          
 0            19          
 0            93          
 0            116         
 0            123         
 0            56          
 0            6           
 0            89          
 0            127         
 0            129         
 0            12          
 0            7           
 0            41          
 0            9           
 0            126         
 0            125         
 0            118         
 0            105         
 0            128         
 0            124         
 0            119         
 0            92          
 0            100         
 0            29          
 0            101         
 0            30          
 0            117         
 0            113         
 0            13          
 0            70          
 0            1           
 0            86          
 0            14          
 0            88          
 0            106         
 0            39          
 0            17          
 0            40          
 0            36          
 0            20          
 0            104         
 0            5           
 0            130         
 0            4           
 0            3           
 0            2           
 0            121         
 0            71          
 0            15          
 0            120         
 0            10          
 0            35          
 0            107         
 0            122         
 0            79          
 0            112         
 0            95          
 0            63          
 0            75          
 0            59          
 0            81          
 16           17          
 65           70          
 65           64          
 116          104         
 116          37          
 116          70          
 123          86          
 123          124         
 123          120         
 123          122         
 76           86          
 76           77          
 76           104         
 76           37          
 76           70          
 103          104         
 105          86          
 105          104         
 105          37          
 124          86          
 119          86          
 119          120         
 92           86          
 84           86          
 99           86          
 99           104         
 19           29          
 27           29          
 82           86          
 20           37          
 20           29          
 5            4           
 4            37          
 121          120         
 15           37          
 33           37          
 33           29          
 68           29          
 68           70          
 66           86          
 66           37          
 66           29          
 66           70          
 122          86          
 54           86          
 54           37          
 54           52          
 54           56          
 95           86          
 95           96          
 95           37          
 95           104         
 74           86          
 74           37          
 74           70          
 115          104         
 115          37          
 67           29          
 67           70          
 114          104         
 114          37          
 53           52          
 8            7           
 8            37          
 8            9           
 93           86          
 93           104         
 63           37          
 63           64          
 6            7           
 85           86          
 129          86          
 129          37          
 12           37          
 64           86          
 64           104         
 64           70          
 7            37          
 7            70          
 9            37          
 97           96          
 97           98          
 96           86          
 96           104         
 49           48          
 98           86          
 98           39          
 98           104         
 98           70          
 51           52          
 109          104         
 109          37          
 109          110         
 86           60          
 86           37          
 86           61          
 86           62          
 86           110         
 86           94          
 86           56          
 86           89          
 86           90          
 86           87          
 86           78          
 86           72          
 86           91          
 86           100         
 86           101         
 86           83          
 86           13          
 86           88          
 86           73          
 86           41          
 86           75          
 86           42          
 86           71          
 86           10          
 86           35          
 86           39          
 86           79          
 86           80          
 86           58          
 86           59          
 86           81          
 14           37          
 39           37          
 39           38          
 39           17          
 39           40          
 39           36          
 39           41          
 39           29          
 17           37          
 17           18          
 17           29          
 40           37          
 40           29          
 102          104         
 29           37          
 29           108         
 29           31          
 29           21          
 29           32          
 29           22          
 29           26          
 29           30          
 29           28          
 29           70          
 29           25          
 29           38          
 29           36          
 29           75          
 29           71          
 29           23          
 29           24          
 29           34          
 29           10          
 29           35          
 71           37          
 71           70          
 71           72          
 104          108         
 104          90          
 104          89          
 104          117         
 104          55          
 104          100         
 104          101         
 104          113         
 104          106         
 104          107         
 104          94          
 104          112         
 104          75          
 104          56          
 104          79          
 10           37          
 10           11          
 35           37          
 56           55          
 56           52          
 56           57          
 77           78          
 94           37          
 37           60          
 37           61          
 37           62          
 37           72          
 37           30          
 37           34          
 37           45          
 37           117         
 37           113         
 37           13          
 37           70          
 37           38          
 37           36          
 37           44          
 37           41          
 37           75          
 37           42          
 37           43          
 37           46          
 37           58          
 37           59          
 47           46          
 47           50          
 47           48          
 110          111         
 117          118         
 50           43          
 50           45          
 50           52          
 50           48          
 72           70          
 100          101         
 48           45          
 48           52          
 45           46          
 45           44          
 70           43          
 70           34          
 70           73          
 70           69          
 70           44          
 70           75          
 44           52          
 46           52          
 52           58          
 58           59          
 59           60          
 59           61          
 60           61          
 90           89          
 90           91          
 61           62          
 31           30          
 79           80          
 80           81          
