0       118.903588233     0.0              
1       1.00048454861     0.023430095961   
2       1.00131410588     0.047621002947   
3       1.00054059752     0.071798614933   
4       2.44545795171     0.108298818924   
5       1.00059988346     0.109814448868   
6       1.00095675124     0.178182579418   
7       3.88499506104     0.180974529314   
8       3.19282082871     0.220401880238   
9       2.29764851371     0.23174008052    
10      5.35656334902     0.3776457717     
11      1.00015550414     0.378667426873   
12      2.48273847423     0.501946152419   
13      3.72850170179     0.599254688087   
14      2.36075717265     0.699580626882   
15      2.29409263484     0.774743812953   
16      1.00149822562     0.92575778       
17      5.20429580608     0.932513137776   
18      1.00067498405     0.938769652191   
19      1.74676211174     1.03887463184    
20      2.64633785466     1.10046268715    
21      1.00176007922     1.14010126004    
22      1.00270735198     1.15641328816    
23      1.00065054882     1.17103404255    
24      1.00039545162     1.18590047354    
25      1.00067498405     1.1985161173     
26      1.00151369032     1.21145121555    
27      1.00076482468     1.2246050259     
28      1.00023488158     1.23959129915    
29      34.1003236779     1.24002535279    
30      2.37834892654     1.27046041546    
31      1.00057760595     1.27153787218    
32      1.00221236944     1.3018744395     
33      1.34396627395     1.3334940679     
34      2.48043396722     1.3808276367     
35      3.95454723768     1.47641081849    
36      3.40977381514     1.63983894451    
37      80.4049890041     1.69877474104    
38      2.0818057999      1.70817823801    
39      11.7976955193     1.74655584574    
40      3.46997825315     1.80484524314    
41      4.26933757408     1.94503333552    
42      2.43195306406     2.09581473371    
43      2.95846732377     2.19513062705    
44      2.51003548338     2.24530670419    
45      2.1474705066      2.26312949367    
46      1.49506686568     2.27014251228    
47      1.01734402454     2.27663534063    
48      1.62300552384     2.28197056775    
49      1.00179677297     2.28310906912    
50      2.1331095198      2.29198937977    
51      1.00005817654     2.31513428863    
52      4.11002836817     2.31558856565    
53      1.00005961308     2.32683201566    
54      2.72584382464     2.35692814946    
55      1.32799491005     2.38967504402    
56      3.97472552952     2.39370062007    
57      1.00093518461     2.40155403245    
58      3.16401936154     2.48031248599    
59      3.98314860912     2.52710639016    
60      3.24841532314     2.55135422222    
61      3.99179595286     2.57723265787    
62      3.16354218854     2.61531964814    
63      2.4292969908      2.70836442129    
64      3.42475487666     2.73182841014    
65      1.58330843113     2.74095552092    
66      4.01085772993     2.85405214938    
67      1.93339636473     2.93612836069    
68      1.7925466032      2.9819009842     
69      1.00023739592     3.01656984882    
70      24.5634304772     3.03865078321    
71      5.21938082503     3.08089405248    
72      2.9986100622      3.08122249514    
73      1.79771595768     3.16791712712    
74      3.79076142409     3.24024679301    
75      7.14827885248     3.39334558217    
76      4.52970893805     3.55506135673    
77      1.00178058436     3.57413551463    
78      1.00076949661     3.57516615797    
79      3.58073643153     3.71177108413    
80      1.88061703754     3.73755949766    
81      2.08102322594     3.74560751326    
82      1.00048095582     3.80670313864    
83      1.00333335968     3.83534969618    
84      1.0013151846      3.85975861307    
85      1.00269618965     3.88321131989    
86      77.7014492538     3.885731799      
87      1.00326670624     3.90227700457    
88      2.40723175736     3.94379518142    
89      3.78766578265     4.04689776213    
90      3.91745758977     4.07736905836    
91      1.00071055998     4.08148798028    
92      2.21605855462     4.16742676345    
93      3.26490025955     4.24942854148    
94      4.38081038083     4.35748149654    
95      4.27622076492     4.48320837453    
96      2.21116266699     4.52164543525    
97      1.13109025261     4.52955071685    
98      3.82200967748     4.55562661134    
99      1.84543233914     4.63850829364    
100     3.08032238983     4.71806800497    
101     3.07031579951     4.71859624713    
102     1.00769380206     4.7751278958     
103     1.00102900281     4.80068069759    
104     38.2972698699     4.80178998741    
105     4.46963093898     4.86447778261    
106     1.86879610262     4.94056057069    
107     1.95807205953     4.98407379329    
108     2.03261754655     5.02508343641    
109     2.23421057783     5.08294945362    
110     1.72615650263     5.0960890327     
111     1.00053448949     5.09931690878    
112     2.2292233533      5.15339048057    
113     3.38091724165     5.22499847142    
114     3.51092499748     5.31986578302    
115     3.6431587084      5.4264995437     
116     5.19285401697     5.5543903233     
117     3.85403863521     5.69954138281    
118     1.52606463317     5.70479066058    
119     2.56908998227     5.79875166517    
120     2.60558907857     5.82026578317    
121     1.03823563967     5.82053524098    
122     2.38214062032     5.87924314999    
123     4.19363141206     5.88555340616    
124     3.08473579229     5.93124925573    
125     1.09484764264     6.06015214057    
126     1.01371181469     6.0928310621     
127     1.00280889858     6.12130520596    
128     1.00158310474     6.14792142047    
129     4.44816518701     6.21279408967    
130     1.00305776731     6.28184494653    
