0       111.493408761     0.0              
1       6.99915975409     0.07075299131    
2       1.00544075021     0.178300549132   
3       1.00052596212     0.207739423105   
4       2.1387176501      0.271783870013   
5       3.00944451004     0.272966937715   
6       1.08893267395     0.446691010957   
7       5.60598964316     0.457984270396   
8       2.11749060839     0.480489895754   
9       1.89437660571     0.583699913174   
10      1.88458014586     0.641219698635   
11      1.84640831365     0.699570889699   
12      3.79742234216     0.802670427546   
13      1.62649420287     0.899473753233   
14      1.00032032899     1.00634794742    
15      5.23914999736     1.01406840981    
16      1.00139022186     1.10850185502    
17      1.00094117162     1.12954091085    
18      1.00066018393     1.14832505987    
19      1.0001341513      1.16549882867    
20      1.00324303269     1.18238422705    
21      1.00001559807     1.21105835767    
22      1.99940091033     1.21133586738    
23      1.00067579229     1.24201398511    
24      1.00897418106     1.26217070239    
25      43.3426855192     1.29472659836    
26      2.05922658278     1.30290470833    
27      1.02793918935     1.34909340915    
28      1.00257141433     1.36873031067    
29      1.86934396433     1.39987431514    
30      1.01277556102     1.43063332639    
31      1.04250563953     1.45223526629    
32      4.11475561535     1.52923166426    
33      2.48919263472     1.64471390249    
34      1.58323112229     1.70247487048    
35      88.6381115543     1.71400369484    
36      18.0650362736     1.7201081594     
37      4.41789224325     1.8353331113     
38      2.69698248633     2.08436268329    
39      2.22710410583     2.18174612036    
40      1.00011127149     2.20820167135    
41      1.32238564189     2.21709471524    
42      1.00439020313     2.22240822096    
43      1.59022923159     2.22744234443    
44      1.31993473884     2.22791309977    
45      1.45169695283     2.23257084368    
46      2.04789393544     2.24923603193    
47      3.4622521221      2.26094799023    
48      1.00147977834     2.26400921067    
49      1.00191135862     2.27306628865    
50      3.09902197519     2.34058353923    
51      3.87577408215     2.35718768283    
52      1.00058179898     2.37542692413    
53      2.51423212404     2.43046297898    
54      3.73050505862     2.47299761471    
55      3.25102219105     2.48917931439    
56      3.22570804123     2.52058247773    
57      2.58552965427     2.55476935181    
58      4.54762068015     2.68646100324    
59      1.32148159413     2.75894271899    
60      6.10212934101     2.7652524134     
61      1.38738905107     2.78773631735    
62      2.97793888337     2.89222827233    
63      3.03836269393     2.97017554365    
64      1.0019238609      3.01756641202    
65      3.12381074784     3.06187696009    
66      26.6723750513     3.06704515708    
67      1.00114242117     3.1069466339     
68      2.27048781337     3.1485895684     
69      1.5336588686      3.19292483393    
70      2.6586287534      3.26827543298    
71      4.68087942874     3.27595521893    
72      3.54133353533     3.41752572208    
73      5.22651319946     3.57361633085    
74      3.11234033658     3.72985832239    
75      2.15698808335     3.81400527668    
76      2.16413928875     3.88057741196    
77      1.00054815778     3.92572737072    
78      1.00065636862     3.95321384593    
79      85.3549587989     4.02798169301    
80      4.63544931338     4.03353123179    
81      4.64683580502     4.0472954886     
82      1.00275144179     4.13807205993    
83      3.09877814466     4.20087604594    
84      2.13065910921     4.28041309959    
85      2.16066370288     4.34423209327    
86      1.12251889819     4.38999301343    
87      1.00039071801     4.39035141665    
88      2.1792016812      4.44625932387    
89      3.07542859906     4.56678542275    
90      4.35810679603     4.596738214      
91      1.9632653757      4.64698366857    
92      3.86692029808     4.68642937034    
93      2.81047846654     4.72829036156    
94      1.00008457908     4.73693229849    
95      1.21069889695     4.78310161856    
96      2.12636150692     4.78959940913    
97      3.27933914156     4.81775962248    
98      3.80297577536     4.94362122937    
99      2.83631754557     4.94399330211    
100     5.25595125891     4.97921194305    
101     1.22327277311     4.99683530753    
102     1.6295589585      5.06362563997    
103     2.22865088001     5.11094872257    
104     2.44014007549     5.17614702564    
105     3.82742739303     5.20047987078    
106     1.56646744101     5.21333838235    
107     1.00271355685     5.27353383327    
108     1.00301876226     5.29623832186    
109     1.00192559734     5.31695998299    
110     3.52792766836     5.36631420446    
111     40.7835631389     5.37280647105    
112     1.37830350961     5.4275363664     
113     2.35739200625     5.47695481583    
114     2.6776719819      5.49512776938    
115     1.37300545221     5.50458332283    
116     1.34693112705     5.53988585334    
117     1.40759397926     5.56527087599    
118     1.4553743751      5.59253929448    
119     2.38274371541     5.63621374236    
120     3.4812655417      5.71174544334    
121     2.47130224139     5.78422566107    
122     2.66121676421     5.86005884021    
123     1.88152874624     5.86236093491    
124     2.6150310621      5.93502484833    
125     2.0251935641      6.01732969618    
126     4.37440344581     6.04557595252    
127     1.82732225523     6.05394693362    
128     1.61150074875     6.09173001143    
129     1.65836548717     6.09570390551    
130     1.00039141153     6.1429702503     
131     1.00104248531     6.16836126506    
132     1.00012028468     6.19162620341    
133     1.001283667       6.21450015643    
134     1.00537906641     6.23691046975    
135     1.00016639189     6.26192210889    
