 0            73          
 0            55          
 0            124         
 0            105         
 0            35          
 0            6           
 0            56          
 0            121         
 0            57          
 0            98          
 0            120         
 0            13          
 0            2           
 0            62          
 0            126         
 0            51          
 0            101         
 0            131         
 0            104         
 0            132         
 0            74          
 0            119         
 0            93          
 0            100         
 0            37          
 0            99          
 0            3           
 0            130         
 0            135         
 0            4           
 0            81          
 0            133         
 0            125         
 0            85          
 0            127         
 0            103         
 0            113         
 0            25          
 0            114         
 0            22          
 0            5           
 0            65          
 0            88          
 0            110         
 0            66          
 0            134         
 0            26          
 0            79          
 0            117         
 0            116         
 0            83          
 0            112         
 0            36          
 0            7           
 0            32          
 0            111         
 0            33          
 0            29          
 0            46          
 0            123         
 0            10          
 0            122         
 0            118         
 0            9           
 0            129         
 0            71          
 0            11          
 0            128         
 0            15          
 0            8           
 0            12          
 0            115         
 0            84          
 0            89          
 0            90          
 0            97          
 0            58          
 0            1           
 0            54          
 6            7           
 61           66          
 61           60          
 62           111         
 62           35          
 62           66          
 126          111         
 126          128         
 126          92          
 126          79          
 126          125         
 126          127         
 80           79          
 80           81          
 80           111         
 80           35          
 80           66          
 107          111         
 81           79          
 81           111         
 81           35          
 125          79          
 85           79          
 127          79          
 77           79          
 102          79          
 102          111         
 13           25          
 20           25          
 78           79          
 29           35          
 29           25          
 123          35          
 123          122         
 10           35          
 122          111         
 122          35          
 118          111         
 9            35          
 129          55          
 129          128         
 11           35          
 27           35          
 27           25          
 38           35          
 38           25          
 38           66          
 63           79          
 63           35          
 63           25          
 63           66          
 84           79          
 50           79          
 50           51          
 50           35          
 50           47          
 50           92          
 97           79          
 97           96          
 97           35          
 97           111         
 73           79          
 73           35          
 73           25          
 73           66          
 124          111         
 124          35          
 68           79          
 68           25          
 68           66          
 121          111         
 121          35          
 49           47          
 98           100         
 98           111         
 98           99          
 98           79          
 98           35          
 58           35          
 58           66          
 58           36          
 58           25          
 58           60          
 101          100         
 74           79          
 74           35          
 119          111         
 119          35          
 60           35          
 60           66          
 60           79          
 60           36          
 60           111         
 60           59          
 60           25          
 100          35          
 100          99          
 100          79          
 100          111         
 100          66          
 99           79          
 99           35          
 95           96          
 95           36          
 96           79          
 96           111         
 40           43          
 72           79          
 72           36          
 72           111         
 72           66          
 59           79          
 76           79          
 76           25          
 103          79          
 103          111         
 31           35          
 31           25          
 48           47          
 92           35          
 92           93          
 92           111         
 92           91          
 79           55          
 79           35          
 79           56          
 79           57          
 79           120         
 79           51          
 79           104         
 79           105         
 79           82          
 79           86          
 79           70          
 79           113         
 79           114         
 79           88          
 79           110         
 79           106         
 79           93          
 79           83          
 79           36          
 79           7           
 79           32          
 79           37          
 79           25          
 79           1           
 79           75          
 79           71          
 79           15          
 79           12          
 79           69          
 79           89          
 79           90          
 79           53          
 79           54          
 79           91          
 117          111         
 83           35          
 36           35          
 36           66          
 36           34          
 36           7           
 36           32          
 36           33          
 36           37          
 36           25          
 7            35          
 7            8           
 7            25          
 32           35          
 32           25          
 108          111         
 25           35          
 25           21          
 25           19          
 25           30          
 25           23          
 25           18          
 25           22          
 25           17          
 25           66          
 25           26          
 25           34          
 25           33          
 25           37          
 25           1           
 25           71          
 25           16          
 25           24          
 25           28          
 25           15          
 25           8           
 25           12          
 25           54          
 71           35          
 71           66          
 71           70          
 111          105         
 111          93          
 111          104         
 111          116         
 111          109         
 111          4           
 111          113         
 111          106         
 111          114         
 111          5           
 111          65          
 111          110         
 111          112         
 111          115         
 111          120         
 111          1           
 111          51          
 111          89          
 111          90          
 15           35          
 15           66          
 15           14          
 12           35          
 51           47          
 51           52          
 51           35          
 87           86          
 120          35          
 35           55          
 35           105         
 35           56          
 35           57          
 35           37          
 35           70          
 35           30          
 35           1           
 35           43          
 35           28          
 35           45          
 35           22          
 35           5           
 35           65          
 35           110         
 35           66          
 35           26          
 35           34          
 35           33          
 35           46          
 35           75          
 35           39          
 35           41          
 35           90          
 35           53          
 35           54          
 42           41          
 42           44          
 42           43          
 93           94          
 5            4           
 44           39          
 44           45          
 44           47          
 44           43          
 70           66          
 113          114         
 43           47          
 43           45          
 45           41          
 45           46          
 114          115         
 66           67          
 66           65          
 66           69          
 66           64          
 66           46          
 66           1           
 66           39          
 46           47          
 41           47          
 47           53          
 53           54          
 54           55          
 54           56          
 55           56          
 105          106         
 105          104         
 56           57          
 21           22          
 89           90          
 90           91          
