 0            75          
 0            62          
 0            126         
 0            59          
 0            78          
 0            3           
 0            63          
 0            116         
 0            64          
 0            105         
 0            118         
 0            20          
 0            100         
 0            73          
 0            130         
 0            58          
 0            102         
 0            1           
 0            107         
 0            7           
 0            77          
 0            101         
 0            69          
 0            91          
 0            103         
 0            36          
 0            30          
 0            6           
 0            124         
 0            134         
 0            11          
 0            88          
 0            136         
 0            128         
 0            99          
 0            131         
 0            5           
 0            2           
 0            4           
 0            32          
 0            10          
 0            127         
 0            112         
 0            98          
 0            74          
 0            135         
 0            83          
 0            125         
 0            84          
 0            120         
 0            39          
 0            29          
 0            41          
 0            117         
 0            38          
 0            52          
 0            121         
 0            12          
 0            122         
 0            16          
 0            17          
 0            133         
 0            80          
 0            19          
 0            9           
 0            132         
 0            14          
 0            15          
 0            18          
 0            82          
 0            119         
 0            8           
 0            109         
 0            96          
 0            123         
 0            81          
 0            67          
 0            97          
 0            61          
 70           74          
 70           69          
 73           117         
 73           78          
 73           74          
 130          117         
 130          132         
 130          93          
 130          83          
 130          129         
 130          128         
 130          131         
 87           83          
 87           88          
 87           117         
 87           78          
 87           74          
 114          117         
 124          117         
 88           78          
 88           83          
 88           89          
 88           117         
 128          83          
 99           83          
 131          83          
 85           83          
 113          83          
 113          117         
 20           30          
 35           30          
 129          83          
 65           78          
 65           30          
 65           74          
 121          78          
 121          122         
 121          117         
 12           78          
 122          117         
 122          78          
 16           117         
 16           17          
 17           78          
 133          132         
 9            78          
 15           78          
 15           30          
 15           74          
 15           14          
 66           78          
 66           30          
 66           74          
 82           83          
 82           78          
 82           30          
 82           74          
 8            83          
 92           83          
 92           78          
 92           93          
 81           83          
 81           117         
 81           78          
 81           74          
 75           83          
 75           78          
 75           74          
 126          117         
 126          78          
 44           83          
 44           30          
 44           74          
 116          117         
 116          78          
 53           54          
 105          103         
 105          117         
 105          78          
 105          104         
 100          103         
 100          83          
 100          117         
 67           78          
 67           74          
 67           83          
 67           30          
 67           69          
 102          103         
 102          78          
 77           83          
 77           78          
 77           74          
 101          103         
 101          83          
 101          78          
 101          117         
 69           78          
 69           74          
 69           83          
 69           39          
 69           117         
 69           68          
 69           30          
 103          78          
 103          104         
 103          83          
 103          74          
 104          78          
 110          109         
 111          83          
 111          109         
 111          117         
 49           51          
 49           48          
 42           83          
 42           117         
 42           39          
 42           30          
 42           74          
 68           83          
 40           83          
 40           39          
 40           30          
 21           83          
 21           117         
 21           30          
 22           117         
 22           30          
 55           54          
 93           78          
 93           91          
 93           117         
 93           94          
 83           62          
 83           78          
 83           63          
 83           106         
 83           64          
 83           91          
 83           118         
 83           58          
 83           107         
 83           109         
 83           86          
 83           89          
 83           79          
 83           5           
 83           4           
 83           112         
 83           98          
 83           108         
 83           84          
 83           76          
 83           29          
 83           41          
 83           36          
 83           30          
 83           97          
 83           72          
 83           80          
 83           14          
 83           18          
 83           39          
 83           96          
 83           95          
 83           60          
 83           61          
 83           94          
 125          117         
 84           78          
 39           78          
 39           74          
 39           37          
 39           29          
 39           41          
 39           38          
 39           36          
 39           30          
 29           78          
 29           28          
 29           30          
 41           78          
 41           30          
 115          117         
 30           78          
 30           11          
 30           31          
 30           24          
 30           43          
 30           23          
 30           34          
 30           32          
 30           33          
 30           74          
 30           25          
 30           37          
 30           38          
 30           36          
 30           97          
 30           80          
 30           19          
 30           26          
 30           27          
 30           14          
 30           28          
 30           18          
 30           61          
 80           78          
 80           74          
 80           79          
 117          109         
 117          91          
 117          107         
 117          10          
 117          123         
 117          106         
 117          5           
 117          108         
 117          4           
 117          127         
 117          112         
 117          98          
 117          120         
 117          118         
 117          119         
 117          97          
 117          54          
 117          58          
 117          96          
 14           78          
 14           74          
 14           13          
 18           78          
 58           59          
 58           54          
 58           57          
 58           78          
 90           89          
 118          78          
 78           62          
 78           109         
 78           63          
 78           64          
 78           54          
 78           46          
 78           36          
 78           79          
 78           43          
 78           97          
 78           48          
 78           47          
 78           32          
 78           10          
 78           127         
 78           98          
 78           74          
 78           37          
 78           38          
 78           52          
 78           45          
 78           51          
 78           28          
 78           76          
 78           95          
 78           60          
 78           61          
 50           51          
 50           46          
 50           48          
 10           11          
 46           45          
 46           54          
 46           48          
 46           47          
 79           74          
 5            4           
 48           54          
 48           47          
 47           51          
 47           52          
 74           56          
 74           127         
 74           76          
 74           71          
 74           52          
 74           97          
 74           72          
 74           45          
 74           28          
 56           54          
 52           54          
 45           51          
 51           54          
 54           60          
 60           61          
 61           62          
 61           63          
 62           63          
 109          108         
 109          107         
 63           64          
 107          108         
 31           32          
 32           33          
 96           95          
 95           94          
