0       103.093763386     0.0              
1       1.00119900809     0.006935121154   
2       1.0001187072      0.030665759001   
3       1.00164228237     0.056216875514   
4       2.85290876297     0.111756642317   
5       2.86508572809     0.112639729889   
6       1.0000721805      0.189682941243   
7       1.00162446542     0.220541196853   
8       1.99786258913     0.271187280317   
9       1.99181257086     0.337488881085   
10      2.90469230455     0.431932812493   
11      2.10740872465     0.437777743684   
12      1.97927718821     0.524121837085   
13      1.00013889219     0.657631720136   
14      5.25504270809     0.664606539031   
15      3.87230783881     0.711671211783   
16      1.95402679486     0.829339447538   
17      1.96038246106     0.82942109007    
18      3.62796658463     0.956920509824   
19      1.84684777881     1.03902892873    
20      1.7824617967      1.10284979495    
21      2.54074144245     1.17079136199    
22      1.6934848968      1.23703678671    
23      1.00065152355     1.27119032966    
24      1.00686392977     1.29378209163    
25      1.00885597566     1.31173970364    
26      1.00253765045     1.33283268849    
27      1.0018938096      1.35449866909    
28      2.44796390932     1.40548443043    
29      3.88910592252     1.40623718955    
30      40.8409026397     1.41896406189    
31      1.00013239191     1.47549439979    
32      2.19154524102     1.48196363419    
33      1.00031167916     1.48731646315    
34      1.00463007101     1.5168609481     
35      1.00183589109     1.53734535903    
36      3.37651471876     1.59380341707    
37      1.69815410263     1.65688163584    
38      2.30414962841     1.69952038453    
39      10.3874862535     1.71313408952    
40      1.72749779051     1.74292237855    
41      3.29707797074     1.80542048594    
42      3.71751379025     1.90491464462    
43      1.98439357582     2.00350998644    
44      2.67130351001     2.08959754253    
45      2.17190090639     2.20484833542    
46      2.03832133957     2.22429873244    
47      1.51040262038     2.2312454633     
48      1.60803726976     2.23584965271    
49      1.00148742242     2.23985388186    
50      1.0018746173      2.24628529105    
51      1.70527509984     2.2464261057     
52      2.39113714492     2.2765274826     
53      1.00146035864     2.30010307454    
54      4.45195736379     2.30329312541    
55      1.00010502261     2.31292319913    
56      1.3118838222      2.32821282307    
57      1.00008346983     2.36991118461    
58      3.23372298489     2.37592202242    
59      1.29304268679     2.3860295926     
60      2.48683180387     2.4544321778     
61      3.6909258792      2.49529201811    
62      2.54755929857     2.52405640492    
63      3.13218910782     2.54631560466    
64      2.51755619793     2.58349179383    
65      2.37658774348     2.68369302179    
66      2.28303043821     2.76301023982    
67      5.04858421111     2.91606976425    
68      1.0015055795      2.99937548213    
69      9.13057336615     3.01036951046    
70      1.00209535109     3.02704368688    
71      1.00112743117     3.14710464804    
72      1.00118428131     3.18679640092    
73      2.87008847384     3.25950244272    
74      41.7897188217     3.26751262068    
75      2.93653233123     3.38298057351    
76      1.60833983669     3.45906844084    
77      2.84821947136     3.5335173952     
78      108.532600809     3.58119560409    
79      1.95554470742     3.67204946431    
80      4.59271652652     3.67822728544    
81      4.6011010359      3.88891637271    
82      4.74340572802     4.08992993046    
83      95.7602027792     4.14587247957    
84      2.30696203869     4.24189701789    
85      1.0006477583      4.29987978767    
86      1.00356494897     4.32802183743    
87      3.49105590184     4.39738194347    
88      3.65849727725     4.43509676738    
89      1.14695542352     4.4641382894     
90      1.0002856737      4.46665076342    
91      2.08745290519     4.52243330441    
92      1.22716097084     4.54458277358    
93      2.50027050782     4.54779669927    
94      1.26152306516     4.56963832367    
95      1.68457965184     4.58025278912    
96      2.15854741364     4.59796697156    
97      5.95981448482     4.75503315943    
98      3.04051221273     4.91358969803    
99      1.61410109307     4.99193993891    
100     2.42857766961     5.06450666775    
101     2.60857731054     5.11517503439    
102     1.39477089554     5.14868685955    
103     4.85071650892     5.15084926313    
104     1.2392074137      5.18253311948    
105     2.12064533768     5.18546419874    
106     1.41671010464     5.24558250122    
107     2.04229959554     5.30423816649    
108     1.49142614309     5.30811618677    
109     3.55202927826     5.32615956089    
110     1.00135724888     5.32998515018    
111     1.41093407599     5.34679340012    
112     1.96079022733     5.41747467333    
113     1.2722080108      5.4561610621     
114     1.00297911577     5.48643433773    
115     1.00057416717     5.50754361363    
116     1.93527116294     5.54351538821    
117     44.5057263776     5.59094108574    
118     2.99349229771     5.60673929022    
119     1.13304201951     5.65920809939    
120     1.12002166319     5.68250805415    
121     2.09221758548     5.72544884276    
122     2.08999938883     5.72562598459    
123     1.18935602758     5.77163754358    
124     1.22656208882     5.80030306054    
125     1.25349282001     5.82872271363    
126     2.13510196636     5.87099594346    
127     3.24221517405     5.95555906869    
128     1.67810581802     6.07491558213    
129     1.00055294652     6.09536928348    
130     4.79854333787     6.10600958991    
131     1.62065173655     6.1234037561     
132     1.43039999158     6.16125443243    
133     1.00016352537     6.16281987181    
134     1.00016420963     6.2139762211     
135     1.00328726188     6.24126130515    
136     1.00048346923     6.26592278022    
