 0            82          
 0            69          
 0            10          
 0            62          
 0            76          
 0            17          
 0            67          
 0            132         
 0            66          
 0            104         
 0            94          
 0            21          
 0            136         
 0            77          
 0            128         
 0            61          
 0            106         
 0            5           
 0            112         
 0            6           
 0            90          
 0            108         
 0            13          
 0            74          
 0            46          
 0            107         
 0            48          
 0            31          
 0            4           
 0            134         
 0            3           
 0            100         
 0            135         
 0            98          
 0            73          
 0            130         
 0            124         
 0            137         
 0            125         
 0            29          
 0            11          
 0            47          
 0            97          
 0            111         
 0            81          
 0            133         
 0            91          
 0            121         
 0            120         
 0            89          
 0            15          
 0            123         
 0            40          
 0            18          
 0            39          
 0            43          
 0            118         
 0            2           
 0            63          
 0            1           
 0            119         
 0            64          
 0            42          
 0            86          
 0            23          
 0            72          
 0            131         
 0            8           
 0            35          
 0            22          
 0            71          
 0            122         
 0            99          
 0            114         
 0            95          
 0            59          
 0            44          
 0            75          
 0            88          
 0            68          
 17           18          
 70           69          
 70           81          
 70           74          
 77           118         
 77           76          
 77           81          
 128          118         
 128          131         
 128          127         
 128          91          
 128          129         
 128          126         
 128          130         
 46           45          
 46           48          
 46           47          
 87           91          
 87           118         
 87           81          
 117          118         
 100          91          
 100          101         
 100          76          
 100          118         
 98           91          
 73           74          
 130          91          
 93           91          
 110          91          
 110          118         
 21           31          
 28           31          
 129          91          
 24           76          
 24           31          
 2            1           
 63           76          
 119          118         
 64           76          
 42           40          
 72           76          
 131          76          
 35           76          
 35           31          
 22           31          
 22           81          
 78           91          
 78           76          
 78           81          
 99           91          
 14           91          
 14           118         
 14           15          
 44           91          
 44           118         
 44           76          
 44           40          
 82           91          
 82           76          
 82           81          
 10           118         
 10           76          
 103          31          
 103          104         
 103          81          
 132          118         
 132          76          
 59           57          
 104          107         
 104          76          
 104          105         
 104          106         
 104          118         
 75           76          
 75           31          
 75           81          
 75           74          
 106          107         
 106          76          
 90           91          
 90           76          
 108          107         
 108          118         
 108          76          
 74           76          
 74           81          
 74           91          
 74           40          
 74           115         
 74           118         
 74           31          
 107          76          
 107          105         
 107          91          
 107          118         
 107          81          
 105          76          
 127          118         
 126          91          
 126          118         
 49           50          
 41           91          
 41           118         
 41           40          
 41           31          
 115          91          
 115          114         
 115          118         
 38           91          
 38           40          
 38           31          
 109          91          
 109          118         
 109          31          
 9            118         
 9            8           
 58           57          
 15           118         
 15           13          
 15           16          
 15           20          
 91           69          
 91           62          
 91           76          
 91           67          
 91           66          
 91           13          
 91           94          
 91           61          
 91           112         
 91           114         
 91           92          
 91           101         
 91           85          
 91           124         
 91           97          
 91           111         
 91           113         
 91           89          
 91           80          
 91           18          
 91           39          
 91           48          
 91           31          
 91           88          
 91           79          
 91           86          
 91           8           
 91           71          
 91           40          
 91           95          
 91           96          
 91           65          
 91           68          
 91           20          
 121          118         
 89           76          
 40           76          
 40           37          
 40           18          
 40           39          
 40           43          
 40           48          
 40           31          
 18           76          
 18           19          
 18           31          
 39           76          
 39           31          
 25           118         
 25           31          
 31           76          
 31           12          
 31           16          
 31           32          
 31           36          
 31           26          
 31           27          
 31           29          
 31           30          
 31           81          
 31           45          
 31           37          
 31           43          
 31           48          
 31           88          
 31           86          
 31           23          
 31           33          
 31           34          
 31           8           
 31           71          
 86           76          
 86           81          
 86           85          
 118          114         
 118          13          
 118          112         
 118          116         
 118          113         
 118          124         
 118          125         
 118          11          
 118          111         
 118          123         
 118          122         
 118          94          
 118          120         
 118          57          
 118          61          
 118          96          
 8            76          
 8            81          
 8            7           
 71           76          
 71           68          
 61           62          
 61           57          
 61           60          
 61           76          
 102          101         
 94           76          
 76           69          
 76           67          
 76           66          
 76           57          
 76           54          
 76           48          
 76           85          
 76           36          
 76           88          
 76           50          
 76           53          
 76           29          
 76           11          
 76           47          
 76           111         
 76           81          
 76           37          
 76           43          
 76           56          
 76           79          
 76           55          
 76           52          
 76           80          
 76           96          
 76           65          
 76           68          
 51           52          
 51           54          
 51           50          
 11           12          
 54           55          
 54           53          
 54           57          
 85           81          
 124          125         
 50           53          
 50           57          
 53           52          
 81           83          
 81           29          
 81           80          
 81           84          
 81           56          
 81           88          
 81           79          
 81           55          
 81           19          
 56           57          
 52           57          
 57           65          
 65           68          
 68           69          
 68           67          
 69           67          
 114          113         
 114          112         
 67           66          
 112          113         
 29           30          
 19           20          
 95           96          
