0       131.681686217     0.0              
1       1.00039530141     0.01404963117    
2       1.00406314734     0.014058057578   
3       1.00037082744     0.046839781286   
4       1.00169155131     0.073063137914   
5       1.00018126093     0.101845313813   
6       1.00368749273     0.130843018506   
7       1.00159249693     0.224542429943   
8       6.58103718355     0.233978134521   
9       1.07065462033     0.247264520364   
10      3.42049509244     0.469693232635   
11      3.32587589289     0.68901877967    
12      1.34594949933     0.694795176075   
13      3.35762285896     0.826691308341   
14      1.90740005491     0.882829162868   
15      3.73771647127     0.896016678855   
16      1.28083266799     0.909179851885   
17      1.33969845245     1.06564289619    
18      5.09753895345     1.07362364097    
19      1.64903518389     1.12084148709    
20      1.67030635197     1.12421729345    
21      1.81501338465     1.20476364354    
22      2.55886796376     1.26773175725    
23      1.63573446999     1.32367262108    
24      1.59080945685     1.36440288196    
25      1.54026568674     1.39773850156    
26      1.00212550404     1.42397346791    
27      1.00026880172     1.44205092216    
28      1.00157420576     1.45962391545    
29      3.19244904353     1.49782213431    
30      1.00077558606     1.49803410529    
31      35.1395622882     1.51016326441    
32      1.00186138152     1.53942799262    
33      1.00025949586     1.55862709542    
34      1.00063214347     1.57823590892    
35      2.22180366055     1.6135901214     
36      1.50939350202     1.65888974253    
37      1.99203705281     1.70955455134    
38      1.79099568839     1.75044285419    
39      3.03817366802     1.79653867726    
40      10.8488922419     1.84402953901    
41      2.31719572047     1.84981155302    
42      1.2456480712      1.88575786111    
43      2.4782198561      1.92136598936    
44      3.41440124923     1.99799424693    
45      1.15141586656     2.06927454413    
46      1.82539083241     2.07662312104    
47      1.55451873943     2.08365111993    
48      3.9061130254      2.12258973919    
49      1.00076696512     2.23410257742    
50      1.89142226607     2.23827121516    
51      1.13957679075     2.24699610539    
52      1.40530472522     2.25349567487    
53      1.49155701461     2.25987278055    
54      1.98433480015     2.27289101936    
55      1.46204041305     2.28071522019    
56      1.68149299976     2.31574960368    
57      4.51210184391     2.32920414317    
58      1.00063007476     2.33439218904    
59      1.21234951514     2.34950392214    
60      1.00039047552     2.39356729556    
61      3.57286102504     2.40021179926    
62      1.84469677492     2.41747020664    
63      1.71341203265     2.47126626872    
64      1.71236617626     2.5079840613     
65      2.82074326412     2.56587947731    
66      2.16989244053     2.62279106336    
67      2.87264359838     2.64734411864    
68      3.27797410426     2.66951905429    
69      2.63905792804     2.68905671145    
70      1.38227676824     2.70191803182    
71      3.02374868785     2.74530279851    
72      1.41974740821     2.8051100729     
73      1.00093284478     2.90099136228    
74      10.2224031732     2.93223348759    
75      3.52509377348     2.97050960392    
76      84.1439638268     3.05027360883    
77      2.69248163308     3.15987795925    
78      1.63013654411     3.22810602417    
79      1.54940428609     3.26984482809    
80      1.48510247447     3.30763834382    
81      29.1792328742     3.34722784459    
82      2.48014705633     3.35659518408    
83      1.00132471962     3.39640061155    
84      1.00237035426     3.41916640226    
85      1.75749448813     3.48159021682    
86      4.30945480959     3.48724892439    
87      1.90282003169     3.62882018826    
88      4.89045291061     3.75438956263    
89      2.41807693385     3.91929942571    
90      2.52110524992     4.01895513737    
91      87.7392359588     4.04860410978    
92      1.00144065565     4.07720979924    
93      1.00007787613     4.11250465236    
94      3.80003710983     4.20231387204    
95      1.80195653721     4.33033160953    
96      2.66582562396     4.33114859661    
97      1.74136059306     4.41089940015    
98      1.77986721908     4.47110505639    
99      1.78639168711     4.53283710965    
100     3.56263412415     4.6454906963     
101     1.42760908137     4.67050411434    
102     1.00091870425     4.67311480284    
103     1.6752662199      4.77601866076    
104     3.35014348308     4.80379481716    
105     1.2291354447      4.80678094895    
106     1.80575922551     4.82848072881    
107     5.95438849395     4.84195979852    
108     2.71132869989     4.90793688894    
109     2.4215789069      5.02237275454    
110     1.64259349881     5.09268981966    
111     3.76367385827     5.19028260616    
112     2.31200370711     5.34762667826    
113     1.43408352149     5.35191628176    
114     3.12730931546     5.36111791944    
115     2.42338356607     5.39488366037    
116     1.00106908667     5.44675176027    
117     1.00065972697     5.47642732268    
118     50.8246465762     5.48982063028    
119     1.33600458013     5.51609922669    
120     1.30991507858     5.55667743772    
121     1.31645166776     5.59402065703    
122     1.32273370494     5.63396576392    
123     1.33246413324     5.67167955794    
124     2.49791833052     5.73268562932    
125     1.45381980152     5.7329185727     
126     1.7544135674      5.82453141822    
127     1.00080317352     5.84622604861    
128     4.35678912016     5.85811795754    
129     1.00305894907     5.86053390238    
130     1.45593632873     5.87790166581    
131     2.03903493022     5.91078544269    
132     3.11882089716     6.07508542107    
133     1.00136094815     6.16138625891    
134     1.0002353699      6.19362157686    
135     1.00421850048     6.2191500357     
136     1.00235930188     6.2445489151     
137     1.0002353699      6.26886472018    
