0       104.480873777     0.0              
1       1.00008124175     0.019044244153   
2       1.00237796859     0.039794929577   
3       1.00266252093     0.06392872424    
4       1.00061727073     0.087786694478   
5       1.0018778708      0.112121786669   
6       2.67172073537     0.168786198078   
7       4.01844621292     0.188320859181   
8       2.7418425541      0.310995879396   
9       8.4851885488      0.367344955887   
10      2.77653627436     0.41238317111    
11      5.18219760213     0.57621201965    
12      4.56607577551     0.669435432654   
13      1.90587030426     0.692069139416   
14      1.72855572077     0.767768619551   
15      1.7814943287      0.821021646439   
16      3.12456788793     0.90024036912    
17      1.23990949221     1.01975230297    
18      5.35368578511     1.03759419231    
19      1.17468838844     1.04655539648    
20      2.85977652828     1.11833229       
21      2.28393792868     1.13338747254    
22      2.22925592694     1.22760220565    
23      2.18148258931     1.29242974675    
24      2.11222412634     1.35765164376    
25      2.83141811812     1.43245717562    
26      1.49594054745     1.4357438493     
27      4.68642172664     1.54400783906    
28      1.51406735631     1.54873261973    
29      1.00081868754     1.60301067236    
30      1.0021440047      1.62291010331    
31      36.4329403646     1.62657278204    
32      1.00054494313     1.64165343106    
33      1.24663162871     1.66184385397    
34      1.00104935459     1.68511459719    
35      1.00003083793     1.70696034116    
36      1.99134075514     1.74226774027    
37      2.70003524641     1.8077577843     
38      2.22030021547     1.91193028479    
39      3.70146174456     1.91442300357    
40      1.00170048739     2.05116900185    
41      4.21190668191     2.05210826548    
42      2.52181231164     2.14325353898    
43      1.00051906572     2.217135162      
44      2.457087936       2.22058437173    
45      1.5943301396      2.25199914479    
46      1.52965260742     2.2617138571     
47      1.45139404352     2.26425264024    
48      1.00027492203     2.26720675168    
49      1.0715217489      2.27739147032    
50      1.54562736119     2.28288024532    
51      1.00039764984     2.28567331874    
52      1.00217391183     2.31131281891    
53      4.03244936951     2.32195481063    
54      1.97578967684     2.3309426048     
55      1.5798068317      2.3625408863     
56      2.87159629252     2.37867127851    
57      1.00071249901     2.3857363536     
58      2.30162893597     2.44102782224    
59      3.78408618423     2.47406346172    
60      2.58512474673     2.51964958072    
61      2.14869119384     2.52776027943    
62      2.96095601832     2.54203424031    
63      1.28987346601     2.56054911878    
64      1.55969681131     2.65036114726    
65      1.43497412365     2.6939455262     
66      9.00332832207     2.70645406094    
67      4.06695430688     2.80027031857    
68      1.71671819515     2.91648546706    
69      1.69289112007     2.97368916858    
70      1.64359717116     3.03311744186    
71      98.5074289868     3.07147557522    
72      1.00078317948     3.14414154843    
73      3.9596606837      3.15240879108    
74      1.57771704283     3.17135997023    
75      40.4219355552     3.27453111499    
76      1.36602999277     3.28228987657    
77      5.29384685977     3.40278464561    
78      1.37667402971     3.51411252419    
79      2.50381334619     3.59862878922    
80      2.99918196615     3.76442841078    
81      4.33815616814     3.77258110109    
82      65.6309226077     3.80106900809    
83      1.00068130824     3.94145259314    
84      1.0014892628      3.98332861146    
85      4.34654767054     4.08919982901    
86      1.55509663532     4.24669866613    
87      1.00146834201     4.33846365514    
88      1.31980875728     4.34310295458    
89      2.96754440677     4.36675728662    
90      2.94961824402     4.48010736271    
91      2.43186538456     4.51347734333    
92      1.06306220692     4.5189838138     
93      2.7309054747      4.62000951897    
94      1.52413601505     4.7204688759     
95      2.18220750402     4.72861683806    
96      1.75724184902     4.76221096114    
97      3.06401301771     4.78960867818    
98      1.13888202363     4.7984073463     
99      3.45633582142     4.81297932115    
100     1.00020560403     4.82363236082    
101     2.035412348       4.85626746502    
102     1.00002520082     4.98285701995    
103     2.49994747238     4.98822314391    
104     3.03076084115     5.02020529511    
105     13.5739384366     5.12304529959    
106     2.91115028573     5.13493589774    
107     1.43314625078     5.20095399668    
108     1.60931617501     5.28000362944    
109     35.9629270999     5.29091077213    
110     1.60059430499     5.32234033821    
111     1.00013430112     5.35285517088    
112     1.90500913929     5.40730456047    
113     1.9124990439      5.40778917256    
114     1.08273863209     5.4381611308     
115     4.86768570775     5.43951104138    
116     2.03333602597     5.47945951884    
117     1.85069447496     5.54772840502    
118     1.33496842315     5.58981381958    
119     2.73943162715     5.64978831136    
120     1.00043082213     5.6834512501     
121     2.00242290874     5.68430868395    
122     1.845358404       5.71042249727    
123     2.25297912182     5.74059259621    
124     1.47362600408     5.7494985606     
125     2.63130893336     5.80367905414    
126     1.21207738492     5.83689445699    
127     1.8426814766      5.8422793063     
128     1.02421778677     5.85592053755    
129     1.00095276664     5.85944970453    
130     1.00250727036     5.89988185781    
131     4.43543416687     5.90708344071    
132     1.68626294161     5.94680590317    
133     1.00095376234     6.00570069119    
134     5.13380282274     6.01656701262    
135     1.00014822963     6.02961727178    
136     1.6567484064      6.12444975423    
137     2.62168541171     6.19367962545    
138     1.90611741611     6.19760445911    
139     1.00182040042     6.25093613247    
140     1.00008721075     6.27696118763    
