 0            17          
 0            19          
 0            106         
 0            131         
 0            10          
 0            4           
 0            5           
 0            89          
 0            126         
 0            123         
 0            125         
 0            2           
 0            23          
 0            113         
 0            3           
 0            8           
 0            137         
 0            136         
 0            138         
 0            117         
 0            14          
 0            128         
 0            15          
 0            127         
 0            16          
 0            124         
 0            11          
 0            9           
 0            39          
 0            129         
 0            108         
 0            54          
 0            97          
 0            100         
 0            77          
 0            139         
 0            79          
 0            101         
 0            105         
 0            99          
 0            90          
 0            12          
 0            82          
 0            110         
 0            37          
 0            66          
 0            18          
 0            67          
 0            31          
 0            81          
 0            109         
 0            134         
 0            41          
 0            56          
 0            104         
 0            55          
 0            71          
 0            91          
 0            80          
 0            118         
 0            140         
 0            120         
 0            119         
 0            121         
 0            75          
 0            107         
 0            122         
 0            44          
 0            73          
 0            58          
 0            59          
 0            62          
 0            115         
 0            60          
 0            61          
 0            112         
 0            13          
 0            25          
 0            1           
 0            70          
 0            86          
 0            93          
 0            27          
 0            22          
 0            42          
 0            6           
 0            7           
 17           18          
 19           18          
 63           62          
 63           75          
 63           105         
 106          109         
 106          71          
 106          75          
 106          105         
 131          109         
 131          127         
 131          130         
 131          132         
 131          116         
 131          8           
 131          82          
 131          125         
 10           27          
 10           105         
 10           9           
 85           82          
 85           71          
 85           109         
 85           31          
 85           75          
 132          109         
 132          134         
 89           82          
 89           88          
 89           71          
 89           109         
 126          82          
 126          127         
 123          122         
 123          125         
 123          124         
 123          105         
 125          82          
 125          127         
 83           82          
 84           82          
 94           82          
 94           95          
 94           109         
 23           71          
 23           31          
 113          82          
 113          115         
 113          112         
 113          109         
 8            82          
 8            9           
 69           71          
 69           31          
 69           75          
 137          71          
 137          138         
 137          109         
 136          71          
 138          71          
 117          109         
 117          71          
 14           71          
 128          127         
 128          129         
 15           71          
 16           71          
 16           31          
 16           75          
 68           71          
 68           31          
 68           75          
 78           82          
 78           71          
 78           75          
 124          82          
 11           71          
 11           75          
 11           12          
 11           82          
 11           9           
 11           31          
 9            56          
 9            71          
 9            75          
 9            82          
 9            66          
 9            7           
 9            109         
 39           71          
 39           75          
 39           82          
 39           31          
 39           38          
 38           31          
 38           97          
 38           75          
 108          109         
 108          71          
 54           71          
 54           115         
 54           31          
 54           53          
 97           99          
 97           71          
 97           96          
 97           98          
 97           109         
 97           105         
 100          99          
 77           71          
 77           75          
 77           82          
 77           31          
 77           105         
 98           99          
 98           71          
 79           82          
 79           71          
 79           75          
 101          99          
 101          109         
 101          71          
 105          71          
 105          75          
 105          134         
 105          82          
 105          103         
 105          104         
 105          107         
 105          114         
 105          109         
 105          31          
 99           71          
 99           96          
 99           109         
 99           75          
 96           71          
 96           95          
 130          109         
 116          82          
 116          109         
 116          115         
 51           50          
 51           46          
 95           82          
 95           109         
 95           31          
 114          115         
 114          109         
 90           82          
 90           91          
 90           31          
 90           75          
 36           71          
 36           31          
 36           109         
 133          109         
 133          134         
 52           109         
 52           53          
 12           71          
 12           103         
 12           13          
 12           109         
 12           21          
 82           62          
 82           71          
 82           60          
 82           61          
 82           103         
 82           104         
 82           56          
 82           112         
 82           115         
 82           33          
 82           88          
 82           80          
 82           119         
 82           86          
 82           93          
 82           75          
 82           37          
 82           74          
 82           18          
 82           67          
 82           27          
 82           31          
 82           73          
 82           76          
 82           81          
 82           134         
 82           41          
 82           66          
 82           6           
 82           7           
 82           58          
 82           59          
 82           21          
 110          109         
 110          71          
 37           71          
 37           31          
 66           71          
 66           75          
 66           60          
 66           59          
 66           64          
 66           18          
 66           67          
 66           65          
 66           27          
 66           31          
 18           71          
 18           75          
 18           20          
 18           31          
 67           71          
 67           75          
 67           31          
 24           71          
 24           31          
 24           109         
 31           71          
 31           33          
 31           13          
 31           35          
 31           32          
 31           34          
 31           28          
 31           25          
 31           26          
 31           75          
 31           22          
 31           64          
 31           65          
 31           27          
 31           73          
 31           81          
 31           30          
 31           29          
 31           42          
 31           134         
 31           20          
 31           41          
 31           59          
 81           71          
 81           75          
 81           80          
 109          62          
 109          115         
 109          103         
 109          104         
 109          112         
 109          111         
 109          92          
 109          119         
 109          121         
 109          91          
 109          93          
 109          107         
 109          122         
 109          118         
 109          53          
 109          56          
 109          7           
 134          71          
 134          75          
 134          135         
 41           71          
 41           75          
 41           59          
 41           40          
 56           55          
 56           57          
 56           53          
 56           71          
 87           88          
 104          103         
 104          71          
 55           115         
 55           53          
 71           62          
 71           115         
 71           60          
 71           61          
 71           53          
 71           47          
 71           27          
 71           80          
 71           28          
 71           73          
 71           46          
 71           26          
 71           42          
 71           119         
 71           45          
 71           25          
 71           91          
 71           70          
 71           93          
 71           75          
 71           22          
 71           72          
 71           64          
 71           65          
 71           44          
 71           76          
 71           49          
 71           50          
 71           20          
 71           74          
 71           6           
 71           7           
 71           58          
 71           59          
 71           21          
 48           50          
 48           47          
 48           46          
 103          102         
 91           92          
 47           49          
 47           53          
 47           46          
 47           45          
 80           75          
 120          121         
 119          121         
 46           53          
 46           45          
 45           50          
 45           44          
 121          122         
 75           72          
 75           25          
 75           70          
 75           74          
 75           44          
 75           73          
 75           76          
 75           49          
 75           42          
 75           20          
 72           73          
 43           44          
 44           53          
 73           74          
 49           50          
 50           53          
 53           61          
 53           58          
 58           59          
 59           62          
 59           60          
 62           60          
 62           61          
 115          112         
 60           61          
 28           27          
 25           26          
 20           21          
 6            7           
