 0            19          
 0            20          
 0            101         
 0            138         
 0            40          
 0            45          
 0            10          
 0            89          
 0            145         
 0            3           
 0            88          
 0            144         
 0            134         
 0            139         
 0            6           
 0            92          
 0            38          
 0            2           
 0            17          
 0            4           
 0            143         
 0            5           
 0            132         
 0            13          
 0            141         
 0            146         
 0            142         
 0            37          
 0            11          
 0            135         
 0            34          
 0            68          
 0            72          
 0            82          
 0            140         
 0            123         
 0            61          
 0            111         
 0            107         
 0            77          
 0            108         
 0            93          
 0            112         
 0            99          
 0            109         
 0            110         
 0            98          
 0            23          
 0            12          
 0            90          
 0            104         
 0            39          
 0            69          
 0            21          
 0            71          
 0            32          
 0            85          
 0            122         
 0            16          
 0            42          
 0            59          
 0            120         
 0            57          
 0            76          
 0            121         
 0            103         
 0            124         
 0            1           
 0            128         
 0            130         
 0            129         
 0            80          
 0            106         
 0            83          
 0            48          
 0            74          
 0            56          
 0            66          
 0            65          
 0            63          
 0            117         
 0            64          
 0            62          
 0            114         
 0            119         
 0            26          
 0            24          
 0            78          
 0            7           
 0            125         
 0            8           
 0            18          
 0            46          
 0            22          
 0            127         
 0            94          
 0            95          
 0            96          
 19           21          
 19           76          
 20           21          
 100          80          
 100          99          
 101          122         
 101          76          
 101          80          
 101          99          
 138          57          
 138          122         
 138          142         
 138          116         
 138          137         
 138          115         
 138          136         
 138          90          
 138          139         
 40           42          
 45           88          
 45           122         
 45           42          
 45           76          
 10           8           
 10           11          
 10           99          
 89           122         
 89           80          
 89           90          
 89           76          
 89           99          
 137          122         
 137          16          
 88           76          
 88           80          
 88           90          
 88           87          
 88           122         
 144          90          
 144          142         
 134          90          
 134          135         
 134          127         
 134          139         
 134          133         
 134          99          
 139          90          
 139          142         
 133          90          
 92           90          
 113          90          
 113          122         
 38           76          
 38           32          
 118          90          
 118          117         
 118          119         
 118          122         
 136          90          
 136          32          
 17           76          
 17           80          
 17           16          
 17           90          
 17           32          
 4            76          
 4            5           
 143          76          
 143          142         
 132          122         
 13           76          
 141          142         
 141          140         
 141          99          
 146          76          
 37           76          
 37           32          
 37           80          
 73           76          
 73           32          
 73           80          
 73           74          
 11           76          
 11           80          
 135          90          
 34           76          
 34           80          
 34           33          
 34           90          
 34           122         
 34           32          
 68           69          
 72           76          
 72           80          
 72           90          
 72           59          
 72           69          
 72           95          
 72           122         
 72           32          
 82           76          
 82           80          
 82           90          
 82           32          
 82           81          
 140          122         
 140          76          
 81           122         
 81           80          
 81           111         
 81           76          
 81           32          
 123          122         
 123          76          
 61           76          
 61           32          
 61           80          
 61           56          
 111          109         
 111          76          
 111          110         
 111          108         
 111          122         
 111          112         
 111          99          
 111          80          
 107          109         
 77           76          
 77           32          
 77           80          
 77           99          
 108          109         
 108          76          
 97           90          
 97           76          
 97           99          
 93           90          
 93           76          
 112          109         
 112          76          
 112          122         
 99           76          
 99           121         
 99           79          
 99           120         
 99           103         
 99           106         
 99           98          
 99           129         
 99           80          
 99           90          
 99           104         
 99           32          
 99           74          
 99           122         
 99           16          
 99           96          
 109          76          
 109          110         
 109          122         
 109          80          
 110          76          
 110          105         
 116          122         
 116          117         
 115          122         
 115          117         
 55           50          
 55           54          
 105          90          
 105          104         
 105          122         
 98           90          
 98           122         
 23           90          
 23           32          
 12           90          
 12           76          
 12           32          
 12           122         
 14           90          
 14           122         
 14           16          
 58           122         
 58           76          
 58           56          
 58           59          
 33           76          
 33           121         
 33           27          
 33           122         
 33           32          
 33           96          
 90           63          
 90           76          
 90           64          
 90           62          
 90           121         
 90           120         
 90           59          
 90           119         
 90           117         
 90           91          
 90           87          
 90           84          
 90           129         
 90           7           
 90           125         
 90           80          
 90           39          
 90           83          
 90           21          
 90           71          
 90           8           
 90           32          
 90           74          
 90           75          
 90           85          
 90           130         
 90           16          
 90           42          
 90           69          
 90           94          
 90           95          
 90           66          
 90           65          
 90           96          
 104          76          
 39           76          
 39           32          
 69           63          
 69           76          
 69           80          
 69           21          
 69           65          
 69           70          
 69           71          
 69           67          
 69           8           
 69           32          
 69           64          
 21           85          
 21           76          
 21           80          
 21           22          
 21           32          
 71           76          
 71           80          
 71           32          
 126          122         
 126          127         
 126          76          
 32           63          
 32           76          
 32           64          
 32           79          
 32           28          
 32           27          
 32           29          
 32           35          
 32           30          
 32           36          
 32           26          
 32           24          
 32           25          
 32           80          
 32           18          
 32           121         
 32           70          
 32           67          
 32           8           
 32           74          
 32           85          
 32           31          
 32           9           
 32           46          
 32           16          
 32           22          
 32           42          
 32           66          
 32           65          
 85           76          
 85           80          
 85           84          
 122          63          
 122          117         
 122          114         
 122          119         
 122          131         
 122          128         
 122          130         
 122          129         
 122          103         
 122          7           
 122          125         
 122          106         
 122          121         
 122          127         
 122          120         
 122          8           
 122          124         
 122          74          
 122          56          
 122          59          
 122          94          
 122          95          
 16           18          
 16           76          
 16           80          
 16           15          
 42           76          
 42           80          
 42           65          
 42           41          
 42           43          
 42           44          
 59           57          
 59           76          
 59           60          
 59           56          
 86           87          
 120          121         
 120          76          
 120          117         
 57           56          
 76           63          
 76           117         
 76           64          
 76           62          
 76           114         
 76           56          
 76           52          
 76           8           
 76           84          
 76           74          
 76           54          
 76           46          
 76           130         
 76           49          
 76           26          
 76           103         
 76           78          
 76           7           
 76           125         
 76           80          
 76           18          
 76           79          
 76           70          
 76           67          
 76           48          
 76           75          
 76           51          
 76           50          
 76           22          
 76           83          
 76           95          
 76           66          
 76           65          
 76           96          
 131          130         
 53           50          
 53           48          
 53           52          
 53           54          
 121          117         
 103          102         
 52           51          
 52           56          
 52           54          
 52           49          
 84           80          
 128          129         
 130          129         
 54           56          
 54           49          
 49           50          
 49           48          
 129          127         
 80           64          
 80           26          
 80           78          
 80           79          
 80           83          
 80           47          
 80           48          
 80           74          
 80           51          
 80           46          
 80           22          
 47           48          
 48           56          
 74           75          
 75           56          
 51           50          
 50           56          
 56           62          
 56           66          
 66           65          
 65           63          
 65           64          
 63           64          
 63           62          
 117          114         
 117          119         
 64           62          
 27           26          
 26           25          
 7            8           
 8            9           
 94           95          
 95           96          
