0       114.37509229      0.0              
1       1.00419994837     0.010059258784   
2       1.00005077834     0.03602195852    
3       1.00016842988     0.062822243225   
4       1.62918356783     0.10110716046    
5       1.00081875945     0.103874767399   
6       1.00053345854     0.139892231831   
7       3.12959483806     0.206674699623   
8       4.78053682377     0.260856503941   
9       1.00257274665     0.275934531407   
10      2.05581442913     0.338846469062   
11      2.11765924802     0.356320217988   
12      3.20864567317     0.460038815953   
13      1.49637450159     0.537902572205   
14      1.7759356061      0.613302072211   
15      1.0018681922      0.658379610672   
16      6.42909747161     0.684220970131   
17      3.5656438456      0.720159039073   
18      2.37646991856     0.818499341604   
19      1.61421325203     0.963682983234   
20      1.00300666217     1.00581202786    
21      5.80677488013     1.01835801331    
22      3.09568401149     1.08393681551    
23      1.87816870816     1.19427257816    
24      1.21860306011     1.24782783222    
25      1.00068493561     1.30598577766    
26      2.65113190022     1.31467321719    
27      1.28420539561     1.33420450773    
28      1.00056722331     1.36924638135    
29      1.00303797969     1.39204112614    
30      1.00041418645     1.41551073259    
31      1.00259741029     1.43589252859    
32      36.560936351      1.4529340964     
33      4.48296618982     1.49953438044    
34      4.55815969566     1.53595668697    
35      1.00188746683     1.62487851225    
36      1.00094470911     1.655291479      
37      2.38579098565     1.70636637301    
38      1.75384917935     1.76978164811    
39      2.35238533547     1.83250970282    
40      1.071357437       1.91912643734    
41      1.00079982104     1.93959811502    
42      4.59109220011     1.954516977      
43      1.00046435473     1.95762463632    
44      1.00002050026     1.97531035623    
45      2.58027515696     2.01904116741    
46      2.25717653451     2.10501225181    
47      1.00121812802     2.17824672669    
48      2.32560400423     2.18481670349    
49      1.48640146146     2.20699014111    
50      1.41864680537     2.21974247993    
51      1.00983794784     2.22203895703    
52      1.32604516212     2.23432428558    
53      1.00230338337     2.2347193905     
54      1.41511792496     2.24391091649    
55      1.00115529189     2.25020338358    
56      4.65596611606     2.29924657697    
57      1.46364939165     2.30311111499    
58      1.36900583875     2.33099840635    
59      3.0114475806      2.33300688754    
60      1.00123612703     2.35580088331    
61      2.17008631931     2.39991107012    
62      2.24502057685     2.47324404034    
63      3.35290941713     2.50677365458    
64      3.34888714723     2.51148195694    
65      3.4487306023      2.56821452863    
66      2.29549691196     2.5912058896     
67      1.34721427606     2.66952279936    
68      1.0001375174      2.69896092432    
69      6.76781892767     2.71450521304    
70      1.21979583295     2.72431242859    
71      2.70654040399     2.7783073539     
72      5.28789345562     2.88854836627    
73      1.59344441751     3.02678939661    
74      4.48108049604     3.0593202006     
75      1.53748330134     3.07017566133    
76      83.3251042556     3.13502941792    
77      2.68386691232     3.19683094224    
78      1.28928788839     3.26112289367    
79      1.91791524126     3.30973410856    
80      33.9896926041     3.38487079241    
81      3.05982176491     3.42120576858    
82      3.06002346122     3.4244537393     
83      1.8483534195      3.54483193132    
84      1.36980310734     3.65485795324    
85      3.85356286115     3.65871017935    
86      1.00066221262     3.8190629941     
87      1.00055680976     3.82276387255    
88      3.74727237003     3.85750674912    
89      3.56385176164     4.04077681926    
90      52.3198662546     4.07153592414    
91      1.00008452682     4.11685633041    
92      1.02527982225     4.14893585344    
93      1.48042753253     4.18684411023    
94      1.42374759452     4.26921187525    
95      2.89748001585     4.282146599      
96      2.68882068184     4.32981956479    
97      1.32940139511     4.43808729963    
98      1.82737491572     4.52060121602    
99      18.8513555519     4.5478807761     
100     1.0015560582      4.56960021758    
101     2.44342244523     4.63394988771    
102     1.00090493381     4.71722311711    
103     1.82758643994     4.71827510735    
104     1.46522896077     4.79025077048    
105     1.45924853757     4.79584272217    
106     1.40118850941     4.83749174241    
107     1.00332905769     4.88571382914    
108     1.10461071033     4.90443468647    
109     2.68378480776     4.91068914109    
110     1.35322285269     4.92326901943    
111     3.52949298393     4.93023260311    
112     1.69287179709     4.95257344538    
113     1.15146698348     5.03823031838    
114     1.77283869556     5.10957484354    
115     1.01816584232     5.14493355011    
116     1.000059925       5.16151054196    
117     3.5630088719      5.16623288833    
118     1.01874047807     5.18122290664    
119     1.38981673122     5.18438992533    
120     3.28086649032     5.25346999374    
121     3.97712941736     5.26722807118    
122     34.3825824594     5.28220292196    
123     1.54641724446     5.36272230755    
124     1.00185492139     5.39680712847    
125     2.11943387587     5.43553171695    
126     1.06994328688     5.49794181519    
127     1.90142367508     5.50428184467    
128     1.10304725307     5.54582160249    
129     2.87317343846     5.54646313303    
130     2.71509333038     5.59932667261    
131     1.00072123041     5.60281464381    
132     1.334172884       5.68012656396    
133     1.00031922074     5.78563118594    
134     3.44441848017     5.79654581878    
135     1.4803341545      5.81751802511    
136     1.59421551373     5.92241800549    
137     1.46461448143     5.9652923191     
138     5.26166373646     5.96902521791    
139     2.73019320126     6.03138269791    
140     1.8395069255      6.10356705508    
141     1.72375797136     6.11920440879    
142     2.42992011184     6.15145489428    
143     1.29385378299     6.15517768139    
144     1.66821209378     6.1846075672     
145     1.00186029285     6.22538127089    
146     1.59499100738     6.25974772109    
