0       129.620013577     0.0              
1       1.69334109502     0.002009604718   
2       1.5836076146      0.013313163099   
3       1.00086255914     0.048409714748   
4       3.08307369029     0.058495001767   
5       1.00140895835     0.06529492588    
6       1.81425030859     0.089214502523   
7       3.91117339622     0.191231153297   
8       1.5906058326      0.282632215101   
9       1.41327897351     0.292407223047   
10      2.06097439838     0.314742822214   
11      1.76834705181     0.327682040042   
12      1.00044640836     0.374584176744   
13      1.0031530076      0.407349047635   
14      3.29596382404     0.4809932332     
15      3.79522483989     0.611882316067   
16      2.12292239027     0.662051277577   
17      2.1738917472      0.677258135461   
18      3.24868045315     0.809048282238   
19      7.43775575041     0.845623013128   
20      3.17317277217     0.924683319336   
21      1.66694035563     1.05516418954    
22      1.00018292478     1.08512924589    
23      4.86623061476     1.09135579974    
24      1.61909474828     1.11829558831    
25      2.79430762291     1.23037505569    
26      1.32959175282     1.28797685819    
27      1.30324386123     1.3209668078     
28      2.7354823895      1.37687508952    
29      1.00013939942     1.38000971335    
30      1.0026387913      1.42396560326    
31      1.00198614598     1.44619222088    
32      1.00127167534     1.46687699307    
33      4.07045148912     1.51421093637    
34      39.0949464457     1.53549604333    
35      1.00186287981     1.56379903748    
36      1.00004940932     1.58513582641    
37      2.42844787419     1.62138848125    
38      1.00002977619     1.65983949235    
39      1.00131852639     1.68277355375    
40      3.39782210303     1.7333177713     
41      1.85146051797     1.80656909899    
42      2.56643483164     1.87013192986    
43      1.40332058183     1.92573798441    
44      1.00301745468     1.99763472018    
45      1.00007624186     2.01362317423    
46      4.65294775498     2.02126611367    
47      1.00057539333     2.03105872344    
48      1.66461625267     2.06215104595    
49      1.00066510333     2.16345706963    
50      2.40089598931     2.16758451159    
51      1.69378274726     2.19855324678    
52      1.00145647118     2.21296465173    
53      1.72358660531     2.21409341592    
54      1.39738822187     2.22404706371    
55      1.00115799701     2.22585106407    
56      1.00022677936     2.23690089394    
57      1.98144587076     2.24140958405    
58      1.34076572309     2.28203011437    
59      5.16575224077     2.29157292796    
60      2.69355455753     2.32444266082    
61      2.2687525708      2.38013859705    
62      2.11245723388     2.42998960209    
63      3.24130851        2.47684604894    
64      4.04562940216     2.49908390177    
65      3.59531166696     2.5240500383     
66      1.40365122654     2.61137683815    
67      1.37275634195     2.64680445401    
68      10.3689516533     2.65705134081    
69      1.93156889855     2.69346465917    
70      2.0120941424      2.74960438623    
71      1.16096285177     2.80324577691    
72      1.15514338399     2.83382277774    
73      3.789286142       2.90361590753    
74      84.8071942527     2.95046523875    
75      2.23393317358     3.02435247937    
76      3.3401331731      3.14611445145    
77      3.34790076663     3.1569073695     
78      34.0261834006     3.29965536371    
79      2.26257722267     3.3087436545     
80      3.42331604701     3.33967272705    
81      1.37175729381     3.3554492979     
82      1.00022939761     3.41167181442    
83      2.01055349085     3.46280995331    
84      1.00179043522     3.55520277994    
85      1.16096741024     3.55728131736    
86      5.54681138763     3.60497221267    
87      2.29645480287     3.60525428669    
88      2.96293416527     3.7620707486     
89      1.00005824435     3.86496341812    
90      3.20125722332     3.87356261444    
91      1.184357492       3.88402198717    
92      1.00076955686     3.93651031752    
93      63.5141641865     3.95274926996    
94      1.7688864018      3.97631713769    
95      1.00125005252     4.01732813839    
96      1.20601958692     4.04548062754    
97      1.84019297672     4.09691551643    
98      3.09268535318     4.1197161597     
99      1.23620280989     4.12986324038    
100     1.00217566448     4.23812826004    
101     3.42942731848     4.24347846745    
102     7.72362553607     4.32025531068    
103     1.28082497469     4.51345824347    
104     1.63225356241     4.51554284322    
105     2.6843364969      4.58103616419    
106     2.69452597679     4.59203037977    
107     3.36374222331     4.70020074278    
108     17.2831571564     4.73330557243    
109     1.01622780887     4.75496705894    
110     2.01870644896     4.79978347238    
111     1.59129089949     4.85365733829    
112     1.06664874368     4.98930677999    
113     3.46510341567     5.00011449107    
114     1.18532709792     5.00596878494    
115     3.48210781521     5.01931546641    
116     1.65369127863     5.02738628012    
117     1.00038486809     5.04715294833    
118     1.30180375393     5.13239018621    
119     1.27733491839     5.17100055005    
120     1.00076628229     5.20846136457    
121     1.18084047614     5.24934667136    
122     2.84423473238     5.26632550925    
123     1.00143418902     5.27220770389    
124     1.92349343472     5.27923982236    
125     1.85456971263     5.2975034066     
126     2.91010061171     5.34842831055    
127     2.53300723537     5.36735701928    
128     1.00021925193     5.41714211109    
129     44.2666815633     5.43545381949    
130     2.54703800237     5.46592090251    
131     1.00013939942     5.5396302523     
132     2.64948073803     5.54218907157    
133     1.00005366319     5.61807318367    
134     2.75691051529     5.62147651629    
135     1.98917941896     5.69573863845    
136     2.06807415267     5.75723643756    
137     1.45191509489     5.84631143622    
138     3.76286639474     5.86712634959    
139     1.00308309549     5.87178465527    
140     2.63194649581     5.92473152266    
141     2.47268253968     6.04315644986    
142     1.71805845586     6.04808234081    
143     1.00026736289     6.10173908627    
144     1.72478206702     6.14186039872    
145     1.00023692511     6.14250867039    
146     1.00060747849     6.18589137729    
147     1.00253676691     6.21276038403    
148     1.00204548962     6.24247732948    
