 0            21          
 0            22          
 0            107         
 0            4           
 0            147         
 0            16          
 0            88          
 0            13          
 0            148         
 0            146         
 0            90          
 0            1           
 0            138         
 0            140         
 0            12          
 0            96          
 0            37          
 0            143         
 0            20          
 0            141         
 0            72          
 0            142         
 0            144         
 0            145         
 0            9           
 0            71          
 0            2           
 0            42          
 0            87          
 0            17          
 0            137         
 0            33          
 0            67          
 0            102         
 0            77          
 0            10          
 0            11          
 0            60          
 0            113         
 0            117         
 0            111         
 0            70          
 0            116         
 0            108         
 0            115         
 0            114         
 0            110         
 0            40          
 0            7           
 0            14          
 0            93          
 0            104         
 0            25          
 0            68          
 0            23          
 0            73          
 0            34          
 0            80          
 0            129         
 0            19          
 0            46          
 0            101         
 0            106         
 0            136         
 0            74          
 0            105         
 0            132         
 0            8           
 0            127         
 0            126         
 0            78          
 0            135         
 0            83          
 0            50          
 0            86          
 0            59          
 0            61          
 0            64          
 0            65          
 0            122         
 0            63          
 0            62          
 0            124         
 0            28          
 0            27          
 0            75          
 0            94          
 0            130         
 0            15          
 0            26          
 0            18          
 0            24          
 0            134         
 0            99          
 0            98          
 0            97          
 21           23          
 21           74          
 22           23          
 109          78          
 109          108         
 107          129         
 107          78          
 107          93          
 107          74          
 107          108         
 4            129         
 4            2           
 4            3           
 4            6           
 4            5           
 4            140         
 48           93          
 48           46          
 48           74          
 16           15          
 16           17          
 16           108         
 88           93          
 88           129         
 88           74          
 88           78          
 90           74          
 90           78          
 90           93          
 90           89          
 90           91          
 90           129         
 1            93          
 1            2           
 138          93          
 138          137         
 138          134         
 138          140         
 138          139         
 138          108         
 140          93          
 139          93          
 96           93          
 119          93          
 119          129         
 37           74          
 37           34          
 37           129         
 125          93          
 125          122         
 125          124         
 125          129         
 125          126         
 91           93          
 91           34          
 95           93          
 20           93          
 20           74          
 20           34          
 20           19          
 141          74          
 141          142         
 141          129         
 72           74          
 142          74          
 144          129         
 144          145         
 9            8           
 9            10          
 71           74          
 42           74          
 42           34          
 42           78          
 87           74          
 87           34          
 87           78          
 87           86          
 17           74          
 17           78          
 137          93          
 33           74          
 33           78          
 33           93          
 33           129         
 33           34          
 67           93          
 67           68          
 102          74          
 102          78          
 102          93          
 102          105         
 102          101         
 102          68          
 102          98          
 102          129         
 102          34          
 77           74          
 77           78          
 77           93          
 77           34          
 77           76          
 10           11          
 10           129         
 76           129         
 76           78          
 76           113         
 76           74          
 76           34          
 11           129         
 60           74          
 60           78          
 60           93          
 60           59          
 60           34          
 113          115         
 113          74          
 113          114         
 113          112         
 113          129         
 113          116         
 113          108         
 117          115         
 84           85          
 84           57          
 84           108         
 112          115         
 112          74          
 111          74          
 111          108         
 70           93          
 70           74          
 70           68          
 116          115         
 116          74          
 116          129         
 108          132         
 108          126         
 108          74          
 108          78          
 108          19          
 108          79          
 108          104         
 108          105         
 108          106         
 108          110         
 108          129         
 108          34          
 108          86          
 115          74          
 115          114         
 115          129         
 115          78          
 114          74          
 5            129         
 56           57          
 56           54          
 103          93          
 103          104         
 103          129         
 110          93          
 110          129         
 40           93          
 40           129         
 40           34          
 40           68          
 7            93          
 7            74          
 7            34          
 7            129         
 14           93          
 14           129         
 14           19          
 58           129         
 58           74          
 58           59          
 41           74          
 41           34          
 41           129         
 93           65          
 93           136         
 93           74          
 93           63          
 93           62          
 93           105         
 93           106         
 93           127         
 93           101         
 93           124         
 93           122         
 93           92          
 93           89          
 93           81          
 93           43          
 93           94          
 93           130         
 93           78          
 93           25          
 93           83          
 93           23          
 93           73          
 93           15          
 93           34          
 93           86          
 93           85          
 93           80          
 93           19          
 93           46          
 93           68          
 93           99          
 93           98          
 93           61          
 93           64          
 93           97          
 104          74          
 25           74          
 25           34          
 68           65          
 68           74          
 68           78          
 68           23          
 68           64          
 68           66          
 68           73          
 68           69          
 68           15          
 68           34          
 68           63          
 23           74          
 23           78          
 23           24          
 23           34          
 73           74          
 73           78          
 73           34          
 118          129         
 118          74          
 34           65          
 34           74          
 34           63          
 34           79          
 34           31          
 34           53          
 34           29          
 34           38          
 34           43          
 34           30          
 34           39          
 34           28          
 34           27          
 34           32          
 34           78          
 34           26          
 34           66          
 34           69          
 34           15          
 34           86          
 34           80          
 34           36          
 34           35          
 34           18          
 34           19          
 34           24          
 34           46          
 34           64          
 80           74          
 80           78          
 80           79          
 80           81          
 129          65          
 129          136         
 129          122         
 129          121         
 129          124         
 129          128         
 129          6           
 129          133         
 129          131         
 129          127         
 129          126         
 129          132         
 129          75          
 129          106         
 129          130         
 129          135         
 129          105         
 129          120         
 129          134         
 129          8           
 129          86          
 129          59          
 129          101         
 129          98          
 19           74          
 19           78          
 19           6           
 19           18          
 46           74          
 46           78          
 46           64          
 46           45          
 46           44          
 46           47          
 101          100         
 101          59          
 101          74          
 106          105         
 106          74          
 74           65          
 74           122         
 74           63          
 74           62          
 74           121         
 74           59          
 74           135         
 74           53          
 74           15          
 74           81          
 74           28          
 74           54          
 74           18          
 74           127         
 74           51          
 74           132         
 74           75          
 74           94          
 74           130         
 74           78          
 74           79          
 74           66          
 74           69          
 74           50          
 74           86          
 74           52          
 74           57          
 74           83          
 74           98          
 74           61          
 74           64          
 74           97          
 133          134         
 55           57          
 55           53          
 55           54          
 132          131         
 53           52          
 53           59          
 53           54          
 53           51          
 49           50          
 81           78          
 127          126         
 54           59          
 54           51          
 51           57          
 51           50          
 126          134         
 78           79          
 78           28          
 78           75          
 78           83          
 78           82          
 78           69          
 78           50          
 78           86          
 78           85          
 78           18          
 78           59          
 50           59          
 86           85          
 52           57          
 57           59          
 59           62          
 59           61          
 61           64          
 64           65          
 64           63          
 65           63          
 122          121         
 122          124         
 122          123         
 63           62          
 124          123         
 29           28          
 99           98          
 98           97          
