0       117.888597358     0.0              
1       1.00154511551     0.017392480905   
2       3.17747690598     0.088512489099   
3       1.00015612824     0.145181020085   
4       1.00109666595     0.167675035725   
5       1.74768595826     0.21504942579    
6       2.91873191116     0.235166819829   
7       1.84410296347     0.258424829807   
8       1.96023036069     0.28001366196    
9       1.00024916629     0.285006589661   
10      1.40496225267     0.307379639531   
11      1.5774144837      0.316390653139   
12      1.00133731216     0.370863449418   
13      1.93747356643     0.464325797906   
14      4.38730016024     0.486098513009   
15      1.0006965853      0.561842184975   
16      3.03114291008     0.566604041839   
17      2.5014635371      0.605656885736   
18      1.74553580994     0.690941498753   
19      3.90446341733     0.798235515317   
20      3.23386126313     0.975425651106   
21      1.55852696419     1.04818300403    
22      5.659490405       1.0543518838     
23      2.32526302081     1.10933625668    
24      1.4162281072      1.18522860793    
25      2.66447241456     1.24550738667    
26      1.31237922848     1.29862334399    
27      1.96151289103     1.34040185004    
28      1.00210620449     1.37718630486    
29      1.00229297796     1.39939532065    
30      1.00011319056     1.42128076237    
31      1.00118360451     1.44322350367    
32      1.87686870729     1.47425740307    
33      1.0003278975      1.50868396165    
34      1.00020785115     1.53290969779    
35      1.00097978287     1.55805222713    
36      40.929049111      1.56043558986    
37      1.00389452945     1.58011705772    
38      2.9425275057      1.65247968023    
39      7.61182293051     1.6962629224     
40      2.10637559509     1.75667090607    
41      1.28084595183     1.81982814582    
42      1.33919255246     1.85876152198    
43      1.90429816019     1.91731232529    
44      1.00408849423     2.00465410541    
45      1.00225255635     2.02030737567    
46      3.4758574545      2.02071446482    
47      1.00039459618     2.03692125646    
48      1.00472224306     2.16687182472    
49      3.11262920637     2.17046933923    
50      1.00136141253     2.2015972399     
51      1.35668691502     2.21157672869    
52      1.00254304166     2.21166773389    
53      1.00199474366     2.21999751922    
54      1.22370779315     2.22469608439    
55      1.13308676733     2.22886172607    
56      1.14410478261     2.22951374281    
57      1.23081195677     2.25840321497    
58      4.17448800016     2.26387700969    
59      1.00061229252     2.27591741065    
60      1.90276401071     2.29663101988    
61      1.97375137629     2.33935066209    
62      2.49132495748     2.35892090136    
63      2.8423438872      2.37147737301    
64      1.94075815561     2.39621618378    
65      2.6518345522      2.39664199827    
66      1.01492537909     2.47011690665    
67      1.32499284285     2.4928296344     
68      7.47270161345     2.5241563983     
69      2.34143898212     2.54174774243    
70      3.32105214684     2.63705191649    
71      1.6507089333      2.73076106511    
72      2.46291196605     2.80935997865    
73      3.36474704965     2.85568013143    
74      1.06143977394     2.8630208437     
75      2.12492453267     2.95372307539    
76      86.4070116229     2.96104805835    
77      1.37314802028     3.00951338739    
78      2.04948308378     3.07044156132    
79      2.87891447801     3.14433479405    
80      40.2398794688     3.20545658811    
81      3.8606231877      3.26329512733    
82      5.11639293035     3.44083008901    
83      1.00109406115     3.54101933274    
84      63.5812281567     3.68823593895    
85      10.2846606518     3.73005404912    
86      1.0015897435      3.91327098608    
87      1.23998790712     3.9761198193     
88      3.15500996525     3.99243278369    
89      1.0006946325      3.99717366816    
90      2.28494728472     4.03046879419    
91      2.2507828218      4.10908315615    
92      1.35725139287     4.11067584092    
93      1.35413931828     4.17649947709    
94      2.94740667305     4.2725726077     
95      2.92491836071     4.28304635213    
96      1.26256791086     4.36642612878    
97      1.6202069015      4.36997130593    
98      2.04983973386     4.42491373403    
99      2.07922082319     4.49058429045    
100     17.5717994502     4.52802928205    
101     1.57421481703     4.5440495692     
102     2.14282472931     4.59729229714    
103     1.6701740951      4.65857147778    
104     1.33366539027     4.69898359494    
105     1.50806145227     4.78023373737    
106     1.00009692675     4.79947544035    
107     2.90426457501     4.80043848517    
108     2.84687174418     4.80936270677    
109     1.64022916396     4.81854412108    
110     1.06990442323     4.83903508588    
111     2.14389339903     4.88208841385    
112     2.22445251848     4.89443665959    
113     1.37630154242     4.96624557346    
114     1.00271587312     4.96979852164    
115     1.34356312365     4.97166731171    
116     1.00712988047     5.01577337894    
117     4.17727225059     5.02651948361    
118     2.6092591976      5.06224408354    
119     1.82173717339     5.1372760049     
120     1.26712230018     5.17999845591    
121     1.3812720368      5.22396558104    
122     1.00188687967     5.24409533381    
123     3.52162348353     5.25280655454    
124     1.00444811392     5.26338619083    
125     1.00100354907     5.29781218765    
126     2.32270217955     5.30284181704    
127     2.35004639047     5.32688423199    
128     2.55339400049     5.40745661032    
129     3.03035728583     5.43677152247    
130     1.00367742474     5.44852561281    
131     1.16727922694     5.44897389772    
132     44.1433746987     5.48853625843    
133     1.09591653694     5.49709243325    
134     1.00023615343     5.5230796632     
135     1.00002667016     5.54659439774    
136     2.77647465621     5.59760375302    
137     1.00188687967     5.68067858732    
138     2.83358438959     5.68429108211    
139     2.00990947391     5.76112999988    
140     2.05307508205     5.82360170453    
141     1.99585966419     5.88479053534    
142     2.2191571329      5.95151570356    
143     2.21129809365     5.95255795662    
144     2.06420911115     6.01767218286    
145     2.78675744153     6.09079767619    
146     1.00261445334     6.1552501485     
147     2.40830577773     6.16555002805    
148     1.58788691725     6.17831266581    
149     2.3496627264      6.25210066207    
