 0            21          
 0            23          
 0            75          
 0            6           
 0            15          
 0            90          
 0            16          
 0            81          
 0            1           
 0            4           
 0            9           
 0            88          
 0            7           
 0            147         
 0            2           
 0            12          
 0            93          
 0            32          
 0            3           
 0            143         
 0            18          
 0            142         
 0            140         
 0            149         
 0            10          
 0            144         
 0            8           
 0            43          
 0            17          
 0            148         
 0            66          
 0            85          
 0            112         
 0            11          
 0            133         
 0            60          
 0            107         
 0            110         
 0            99          
 0            101         
 0            72          
 0            109         
 0            100         
 0            108         
 0            105         
 0            102         
 0            145         
 0            19          
 0            139         
 0            84          
 0            97          
 0            25          
 0            68          
 0            22          
 0            70          
 0            36          
 0            73          
 0            132         
 0            39          
 0            46          
 0            117         
 0            95          
 0            119         
 0            76          
 0            94          
 0            138         
 0            103         
 0            128         
 0            129         
 0            80          
 0            141         
 0            78          
 0            49          
 0            82          
 0            61          
 0            62          
 0            63          
 0            123         
 0            65          
 0            64          
 0            126         
 0            27          
 0            26          
 0            77          
 0            13          
 0            136         
 0            69          
 0            14          
 0            24          
 0            38          
 0            20          
 0            131         
 0            92          
 0            91          
 0            118         
 21           22          
 21           76          
 23           76          
 23           22          
 23           36          
 57           80          
 57           100         
 57           58          
 114          115         
 114          113         
 75           132         
 75           76          
 75           80          
 6            132         
 6            8           
 6            5           
 6            7           
 6            2           
 15           16          
 90           84          
 90           88          
 90           76          
 90           132         
 16           17          
 16           85          
 16           14          
 16           100         
 81           76          
 81           80          
 81           84          
 81           132         
 81           36          
 9            8           
 88           76          
 88           80          
 88           84          
 88           89          
 88           87          
 88           132         
 7            84          
 7            8           
 147          100         
 147          2           
 147          148         
 147          146         
 2            84          
 146          84          
 93           84          
 120          84          
 120          132         
 32           76          
 32           36          
 127          84          
 127          123         
 127          126         
 127          132         
 127          129         
 87           84          
 87           36          
 86           84          
 40           76          
 40           36          
 40           80          
 40           39          
 143          76          
 143          142         
 143          132         
 18           76          
 142          132         
 142          76          
 140          132         
 140          76          
 149          132         
 149          76          
 10           8           
 10           11          
 144          132         
 144          76          
 43           76          
 43           36          
 71           76          
 71           36          
 71           80          
 17           76          
 17           80          
 148          84          
 79           84          
 79           76          
 79           132         
 79           36          
 79           80          
 66           68          
 85           76          
 85           80          
 85           39          
 85           84          
 85           94          
 85           117         
 85           68          
 85           132         
 112          84          
 112          76          
 112          80          
 112          111         
 11           132         
 111          36          
 111          132         
 111          107         
 111          80          
 133          132         
 60           84          
 60           76          
 60           80          
 60           58          
 107          108         
 107          76          
 107          105         
 107          106         
 107          132         
 107          109         
 107          100         
 110          108         
 99           36          
 99           80          
 99           100         
 106          108         
 106          76          
 101          76          
 101          100         
 72           84          
 72           73          
 72           76          
 72           68          
 109          108         
 109          76          
 109          132         
 100          76          
 100          94          
 100          98          
 100          95          
 100          138         
 100          113         
 100          36          
 100          102         
 100          129         
 100          80          
 100          84          
 100          97          
 100          104         
 100          103         
 100          82          
 100          132         
 100          39          
 108          76          
 108          105         
 108          132         
 108          80          
 105          76          
 113          115         
 113          132         
 115          132         
 115          117         
 50           51          
 96           84          
 96           97          
 96           132         
 102          84          
 102          132         
 145          84          
 145          132         
 145          36          
 19           84          
 19           76          
 19           36          
 19           132         
 139          84          
 139          132         
 59           132         
 59           58          
 121          132         
 121          123         
 121          76          
 84           63          
 84           119         
 84           76          
 84           65          
 84           64          
 84           94          
 84           95          
 84           117         
 84           126         
 84           123         
 84           41          
 84           89          
 84           42          
 84           128         
 84           13          
 84           136         
 84           80          
 84           25          
 84           78          
 84           22          
 84           70          
 84           14          
 84           36          
 84           82          
 84           83          
 84           73          
 84           39          
 84           46          
 84           68          
 84           92          
 84           91          
 84           61          
 84           62          
 84           118         
 97           76          
 25           76          
 25           36          
 68           76          
 68           65          
 68           22          
 68           62          
 68           67          
 68           70          
 68           69          
 68           14          
 68           36          
 22           76          
 22           80          
 22           20          
 22           36          
 70           76          
 70           80          
 70           36          
 104          132         
 36           63          
 36           76          
 36           65          
 36           98          
 36           35          
 36           41          
 36           30          
 36           29          
 36           42          
 36           33          
 36           34          
 36           27          
 36           26          
 36           31          
 36           80          
 36           24          
 36           67          
 36           69          
 36           49          
 36           14          
 36           82          
 36           73          
 36           28          
 36           37          
 36           38          
 36           39          
 36           20          
 36           46          
 36           58          
 36           62          
 73           76          
 73           80          
 73           74          
 132          63          
 132          119         
 132          123         
 132          124         
 132          126         
 132          134         
 132          5           
 132          103         
 132          130         
 132          137         
 132          128         
 132          129         
 132          138         
 132          95          
 132          136         
 132          141         
 132          94          
 132          135         
 132          131         
 132          82          
 132          58          
 132          117         
 132          91          
 132          118         
 39           76          
 39           80          
 39           5           
 39           38          
 46           76          
 46           80          
 46           45          
 46           44          
 46           47          
 117          76          
 117          116         
 117          58          
 117          118         
 95           94          
 95           76          
 76           63          
 76           123         
 76           65          
 76           64          
 76           58          
 76           141         
 76           54          
 76           14          
 76           74          
 76           82          
 76           55          
 76           38          
 76           128         
 76           56          
 76           27          
 76           138         
 76           77          
 76           136         
 76           80          
 76           98          
 76           67          
 76           69          
 76           49          
 76           52          
 76           51          
 76           20          
 76           78          
 76           91          
 76           61          
 76           62          
 76           118         
 130          131         
 130          129         
 53           51          
 53           49          
 53           54          
 53           55          
 138          137         
 54           52          
 54           58          
 54           55          
 54           56          
 122          123         
 74           80          
 128          129         
 55           56          
 55           58          
 56           51          
 56           49          
 129          131         
 80           98          
 80           77          
 80           78          
 80           48          
 80           69          
 80           49          
 80           82          
 80           83          
 80           38          
 80           20          
 80           58          
 48           49          
 49           58          
 52           51          
 51           58          
 58           64          
 58           61          
 61           63          
 61           62          
 62           63          
 62           65          
 63           65          
 63           64          
 123          124         
 123          126         
 65           64          
 126          125         
 13           14          
 92           91          
