0       132.147022899     0.0              
1       1.00074007462     0.015827603287   
2       1.00120112638     0.038053097388   
3       2.34238214227     0.076942468966   
4       1.00098734906     0.114925346283   
5       1.00016587291     0.138834623983   
6       1.00032486026     0.160581872609   
7       1.00003420904     0.185690696321   
8       2.22430817901     0.242894023343   
9       2.89753283597     0.267116388919   
10      2.10954128684     0.282072701601   
11      2.27821883372     0.299334105042   
12      1.00026471858     0.303498623197   
13      1.50000420959     0.322238580386   
14      1.00228108778     0.324810694656   
15      2.10559272475     0.391870672156   
16      1.07184519696     0.391914489478   
17      8.76711815509     0.538117164732   
18      4.85668149806     0.594429165027   
19      2.99865792239     0.794874314738   
20      2.20069962022     0.933648643086   
21      1.20620728603     0.970187421301   
22      5.98777406695     0.982307966765   
23      1.17939205767     0.993137211995   
24      2.06326417934     1.02365167015    
25      1.78861028845     1.12698003179    
26      5.07485543712     1.23494104537    
27      2.44786222504     1.3382577973     
28      1.00080162813     1.33906972854    
29      1.54833450186     1.38332522407    
30      1.00012025513     1.40819698483    
31      1.00107451488     1.42709236244    
32      1.00125751861     1.4504132896     
33      45.639308301      1.46422248725    
34      1.00004042897     1.47287734467    
35      1.00174580755     1.49197832664    
36      1.00182196191     1.50906146473    
37      1.00041473383     1.52783700009    
38      1.00015481383     1.54789821807    
39      1.00022082438     1.57049672118    
40      2.68745174483     1.6219828239     
41      3.84498376407     1.75798317869    
42      2.72812551319     1.77754517881    
43      3.3587653174      1.88402164653    
44      1.00239330439     2.00115995484    
45      4.26897450595     2.00644836859    
46      1.00124783134     2.01564401416    
47      1.00122845719     2.09475974741    
48      3.01326692696     2.09574582441    
49      1.00065051754     2.17997844719    
50      4.1501755244      2.18701243819    
51      1.49214137514     2.21363651734    
52      1.00321279685     2.2140552162     
53      1.0638967764      2.22135885226    
54      1.589665791       2.22463429073    
55      1.00080335722     2.22884374973    
56      1.59610773319     2.2312720533     
57      2.3979668927      2.28112193483    
58      3.66745565885     2.32286710975    
59      2.61850800379     2.34683630857    
60      3.85716231455     2.36262290334    
61      1.74739612037     2.45795628894    
62      3.76898138893     2.4792897073     
63      1.00149592333     2.48146446961    
64      2.72897216776     2.51865601358    
65      1.00085453951     2.56244449884    
66      5.98399516979     2.5800687996     
67      1.50103548511     2.58274615034    
68      2.86998905144     2.62032044049    
69      3.37003142248     2.68937316989    
70      2.96276136618     2.79034625683    
71      2.93115795456     2.8820330675     
72      96.5480360308     2.90068127046    
73      1.9809230309      2.94715309859    
74      1.90841280109     3.00010764337    
75      1.83013810387     3.04922161859    
76      4.27171464752     3.15205975053    
77      37.6312993207     3.24445400497    
78      1.60089878443     3.29034645902    
79      8.52118745524     3.47983314687    
80      1.17736391152     3.59300570663    
81      2.08034812157     3.72320848196    
82      1.00073799984     3.76606079329    
83      66.6568605869     3.77856235284    
84      2.14312597323     3.80530145246    
85      1.00216334316     3.84167137482    
86      1.0001029762      3.86441762094    
87      1.00180776905     3.88332980455    
88      1.00002868021     3.90136259884    
89      2.13377200691     3.93545650155    
90      1.60067199893     3.99261732203    
91      3.02923115785     4.00717029064    
92      1.00116238014     4.01195859706    
93      1.56492410131     4.07059918843    
94      1.58788817511     4.11194729228    
95      2.75900952295     4.16728566793    
96      1.59112318356     4.27377823945    
97      3.58179934741     4.28178014387    
98      1.37436631442     4.36394998193    
99      1.31022932154     4.39655718537    
100     2.45955581016     4.43973859474    
101     19.7429901449     4.46842236892    
102     1.26670418264     4.48010605193    
103     1.85312173349     4.51776441891    
104     1.38427643518     4.56201476497    
105     1.93808611943     4.61145409317    
106     2.09551031799     4.69416003804    
107     1.00067160943     4.73296823522    
108     2.66269980032     4.73818820781    
109     4.97012358807     4.74032729833    
110     1.55220693332     4.74898131311    
111     2.32277231455     4.79903951417    
112     2.1638247676      4.87818305456    
113     1.5888470062      4.93577661791    
114     2.25213689922     4.9395007158     
115     1.00288873142     4.97466318068    
116     1.00052985297     4.99178320772    
117     2.00369164125     5.01341679346    
118     1.00390737722     5.03461239324    
119     1.00025089342     5.04834163364    
120     1.00057652668     5.06331461188    
121     46.9722412825     5.08221860315    
122     1.00053815035     5.10299756386    
123     3.82796900178     5.10431657761    
124     1.00808078995     5.15034742371    
125     3.000104745       5.19087095671    
126     1.40916073201     5.24111388335    
127     1.00381129328     5.29429650292    
128     3.71508015795     5.30125802682    
129     1.83029810446     5.32261260482    
130     2.92957431325     5.338168316      
131     1.00308315809     5.34775475966    
132     1.5146690038      5.39143763395    
133     2.40959696697     5.43613879284    
134     3.51725151873     5.51099151259    
135     2.63607907954     5.59454215807    
136     2.7610494878      5.66980159244    
137     1.00200475604     5.76304073474    
138     3.21834682823     5.76684198108    
139     4.23077756497     5.83241441666    
140     2.77640073661     5.84618073326    
141     4.26916037271     5.93013584633    
142     3.17353076739     6.06566507128    
143     2.35100011638     6.06867311173    
144     1.00033384726     6.13521289897    
145     2.31996567742     6.19383373509    
146     4.54928579887     6.21443742651    
147     2.40209932939     6.24780075963    
