 0            24          
 0            20          
 0            134         
 0            9           
 0            16          
 0            15          
 0            95          
 0            2           
 0            12          
 0            91          
 0            10          
 0            146         
 0            145         
 0            1           
 0            40          
 0            5           
 0            18          
 0            143         
 0            6           
 0            142         
 0            4           
 0            135         
 0            13          
 0            3           
 0            11          
 0            70          
 0            74          
 0            147         
 0            65          
 0            42          
 0            41          
 0            144         
 0            132         
 0            76          
 0            109         
 0            7           
 0            64          
 0            111         
 0            101         
 0            108         
 0            110         
 0            19          
 0            112         
 0            117         
 0            114         
 0            83          
 0            14          
 0            43          
 0            66          
 0            22          
 0            69          
 0            33          
 0            62          
 0            121         
 0            17          
 0            45          
 0            123         
 0            97          
 0            133         
 0            72          
 0            100         
 0            138         
 0            105         
 0            141         
 0            139         
 0            77          
 0            126         
 0            140         
 0            48          
 0            79          
 0            58          
 0            59          
 0            128         
 0            60          
 0            81          
 0            130         
 0            27          
 0            25          
 0            136         
 0            94          
 0            84          
 0            68          
 0            29          
 0            26          
 0            21          
 0            93          
 0            125         
 24           22          
 24           72          
 20           22          
 20           72          
 102          77          
 102          101         
 34           33          
 134          121         
 134          72          
 134          77          
 9            8           
 9            10          
 9            121         
 9            11          
 16           15          
 115          121         
 15           101         
 95           83          
 95           121         
 95           72          
 8            121         
 8            17          
 12           11          
 91           72          
 91           83          
 91           92          
 91           90          
 91           121         
 10           83          
 10           11          
 146          83          
 146          147         
 146          140         
 146          145         
 146          101         
 145          83          
 85           83          
 88           83          
 87           83          
 40           72          
 40           33          
 129          83          
 129          128         
 129          130         
 129          121         
 90           83          
 90           33          
 82           83          
 18           72          
 18           33          
 18           77          
 18           17          
 143          72          
 143          142         
 142          121         
 142          72          
 135          121         
 135          72          
 13           14          
 13           11          
 3            72          
 70           72          
 70           33          
 70           77          
 73           72          
 73           33          
 73           77          
 74           72          
 74           77          
 147          83          
 71           83          
 71           72          
 71           33          
 71           77          
 65           66          
 42           41          
 42           121         
 42           72          
 41           72          
 41           33          
 41           77          
 106          33          
 106          121         
 106          109         
 106          77          
 132          121         
 76           83          
 76           72          
 76           33          
 76           77          
 109          108         
 109          72          
 109          110         
 109          121         
 109          107         
 109          26          
 109          111         
 109          101         
 98           77          
 98           101         
 107          108         
 99           72          
 99           101         
 64           83          
 64           62          
 64           72          
 64           66          
 111          72          
 111          121         
 101          139         
 101          72          
 101          77          
 101          17          
 101          83          
 101          105         
 101          100         
 101          97          
 101          104         
 101          103         
 101          121         
 101          113         
 101          33          
 101          79          
 108          72          
 108          110         
 108          121         
 108          77          
 110          72          
 104          121         
 120          121         
 96           83          
 96           97          
 96           121         
 103          83          
 103          121         
 19           121         
 19           33          
 112          83          
 112          121         
 117          83          
 117          121         
 49           50          
 114          121         
 114          113         
 114          72          
 83           59          
 83           133         
 83           72          
 83           60          
 83           81          
 83           100         
 83           97          
 83           141         
 83           123         
 83           130         
 83           128         
 83           86          
 83           92          
 83           94          
 83           84          
 83           77          
 83           43          
 83           78          
 83           22          
 83           69          
 83           68          
 83           33          
 83           79          
 83           80          
 83           62          
 83           17          
 83           45          
 83           66          
 83           93          
 83           89          
 83           57          
 83           58          
 83           125         
 43           72          
 43           33          
 66           72          
 66           60          
 66           22          
 66           69          
 66           67          
 66           68          
 66           33          
 22           72          
 22           21          
 22           23          
 22           33          
 69           72          
 69           33          
 113          121         
 33           72          
 33           60          
 33           75          
 33           38          
 33           28          
 33           36          
 33           30          
 33           37          
 33           31          
 33           27          
 33           25          
 33           39          
 33           77          
 33           29          
 33           35          
 33           67          
 33           68          
 33           79          
 33           62          
 33           23          
 33           32          
 33           26          
 33           17          
 33           45          
 33           58          
 62           72          
 62           77          
 62           63          
 62           61          
 121          133         
 121          128         
 121          97          
 121          127         
 121          122         
 121          130         
 121          119         
 121          105         
 121          118         
 121          116         
 121          141         
 121          139         
 121          138         
 121          136         
 121          126         
 121          100         
 121          124         
 121          140         
 121          79          
 121          50          
 121          123         
 121          89          
 121          125         
 17           72          
 17           77          
 45           72          
 45           77          
 45           46          
 45           44          
 123          50          
 123          122         
 123          72          
 97           72          
 72           59          
 72           128         
 72           60          
 72           81          
 72           50          
 72           54          
 72           61          
 72           79          
 72           56          
 72           26          
 72           141         
 72           53          
 72           27          
 72           138         
 72           136         
 72           84          
 72           77          
 72           75          
 72           67          
 72           48          
 72           68          
 72           52          
 72           51          
 72           78          
 72           89          
 72           57          
 72           58          
 72           125         
 55           51          
 55           54          
 55           56          
 138          139         
 138          137         
 54           52          
 54           50          
 54           56          
 54           53          
 47           48          
 61           77          
 141          139         
 56           53          
 56           50          
 53           51          
 139          140         
 77           75          
 77           78          
 77           48          
 77           79          
 77           80          
 77           26          
 48           50          
 52           51          
 51           50          
 50           57          
 57           58          
 58           59          
 58           60          
 59           60          
 128          127         
 128          130         
 130          131         
 28           27          
