 0            22          
 0            19          
 0            84          
 0            5           
 0            13          
 0            112         
 0            14          
 0            74          
 0            146         
 0            2           
 0            89          
 0            4           
 0            9           
 0            6           
 0            7           
 0            147         
 0            91          
 0            108         
 0            127         
 0            145         
 0            90          
 0            152         
 0            12          
 0            151         
 0            138         
 0            1           
 0            149         
 0            131         
 0            3           
 0            23          
 0            75          
 0            15          
 0            10          
 0            11          
 0            130         
 0            48          
 0            150         
 0            132         
 0            77          
 0            102         
 0            105         
 0            93          
 0            104         
 0            70          
 0            106         
 0            97          
 0            103         
 0            101         
 0            123         
 0            143         
 0            136         
 0            82          
 0            148         
 0            27          
 0            66          
 0            20          
 0            68          
 0            35          
 0            71          
 0            122         
 0            40          
 0            44          
 0            141         
 0            86          
 0            110         
 0            69          
 0            140         
 0            116         
 0            99          
 0            113         
 0            114         
 0            78          
 0            144         
 0            109         
 0            50          
 0            76          
 0            56          
 0            57          
 0            60          
 0            61          
 0            63          
 0            126         
 0            62          
 0            17          
 0            128         
 0            32          
 0            24          
 0            16          
 0            92          
 0            59          
 0            64          
 0            67          
 0            36          
 0            100         
 0            18          
 0            39          
 0            98          
 22           20          
 22           69          
 19           20          
 19           69          
 96           78          
 96           97          
 28           35          
 84           122         
 84           69          
 84           78          
 84           85          
 5            122         
 5            3           
 5            133         
 5            6           
 5            7           
 13           14          
 112          114         
 14           15          
 14           97          
 74           69          
 74           78          
 74           82          
 74           73          
 74           122         
 74           35          
 133          122         
 133          136         
 133          40          
 2            3           
 89           69          
 89           78          
 89           82          
 89           88          
 89           90          
 89           122         
 4            82          
 4            3           
 9            82          
 9            10          
 9            11          
 9            6           
 9            8           
 9            7           
 9            97          
 6            82          
 83           82          
 8            82          
 7            82          
 91           82          
 107          82          
 107          122         
 108          69          
 108          109         
 108          35          
 108          122         
 127          82          
 127          126         
 127          128         
 127          122         
 90           82          
 90           35          
 87           82          
 42           69          
 42           35          
 42           78          
 42           40          
 42           47          
 152          69          
 152          151         
 152          122         
 152          1           
 12           69          
 151          69          
 138          69          
 138          136         
 1            122         
 1            69          
 149          148         
 149          122         
 149          3           
 149          150         
 131          122         
 131          69          
 23           69          
 23           35          
 23           78          
 75           69          
 75           35          
 75           78          
 75           76          
 15           69          
 15           78          
 10           82          
 79           82          
 79           69          
 79           78          
 11           66          
 130          122         
 130          69          
 48           69          
 48           35          
 48           78          
 48           47          
 47           122         
 47           78          
 47           56          
 47           46          
 47           44          
 47           102         
 47           141         
 47           50          
 47           35          
 132          122         
 77           82          
 77           69          
 77           78          
 77           76          
 102          103         
 102          69          
 102          101         
 102          104         
 102          122         
 102          106         
 102          97          
 105          103         
 93           35          
 93           78          
 93           97          
 104          103         
 104          78          
 94           82          
 94           69          
 94           97          
 70           82          
 70           71          
 70           69          
 106          69          
 106          122         
 97           69          
 97           140         
 97           86          
 97           116         
 97           95          
 97           35          
 97           124         
 97           114         
 97           78          
 97           82          
 97           137         
 97           99          
 97           76          
 97           122         
 97           40          
 97           98          
 103          69          
 103          101         
 103          40          
 103          122         
 103          100         
 103          78          
 101          69          
 95           82          
 95           69          
 95           35          
 95           122         
 139          141         
 139          114         
 139          122         
 139          78          
 139          136         
 118          122         
 85           86          
 85           122         
 85           78          
 85           82          
 85           66          
 124          82          
 124          123         
 124          126         
 124          122         
 25           122         
 25           35          
 123          69          
 123          82          
 123          122         
 123          35          
 143          82          
 143          122         
 58           57          
 136          134         
 136          140         
 136          56          
 136          122         
 136          69          
 136          137         
 136          135         
 82           63          
 82           110         
 82           69          
 82           62          
 82           17          
 82           140         
 82           86          
 82           113         
 82           141         
 82           128         
 82           126         
 82           134         
 82           88          
 82           92          
 82           59          
 82           78          
 82           27          
 82           80          
 82           20          
 82           68          
 82           67          
 82           35          
 82           76          
 82           81          
 82           71          
 82           40          
 82           44          
 82           66          
 82           39          
 82           98          
 82           60          
 82           61          
 82           135         
 27           69          
 27           35          
 66           63          
 66           69          
 66           78          
 66           20          
 66           61          
 66           65          
 66           68          
 66           64          
 66           67          
 66           35          
 66           62          
 20           69          
 20           78          
 20           18          
 20           21          
 20           35          
 68           69          
 68           78          
 68           35          
 137          122         
 35           63          
 35           69          
 35           62          
 35           46          
 35           34          
 35           134         
 35           33          
 35           29          
 35           37          
 35           30          
 35           26          
 35           32          
 35           24          
 35           31          
 35           16          
 35           78          
 35           36          
 35           65          
 35           64          
 35           50          
 35           67          
 35           76          
 35           71          
 35           21          
 35           38          
 35           100         
 35           40          
 35           44          
 35           57          
 35           39          
 35           60          
 35           61          
 71           69          
 71           78          
 71           73          
 71           44          
 71           72          
 122          110         
 122          126         
 122          120         
 122          86          
 122          125         
 122          128         
 122          111         
 122          119         
 122          117         
 122          144         
 122          26          
 122          113         
 122          114         
 122          116         
 122          16          
 122          59          
 122          140         
 122          121         
 122          109         
 122          99          
 122          76          
 122          57          
 122          141         
 122          98          
 122          135         
 40           69          
 40           78          
 40           44          
 40           39          
 40           41          
 44           69          
 44           78          
 44           43          
 44           45          
 141          69          
 141          140         
 141          57          
 141          142         
 86           69          
 86           78          
 69           63          
 69           126         
 69           62          
 69           17          
 69           125         
 69           57          
 69           144         
 69           140         
 69           53          
 69           67          
 69           72          
 69           26          
 69           76          
 69           52          
 69           113         
 69           51          
 69           32          
 69           116         
 69           16          
 69           59          
 69           78          
 69           46          
 69           99          
 69           64          
 69           50          
 69           55          
 69           56          
 69           80          
 69           98          
 69           60          
 69           61          
 69           135         
 54           56          
 54           53          
 54           52          
 116          115         
 116          117         
 116          114         
 53           55          
 53           57          
 53           52          
 53           51          
 115          114         
 72           78          
 113          114         
 52           51          
 52           57          
 51           56          
 51           50          
 114          109         
 78           62          
 78           46          
 78           32          
 78           80          
 78           64          
 78           50          
 78           76          
 78           81          
 78           55          
 78           100         
 78           98          
 49           50          
 50           57          
 55           56          
 56           57          
 57           17          
 57           59          
 57           60          
 60           62          
 60           61          
 61           63          
 61           62          
 63           62          
 126          125         
 126          128         
 17           18          
 128          129         
 33           32          
 32           31          
