0       99.9236559076     0.0              
1       2.26562779672     0.012607779111   
2       1.00041554451     0.080634733758   
3       2.33826128942     0.092648170212   
4       1.56321895414     0.105642253319   
5       3.30709679899     0.189062757604   
6       2.23963516528     0.207362294527   
7       2.23525730557     0.266763228792   
8       1.00227790058     0.311745642467   
9       3.70048806487     0.323583060617   
10      1.53667455112     0.3401699769     
11      1.87798153168     0.381632024509   
12      1.54278668157     0.433560420038   
13      1.00175378273     0.48350617536    
14      1.8752082601      0.489661947384   
15      2.28671173066     0.512005785706   
16      2.87740826782     0.607150045257   
17      2.75229294855     0.724767722563   
18      1.57730723937     0.742965393575   
19      1.65273514273     0.81148782102    
20      5.66970867169     0.844123861494   
21      1.00245947581     0.848508964288   
22      1.71804986387     0.884756001528   
23      2.91976079766     1.03420078413    
24      1.44410920949     1.10926172978    
25      1.42361486136     1.15697804476    
26      2.00410929752     1.21171262145    
27      2.83596891116     1.29173054213    
28      1.00024230035     1.35476232204    
29      1.00214166099     1.38292113099    
30      1.00342055293     1.41115409233    
31      1.00012575961     1.4615717265     
32      2.79938041025     1.46957681423    
33      1.00032095715     1.48021992947    
34      1.00215282746     1.52128799569    
35      39.3423476912     1.52284631943    
36      1.24762590593     1.55609842397    
37      1.00441580642     1.59260199852    
38      1.00069776738     1.62597506883    
39      2.16684621233     1.71031892019    
40      7.31064810653     1.771560931      
41      1.00001337114     1.78853021896    
42      2.49601712653     1.84673909736    
43      1.00075798097     1.94070703033    
44      4.36967687661     1.95103368713    
45      1.00106260902     1.96404780636    
46      1.73073939026     2.0441488676     
47      5.06527851749     2.06292028338    
48      2.22503068669     2.09744309026    
49      1.00374101013     2.17546713552    
50      2.86780125561     2.18284642201    
51      1.37191593238     2.22489157706    
52      1.15295257332     2.23295321535    
53      1.34467021019     2.23617060523    
54      1.00092717191     2.23863898106    
55      1.24098629029     2.25395631851    
56      2.33520452501     2.26170599245    
57      4.64705434762     2.3046889131     
58      1.00135202777     2.30975374615    
59      2.23311281945     2.3511217925     
60      2.77526277861     2.4395545116     
61      2.97311699594     2.49379399       
62      3.47464750991     2.4945774587     
63      2.60695824848     2.5230744475     
64      2.21238079866     2.61449236212    
65      1.00037923719     2.65241082422    
66      7.85825826801     2.65400734769    
67      2.39642848849     2.70678362713    
68      3.44424178579     2.82388860431    
69      79.0430031902     2.99828042358    
70      1.66454370509     3.02790730008    
71      4.23510620652     3.063177623      
72      1.00955055594     3.0683787766     
73      1.00092749055     3.11594978286    
74      3.60842388834     3.14634027919    
75      2.43005154882     3.32851837461    
76      6.00756302685     3.41723386407    
77      2.2613906229      3.45014777706    
78      37.0976206703     3.48168583314    
79      1.11682046038     3.55474407905    
80      1.18821185249     3.60256284512    
81      1.00131951179     3.67144646118    
82      52.9452872696     3.69987051474    
83      1.0001353116      3.83280576357    
84      1.9200010051      3.88889703878    
85      2.35692993724     3.90782626246    
86      3.19943568378     3.95019719181    
87      1.00519345498     4.00513479813    
88      1.00063532749     4.04453162673    
89      2.51818821819     4.05374000554    
90      1.50274806051     4.06804776568    
91      1.11887778515     4.11150687201    
92      1.15249091362     4.14544385628    
93      1.93051505622     4.20691450363    
94      1.44292585167     4.25889533015    
95      2.45751934608     4.32632035837    
96      1.00509105631     4.3814829966     
97      17.2244549365     4.39153345446    
98      3.31360872032     4.45750923412    
99      2.02025928946     4.57082214038    
100     1.78335666682     4.65764541553    
101     1.34582482967     4.70313088577    
102     3.01876709618     4.71964936089    
103     3.51367331418     4.71972154712    
104     1.28234088533     4.72889210072    
105     1.00036872741     4.75279641621    
106     1.90535781035     4.79200542953    
107     1.32598297597     4.85004166019    
108     2.23093061713     4.9133831574     
109     1.75888587997     4.92267748558    
110     1.49437960559     4.96474042971    
111     1.00024644006     4.99099000183    
112     1.0005709802      5.01881287798    
113     1.89070951742     5.04241468541    
114     3.38959808283     5.0454914479     
115     1.00274482916     5.07553964481    
116     2.32080125367     5.08597116357    
117     1.00232321153     5.09537128998    
118     1.00105464159     5.12525564007    
119     1.0020430823      5.14634113477    
120     1.00070668769     5.16713133069    
121     1.00002610574     5.18759420746    
122     33.9249863457     5.22439944743    
123     2.60790456093     5.22652140425    
124     2.05645297702     5.24435374366    
125     1.0101430686      5.28677134595    
126     2.86094833918     5.29528145641    
127     1.76785284883     5.31790074465    
128     2.09364565346     5.3346670498     
129     1.0029549062      5.34602846951    
130     1.52142657241     5.38454370857    
131     1.54807372188     5.42003723767    
132     1.05848283032     5.44698620167    
133     1.85711126833     5.48191048008    
134     1.13624363633     5.51193733009    
135     1.43219150013     5.53144146887    
136     3.971769364       5.54182280369    
137     1.03618732171     5.55048084443    
138     1.15811715702     5.56858957002    
139     2.222189861       5.60375222216    
140     3.88505321828     5.68117724343    
141     5.17144315764     5.72117871363    
142     1.00211581904     5.73979283645    
143     2.26228855824     5.88168662109    
144     2.4495060762      5.98497135267    
145     1.0006416987      6.05228412241    
146     1.00107344478     6.08654252733    
147     1.0016431246      6.11802096658    
148     1.00024389254     6.17105565587    
149     2.44159510981     6.18029118644    
150     1.00577124287     6.19039988015    
151     1.59342670332     6.25138909872    
152     2.55480601455     6.26885479575    
