 0            18          
 0            19          
 0            42          
 0            146         
 0            8           
 0            3           
 0            14          
 0            89          
 0            9           
 0            149         
 0            88          
 0            147         
 0            153         
 0            145         
 0            152         
 0            154         
 0            2           
 0            143         
 0            91          
 0            40          
 0            130         
 0            124         
 0            94          
 0            5           
 0            142         
 0            4           
 0            7           
 0            6           
 0            150         
 0            133         
 0            148         
 0            28          
 0            15          
 0            151         
 0            1           
 0            16          
 0            134         
 0            115         
 0            81          
 0            111         
 0            107         
 0            97          
 0            109         
 0            105         
 0            74          
 0            113         
 0            101         
 0            108         
 0            110         
 0            10          
 0            114         
 0            140         
 0            85          
 0            137         
 0            26          
 0            71          
 0            20          
 0            73          
 0            33          
 0            75          
 0            126         
 0            24          
 0            45          
 0            12          
 0            138         
 0            103         
 0            77          
 0            104         
 0            118         
 0            135         
 0            123         
 0            121         
 0            80          
 0            106         
 0            120         
 0            53          
 0            79          
 0            51          
 0            63          
 0            67          
 0            68          
 0            129         
 0            69          
 0            62          
 0            131         
 0            30          
 0            25          
 0            100         
 0            92          
 0            66          
 0            64          
 0            35          
 0            112         
 0            22          
 0            21          
 0            84          
 0            83          
 0            72          
 18           20          
 18           77          
 18           17          
 19           126         
 19           20          
 19           77          
 19           83          
 99           80          
 99           101         
 41           42          
 41           33          
 42           126         
 42           80          
 42           61          
 42           77          
 146          126         
 146          148         
 146          144         
 146          85          
 146          147         
 146          145         
 14           15          
 89           77          
 89           80          
 89           85          
 89           88          
 89           126         
 89           33          
 89           101         
 144          33          
 144          126         
 149          148         
 88           77          
 88           80          
 88           85          
 88           87          
 88           94          
 88           126         
 88           33          
 147          85          
 147          148         
 153          85          
 153          151         
 153          1           
 153          145         
 153          152         
 153          154         
 153          101         
 145          85          
 93           85          
 152          85          
 90           85          
 154          85          
 91           85          
 40           77          
 40           33          
 40           126         
 130          129         
 130          85          
 130          131         
 130          126         
 130          121         
 124          126         
 94           85          
 94           95          
 94           33          
 96           85          
 96           95          
 47           77          
 47           33          
 47           80          
 47           24          
 47           48          
 5            4           
 5            6           
 142          126         
 142          77          
 4            77          
 4            148         
 7            148         
 7            6           
 6            126         
 6            77          
 150          75          
 150          148         
 150          101         
 133          126         
 133          77          
 148          126         
 28           77          
 28           33          
 28           80          
 78           77          
 78           33          
 78           80          
 78           79          
 78           101         
 15           16          
 15           77          
 15           80          
 15           13          
 151          85          
 98           85          
 98           77          
 98           33          
 98           101         
 1            77          
 1            71          
 17           16          
 17           77          
 17           126         
 17           12          
 16           77          
 16           80          
 16           33          
 16           48          
 134          126         
 48           49          
 48           126         
 48           110         
 48           104         
 48           51          
 48           50          
 48           45          
 48           111         
 48           12          
 48           53          
 48           33          
 48           80          
 115          126         
 115          77          
 81           77          
 81           80          
 81           85          
 81           13          
 81           33          
 81           79          
 111          108         
 111          112         
 111          77          
 111          110         
 111          126         
 111          109         
 111          22          
 111          113         
 111          33          
 111          101         
 107          108         
 97           33          
 97           80          
 97           101         
 109          108         
 105          85          
 105          126         
 105          77          
 105          101         
 74           85          
 74           75          
 74           77          
 113          77          
 113          126         
 113          112         
 101          103         
 101          77          
 101          138         
 101          118         
 101          102         
 101          135         
 101          106         
 101          95          
 101          121         
 101          100         
 101          80          
 101          85          
 101          104         
 101          71          
 101          141         
 101          33          
 101          79          
 101          126         
 101          24          
 101          83          
 108          77          
 108          110         
 108          61          
 108          126         
 108          80          
 110          77          
 102          77          
 102          33          
 102          126         
 13           126         
 13           80          
 13           12          
 13           10          
 54           56          
 136          85          
 136          137         
 136          138         
 136          135         
 136          126         
 95           126         
 70           126         
 70           71          
 70           33          
 10           77          
 10           85          
 10           138         
 10           126         
 10           33          
 114          85          
 114          126         
 114          77          
 60           61          
 140          139         
 140          51          
 140          138         
 140          126         
 140          77          
 140          141         
 85           68          
 85           103         
 85           77          
 85           69          
 85           62          
 85           104         
 85           138         
 85           12          
 85           131         
 85           129         
 85           139         
 85           86          
 85           87          
 85           32          
 85           39          
 85           92          
 85           66          
 85           80          
 85           26          
 85           82          
 85           20          
 85           73          
 85           35          
 85           33          
 85           79          
 85           49          
 85           75          
 85           24          
 85           45          
 85           71          
 85           84          
 85           83          
 85           63          
 85           67          
 85           72          
 26           77          
 26           33          
 71           118         
 71           68          
 71           77          
 71           80          
 71           20          
 71           67          
 71           34          
 71           73          
 71           72          
 71           64          
 71           35          
 71           33          
 71           79          
 71           69          
 20           75          
 20           77          
 20           80          
 20           21          
 20           33          
 73           77          
 73           80          
 73           33          
 141          126         
 141          77          
 33           68          
 33           77          
 33           69          
 33           138         
 33           46          
 33           38          
 33           31          
 33           32          
 33           39          
 33           37          
 33           36          
 33           30          
 33           25          
 33           29          
 33           100         
 33           80          
 33           112         
 33           34          
 33           64          
 33           35          
 33           79          
 33           75          
 33           27          
 33           65          
 33           22          
 33           24          
 33           45          
 33           61          
 33           84          
 33           63          
 33           67          
 75           77          
 75           80          
 75           76          
 126          103         
 126          129         
 126          128         
 126          11          
 126          131         
 126          125         
 126          122         
 126          127         
 126          123         
 126          121         
 126          118         
 126          100         
 126          66          
 126          106         
 126          104         
 126          116         
 126          120         
 126          138         
 126          135         
 126          79          
 126          12          
 126          83          
 126          72          
 24           77          
 24           80          
 24           45          
 24           25          
 24           22          
 24           23          
 45           77          
 45           80          
 45           43          
 45           44          
 45           46          
 12           77          
 12           61          
 12           11          
 86           77          
 138          77          
 77           68          
 77           129         
 77           69          
 77           62          
 77           128         
 77           61          
 77           106         
 77           104         
 77           57          
 77           35          
 77           76          
 77           36          
 77           79          
 77           58          
 77           123         
 77           56          
 77           30          
 77           118         
 77           100         
 77           66          
 77           80          
 77           112         
 77           50          
 77           135         
 77           64          
 77           53          
 77           49          
 77           55          
 77           51          
 77           82          
 77           83          
 77           63          
 77           67          
 77           72          
 122          121         
 59           51          
 59           57          
 59           56          
 59           58          
 118          119         
 118          117         
 118          121         
 57           55          
 57           61          
 57           58          
 57           56          
 119          121         
 76           80          
 123          121         
 58           56          
 58           61          
 56           55          
 56           61          
 56           53          
 121          128         
 121          120         
 80           69          
 80           50          
 80           30          
 80           100         
 80           82          
 80           64          
 80           53          
 80           79          
 80           49          
 80           55          
 80           22          
 80           83          
 50           51          
 52           53          
 53           61          
 55           51          
 51           61          
 61           62          
 61           66          
 61           63          
 63           67          
 67           68          
 67           69          
 68           69          
 129          128         
 129          131         
 131          132         
 31           30          
 32           35          
 32           30          
 36           35          
 30           29          
 66           35          
 34           35          
 64           65          
 84           83          
