0       94.8356574553     0.0              
1       2.28653095941     0.008571904121   
2       1.00001506371     0.054665854656   
3       1.00157098756     0.08043605778    
4       2.00977566332     0.123926997215   
5       1.32923875299     0.142447867792   
6       2.25036594205     0.168286231195   
7       1.46692215128     0.178743216439   
8       1.00253892718     0.221996531165   
9       1.00241686121     0.250851923188   
10      4.22849796045     0.324789347755   
11      1.00526063641     0.424890207826   
12      4.56232111154     0.443363890518   
13      3.1133425894      0.482250078787   
14      1.00018140755     0.561168072324   
15      2.59460268044     0.566758338735   
16      3.30552991925     0.630194586229   
17      2.34845072289     0.678015763179   
18      1.95938972117     0.713390948057   
19      2.64153296825     0.799793464555   
20      5.16366516819     0.830690294389   
21      1.0054972715      0.848884969344   
22      2.85788248838     1.00706587739    
23      1.00001443605     1.06941418197    
24      6.13563827708     1.08844363309    
25      1.52018361017     1.12388810177    
26      2.38055912051     1.24245740143    
27      1.00397652202     1.29549283974    
28      2.27266163312     1.34203133012    
29      1.00122309747     1.41544781541    
30      2.57348675782     1.42875779519    
31      1.00202370844     1.43453381709    
32      1.63964231814     1.46603585028    
33      36.6251697337     1.50545009346    
34      1.12072635651     1.50830233899    
35      3.80200210866     1.51629132291    
36      1.22545259951     1.53656263934    
37      1.00482694997     1.57706969403    
38      1.00171589887     1.60466561892    
39      1.13435084275     1.63482279737    
40      2.24604589612     1.68535353267    
41      1.00126457395     1.7707827054     
42      2.69304084537     1.77435175738    
43      1.00208974733     1.8520166504     
44      1.00009791829     1.87230407063    
45      3.9076446546      1.87514208489    
46      1.00046865113     1.89200988144    
47      2.22674547451     1.9762252769     
48      6.36170023699     2.0308381388     
49      1.68978337589     2.04042289718    
50      1.53907183056     2.09834377967    
51      2.96662125058     2.12113290685    
52      1.0002536031      2.17523793722    
53      2.12995643226     2.17830402626    
54      1.00029660903     2.20519288188    
55      1.26507672492     2.22147345142    
56      1.76746352023     2.22839396679    
57      1.23563445437     2.2361050665     
58      1.03829307038     2.23872361965    
59      1.00104652743     2.23957974271    
60      1.00338845232     2.27913592406    
61      4.36867832041     2.28159343917    
62      1.59406121488     2.30894593449    
63      2.45973950761     2.36000247766    
64      2.15584590341     2.42141264213    
65      1.00308746373     2.42392109021    
66      2.48935777508     2.47897661942    
67      2.94027891593     2.58338730637    
68      2.37630829952     2.59460978398    
69      2.93346228673     2.60034273757    
70      1.10136253779     2.67154775886    
71      10.1469403674     2.6931995082     
72      1.99833808182     2.72923644699    
73      2.62807983414     2.81287734866    
74      1.32360046259     2.92020844142    
75      3.747290865       2.94060147264    
76      1.00163353887     2.95292312837    
77      72.3843427326     2.98073027522    
78      1.92248754433     3.10457300835    
79      5.6012241112      3.15628119375    
80      30.656076031      3.17994179878    
81      3.67662393575     3.22650201057    
82      1.08531794247     3.33915023123    
83      4.12643290473     3.49705571862    
84      1.39655238427     3.51707035729    
85      48.1877941498     3.55141571806    
86      1.00192654486     3.59802213465    
87      1.00034495363     3.6972467185     
88      4.54991452162     3.71198361687    
89      4.25088128812     3.76039539141    
90      1.00359189114     3.83940565411    
91      1.07480984999     3.87170159539    
92      1.11000292605     3.90496666723    
93      1.00218629772     3.94096854281    
94      2.11345885293     4.00614325193    
95      1.3647734743      4.03150594459    
96      1.00092244434     4.0358179717     
97      1.95324110159     4.110360506      
98      1.90962742716     4.17587255233    
99      1.01605510283     4.22452007903    
100     3.11921332545     4.28622704032    
101     20.7825396127     4.32785948863    
102     1.87983899388     4.36815466597    
103     1.88060135259     4.42575787287    
104     2.95646191153     4.49981139462    
105     2.36593679121     4.57983540103    
106     1.92477732052     4.64537890595    
107     1.0008395214      4.72241837223    
108     3.00990621413     4.74045023026    
109     1.01549660672     4.74611558533    
110     1.74662286648     4.77189346585    
111     4.87994928921     4.78916395108    
112     1.82040763005     4.83766027058    
113     1.84552935051     4.84202365196    
114     2.01085700604     4.92672515754    
115     1.58474623875     4.97482253342    
116     1.00052987769     5.01243502329    
117     1.00027337931     5.05740751253    
118     3.06930112499     5.07214736015    
119     1.00028562193     5.08443980434    
120     1.04037598889     5.12637691411    
121     3.79485461813     5.13758703299    
122     1.00065265599     5.14673511617    
123     1.73185531745     5.17762951171    
124     1.00338215457     5.21892958503    
125     1.00266352535     5.24219115282    
126     32.7109658784     5.25024380294    
127     1.00057163942     5.26438593735    
128     1.67404315651     5.29600725103    
129     2.79207243992     5.32931590612    
130     2.3166990551      5.34870993984    
131     2.16979616827     5.37320906611    
132     1.00007940095     5.38745025762    
133     1.47985131251     5.43034535637    
134     1.01908083493     5.46114369086    
135     2.19587079011     5.5010301874     
136     1.87749131479     5.52898357924    
137     1.0030991112      5.5351625707     
138     5.01329810562     5.61867857428    
139     1.00346087936     5.7047277434     
140     3.28887468344     5.71005679115    
141     2.02928834642     5.74456948635    
142     2.04591462459     5.84677226711    
143     1.00053992546     5.90071513595    
144     1.62517326304     5.95393108664    
145     1.77549566068     5.99446548034    
146     2.99933884215     5.99787311979    
147     1.71049434068     6.03772085486    
148     3.24827554403     6.07284774157    
149     1.00021185459     6.07285036312    
150     2.07480784066     6.11144443591    
151     1.62236038577     6.18676042085    
152     1.30676962775     6.22032055741    
153     3.41053292858     6.23048449091    
154     1.34347372163     6.24839660031    
