 0            94          
 0            53          
 0            148         
 0            6           
 0            120         
 0            126         
 0            88          
 0            7           
 0            152         
 0            89          
 0            149         
 0            2           
 0            153         
 0            155         
 0            3           
 0            11          
 0            87          
 0            97          
 0            24          
 0            12          
 0            86          
 0            9           
 0            5           
 0            8           
 0            154         
 0            10          
 0            151         
 0            146         
 0            150         
 0            69          
 0            36          
 0            4           
 0            100         
 0            1           
 0            131         
 0            145         
 0            76          
 0            107         
 0            111         
 0            99          
 0            81          
 0            110         
 0            101         
 0            108         
 0            106         
 0            134         
 0            130         
 0            139         
 0            79          
 0            137         
 0            31          
 0            62          
 0            66          
 0            63          
 0            25          
 0            71          
 0            129         
 0            13          
 0            40          
 0            123         
 0            90          
 0            133         
 0            104         
 0            74          
 0            102         
 0            114         
 0            112         
 0            119         
 0            117         
 0            73          
 0            103         
 0            121         
 0            55          
 0            77          
 0            44          
 0            57          
 0            58          
 0            59          
 0            143         
 0            60          
 0            54          
 0            141         
 0            22          
 0            18          
 0            127         
 0            32          
 0            34          
 0            17          
 0            33          
 0            19          
 0            68          
 0            65          
 0            96          
 67           66          
 94           66          
 94           95          
 78           79          
 78           74          
 78           73          
 78           101         
 30           25          
 53           73          
 53           52          
 148          129         
 148          150         
 148          147         
 148          149         
 148          153         
 120          121         
 126          79          
 126          129         
 88           79          
 88           89          
 88           87          
 88           74          
 152          150         
 89           74          
 89           79          
 89           90          
 89           129         
 149          79          
 149          150         
 2            4           
 2            1           
 2            153         
 2            155         
 2            3           
 2            101         
 153          79          
 84           79          
 155          79          
 85           79          
 3            79          
 11           74          
 97           79          
 97           101         
 24           25          
 142          79          
 142          143         
 142          141         
 142          129         
 12           13          
 93           79          
 93           92          
 93           25          
 91           79          
 91           92          
 86           79          
 15           25          
 15           101         
 15           13          
 9            8           
 8            74          
 10           74          
 151          150         
 146          129         
 146          74          
 146          150         
 69           74          
 69           25          
 69           73          
 70           74          
 70           25          
 70           73          
 36           37          
 36           35          
 36           74          
 36           73          
 4            79          
 100          79          
 100          101         
 1            62          
 124          129         
 124          74          
 124          123         
 37           74          
 37           43          
 131          129         
 43           74          
 43           73          
 43           44          
 43           107         
 43           42          
 43           129         
 145          129         
 76           74          
 76           73          
 76           79          
 76           25          
 76           77          
 107          108         
 107          74          
 107          106         
 107          129         
 107          109         
 107          68          
 107          110         
 107          101         
 111          108         
 98           25          
 98           73          
 98           101         
 109          108         
 99           74          
 99           101         
 81           79          
 81           74          
 110          129         
 101          104         
 101          74          
 101          133         
 101          114         
 101          105         
 101          25          
 101          92          
 101          117         
 101          73          
 101          103         
 101          102         
 101          112         
 101          77          
 101          129         
 101          13          
 101          95          
 108          74          
 108          106         
 108          52          
 108          129         
 106          74          
 106          33          
 105          129         
 105          25          
 135          134         
 135          136         
 135          129         
 45           47          
 136          137         
 136          133         
 136          129         
 92           134         
 61           129         
 61           62          
 61           25          
 134          129         
 134          133         
 134          95          
 130          129         
 130          74          
 51           52          
 139          129         
 139          138         
 139          74          
 139          133         
 79           59          
 79           74          
 79           60          
 79           54          
 79           102         
 79           133         
 79           123         
 79           141         
 79           143         
 79           90          
 79           82          
 79           32          
 79           34          
 79           73          
 79           31          
 79           75          
 79           66          
 79           63          
 79           33          
 79           25          
 79           77          
 79           83          
 79           71          
 79           13          
 79           40          
 79           62          
 79           96          
 79           95          
 79           57          
 79           58          
 79           80          
 31           74          
 31           25          
 62           74          
 62           60          
 62           66          
 62           63          
 62           17          
 62           25          
 66           71          
 66           74          
 66           65          
 66           64          
 66           68          
 66           25          
 63           74          
 63           25          
 138          129         
 25           59          
 25           74          
 25           28          
 25           21          
 25           20          
 25           26          
 25           29          
 25           35          
 25           22          
 25           18          
 25           23          
 25           73          
 25           19          
 25           27          
 25           17          
 25           33          
 25           77          
 25           71          
 25           64          
 25           68          
 25           13          
 25           40          
 25           58          
 71           74          
 71           73          
 71           72          
 129          104         
 129          143         
 129          116         
 129          141         
 129          125         
 129          147         
 129          132         
 129          128         
 129          119         
 129          117         
 129          114         
 129          127         
 129          34          
 129          103         
 129          102         
 129          121         
 129          133         
 129          33          
 129          112         
 129          123         
 129          80          
 13           74          
 13           40          
 13           14          
 40           74          
 40           73          
 40           41          
 40           39          
 40           38          
 123          122         
 123          52          
 123          74          
 74           59          
 74           60          
 74           54          
 74           116         
 74           52          
 74           48          
 74           21          
 74           72          
 74           77          
 74           50          
 74           47          
 74           114         
 74           127         
 74           34          
 74           73          
 74           17          
 74           55          
 74           33          
 74           46          
 74           75          
 74           95          
 74           57          
 74           58          
 74           80          
 49           44          
 49           48          
 49           47          
 49           50          
 118          117         
 114          113         
 114          117         
 48           46          
 48           47          
 48           52          
 115          117         
 72           73          
 119          117         
 50           47          
 50           52          
 47           46          
 47           52          
 117          116         
 117          121         
 73           68          
 73           75          
 73           42          
 73           55          
 73           77          
 56           55          
 55           52          
 44           52          
 52           54          
 52           57          
 57           58          
 58           59          
 58           60          
 59           60          
 143          144         
 143          116         
 143          141         
 141          140         
 21           22          
 21           20          
 35           33          
 22           23          
 32           33          
 34           33          
 17           16          
 96           95          
