0       90.0196610956     0.0              
1       1.00297906452     0.005097976926   
2       1.89747609843     0.034410829284   
3       2.43112042348     0.084333177916   
4       1.00018619378     0.131208162859   
5       1.93860145688     0.172388581183   
6       1.81172558895     0.223442877308   
7       1.34964991156     0.235615479249   
8       1.00060541774     0.242121040837   
9       2.14890858997     0.298997797731   
10      1.02441934173     0.29935582645    
11      2.23469008286     0.38714551698    
12      1.05698891056     0.441392111014   
13      1.12359378904     0.481936616404   
14      2.15054343276     0.57748234749    
15      4.78546991644     0.788307708504   
16      1.00076496874     0.906233230587   
17      9.30371015732     0.90733053618    
18      2.02207885551     0.985959784798   
19      1.57128497721     1.10999651257    
20      1.5941886677      1.16760168563    
21      1.0016234351      1.21658383437    
22      3.61199993242     1.29493594779    
23      1.00225824445     1.29728260883    
24      37.5274084586     1.34239647447    
25      1.0004710278      1.3609094804     
26      1.00125538474     1.38582281144    
27      1.00217398884     1.41219896694    
28      1.0011834678      1.45191880785    
29      1.86152875803     1.45932880391    
30      1.00116702119     1.46646578435    
31      2.59712549226     1.55265108677    
32      1.16847472071     1.68474271171    
33      1.01414381713     1.70595928387    
34      4.25497071151     1.70922798122    
35      2.30113276693     1.7412355989     
36      2.61626726543     1.80484411962    
37      1.0003817668      1.91657304842    
38      4.90033872682     1.9353126311     
39      1.00058189013     1.94175976959    
40      3.25640917384     2.01063535716    
41      1.37062604422     2.11289412673    
42      3.15318190518     2.13293661936    
43      2.35501851492     2.15986854329    
44      2.67293189503     2.19971272054    
45      1.25762184559     2.20930908863    
46      2.00826290555     2.21555062276    
47      1.00071113759     2.26149889006    
48      1.791998397       2.27191954813    
49      1.00039175592     2.27743753468    
50      1.45084309357     2.28420824725    
51      1.2328763661      2.29715682775    
52      1.02410327907     2.30297741598    
53      4.0130497511      2.32448797617    
54      2.71763869999     2.33413527722    
55      1.00030443518     2.35461257251    
56      1.72139557648     2.38399976451    
57      2.51343928391     2.44547172264    
58      3.49887859074     2.51040187867    
59      3.03080321466     2.54545798356    
60      3.03753401233     2.54608940241    
61      1.01371761491     2.6149286628     
62      7.89515367753     2.64169168406    
63      1.54913142765     2.64748380976    
64      1.00383846014     2.7527996802     
65      3.60741655541     2.76935963198    
66      1.1581097887      2.77301931466    
67      1.00104029438     2.78875797252    
68      1.00118508025     2.82936015199    
69      1.68505222662     2.88639307832    
70      3.38271576195     2.89073810886    
71      3.53058200596     2.99218195114    
72      52.7461879173     3.05515493344    
73      1.26674204531     3.05807796079    
74      21.0042458019     3.09924190081    
75      1.00129795682     3.13019603022    
76      3.2223647331      3.13317710616    
77      1.33320386555     3.22129711189    
78      3.68639221706     3.33099838356    
79      1.81611580804     3.47255029595    
80      44.0842154091     3.55131116038    
81      2.64348163213     3.55228384876    
82      1.00355234412     3.6040219245     
83      1.87592433485     3.64192865985    
84      1.00126570508     3.67734405742    
85      1.36921357921     3.71236875054    
86      2.15446977229     3.72499469324    
87      1.0015598795      3.73282657147    
88      1.37871531007     3.77868144608    
89      1.00103610263     3.81280657331    
90      1.00307372679     3.86595614263    
91      2.5189683818      3.87131898965    
92      3.27705595366     3.95877700739    
93      3.68753230103     3.98419732732    
94      1.06967373472     4.00465875288    
95      1.54309803618     4.10656806058    
96      1.53826545375     4.11226749579    
97      2.50463425607     4.18049490532    
98      1.35919405341     4.23259285891    
99      1.3689300263      4.26842138454    
100     1.36791756482     4.3056734114     
101     1.956933507       4.35676843516    
102     19.5201623261     4.36099521511    
103     1.33354831379     4.40158391233    
104     1.86921294775     4.44616447996    
105     3.67943940798     4.52182192168    
106     1.85254202528     4.59874454177    
107     1.07974822737     4.66055898658    
108     2.89726961717     4.67672551872    
109     1.00014721263     4.68048444577    
110     1.65749385512     4.70425412597    
111     4.12743339064     4.71668485688    
112     1.00293674401     4.73471381248    
113     2.25890861587     4.77863852468    
114     1.00058672451     4.88579153935    
115     3.02930994212     4.89661011113    
116     1.76720654058     4.91883260917    
117     1.00029315816     4.94721050473    
118     1.19188380629     4.96426855086    
119     4.05276952549     4.96834674514    
120     1.00054386039     4.97844645068    
121     1.00152729668     4.99311083513    
122     2.19081255749     5.02715633281    
123     1.00539979331     5.06883147492    
124     1.00133117718     5.09136593732    
125     1.00066987972     5.14010578001    
126     3.80143998376     5.14063214964    
127     30.2784340762     5.17072397661    
128     1.92205507874     5.22494154635    
129     1.84239418626     5.24127024004    
130     1.00065892089     5.28718236741    
131     3.84878351861     5.28824671639    
132     1.13563798547     5.3261095642     
133     1.00083556609     5.32951476935    
134     1.38687063315     5.37980095156    
135     1.00051163294     5.4501449812     
136     3.4421380601      5.45980876055    
137     1.74509501779     5.48243273013    
138     2.78665995626     5.50343733132    
139     1.00293512878     5.51407482895    
140     2.21781640363     5.58423272859    
141     2.6818560112      5.67353505301    
142     2.69819758496     5.67802464326    
143     1.93440918598     5.78911485032    
144     2.79116953298     5.81276534366    
145     1.09778131172     5.84200816321    
146     2.73415163475     5.87090344023    
147     2.5912011481      5.92031046719    
148     1.51060856005     5.92271086999    
149     4.03490913665     5.99274874012    
150     1.84247192901     5.99294161124    
151     3.03959327134     6.06271788822    
152     1.00088811439     6.13663265511    
153     2.34164449474     6.19720055328    
154     1.71323379056     6.2407310032     
155     1.45462304608     6.26762060783    
156     3.87251377776     6.27803096695    
