 0            66          
 0            56          
 0            146         
 0            13          
 0            4           
 0            91          
 0            152         
 0            6           
 0            93          
 0            147         
 0            156         
 0            3           
 0            148         
 0            153         
 0            2           
 0            19          
 0            7           
 0            88          
 0            11          
 0            10          
 0            1           
 0            9           
 0            8           
 0            5           
 0            150         
 0            151         
 0            149         
 0            15          
 0            154         
 0            155         
 0            43          
 0            12          
 0            134         
 0            78          
 0            111         
 0            107         
 0            97          
 0            103         
 0            83          
 0            113         
 0            102         
 0            108         
 0            110         
 0            129         
 0            140         
 0            144         
 0            80          
 0            133         
 0            81          
 0            62          
 0            65          
 0            71          
 0            24          
 0            76          
 0            127         
 0            17          
 0            38          
 0            126         
 0            131         
 0            106         
 0            72          
 0            105         
 0            115         
 0            141         
 0            116         
 0            119         
 0            74          
 0            104         
 0            118         
 0            54          
 0            57          
 0            58          
 0            60          
 0            136         
 0            59          
 0            40          
 0            138         
 0            29          
 0            20          
 0            142         
 0            35          
 0            36          
 0            22          
 0            34          
 0            14          
 0            31          
 0            67          
 0            85          
 66           65          
 66           72          
 87           86          
 100          74          
 100          102         
 27           24          
 56           72          
 56           53          
 146          145         
 146          147         
 146          127         
 146          149         
 112          111         
 92           127         
 92           74          
 92           80          
 92           93          
 92           24          
 92           102         
 91           80          
 91           93          
 91           90          
 91           72          
 6            149         
 6            7           
 93           72          
 93           80          
 93           94          
 93           127         
 147          80          
 147          149         
 147          148         
 156          154         
 156          155         
 156          3           
 156          153         
 156          2           
 156          1           
 156          102         
 3            80          
 148          80          
 153          80          
 82           80          
 2            80          
 84           80          
 90           80          
 99           80          
 99           102         
 19           24          
 137          80          
 137          136         
 137          138         
 137          127         
 7            8           
 95           80          
 95           96          
 95           24          
 88           80          
 11           80          
 18           24          
 18           102         
 18           17          
 10           9           
 9            72          
 5            72          
 150          127         
 150          149         
 151          127         
 151          72          
 151          149         
 149          127         
 15           72          
 15           24          
 15           74          
 15           17          
 73           72          
 73           24          
 73           74          
 69           43          
 69           72          
 69           74          
 69           70          
 154          80          
 98           80          
 98           102         
 155          62          
 44           43          
 44           127         
 44           74          
 44           46          
 44           105         
 44           45          
 44           72          
 43           72          
 43           42          
 42           41          
 42           72          
 42           74          
 42           46          
 42           111         
 42           127         
 134          127         
 78           80          
 78           72          
 78           24          
 78           74          
 111          108         
 111          72          
 111          110         
 111          109         
 111          127         
 111          113         
 111          102         
 107          108         
 97           24          
 97           74          
 97           102         
 109          108         
 103          102         
 83           80          
 83           72          
 113          72          
 113          127         
 102          106         
 102          72          
 102          131         
 102          115         
 102          101         
 102          24          
 102          96          
 102          119         
 102          74          
 102          104         
 102          105         
 102          141         
 102          70          
 102          127         
 102          17          
 102          126         
 102          86          
 108          72          
 108          110         
 108          53          
 108          127         
 110          72          
 101          127         
 101          24          
 128          80          
 128          129         
 128          24          
 128          127         
 47           48          
 132          133         
 132          131         
 132          127         
 96           127         
 63           127         
 63           62          
 63           24          
 129          127         
 129          131         
 140          127         
 140          72          
 130          131         
 130          127         
 144          145         
 144          127         
 144          143         
 144          72          
 80           60          
 80           72          
 80           59          
 80           40          
 80           105         
 80           131         
 80           126         
 80           138         
 80           136         
 80           89          
 80           94          
 80           35          
 80           36          
 80           74          
 80           81          
 80           77          
 80           65          
 80           71          
 80           34          
 80           24          
 80           41          
 80           76          
 80           17          
 80           38          
 80           62          
 80           85          
 80           86          
 80           57          
 80           58          
 80           79          
 81           72          
 81           24          
 62           60          
 62           72          
 62           74          
 62           65          
 62           58          
 62           61          
 62           71          
 62           22          
 62           24          
 62           70          
 62           59          
 65           72          
 65           74          
 65           67          
 65           64          
 65           24          
 71           72          
 71           74          
 71           24          
 143          127         
 143          72          
 24           60          
 24           72          
 24           59          
 24           26          
 24           28          
 24           33          
 24           25          
 24           21          
 24           32          
 24           29          
 24           20          
 24           30          
 24           74          
 24           14          
 24           61          
 24           22          
 24           34          
 24           70          
 24           76          
 24           64          
 24           23          
 24           31          
 24           17          
 24           38          
 24           58          
 76           72          
 76           74          
 76           75          
 127          106         
 127          136         
 127          131         
 127          122         
 127          125         
 127          138         
 127          123         
 127          121         
 127          124         
 127          116         
 127          119         
 127          115         
 127          142         
 127          104         
 127          105         
 127          118         
 127          141         
 127          70          
 127          53          
 127          126         
 127          79          
 17           72          
 17           74          
 17           38          
 17           16          
 38           72          
 38           74          
 38           40          
 38           39          
 38           37          
 126          53          
 126          125         
 126          72          
 131          72          
 72           60          
 72           59          
 72           40          
 72           122         
 72           53          
 72           50          
 72           75          
 72           70          
 72           52          
 72           68          
 72           48          
 72           115         
 72           142         
 72           35          
 72           36          
 72           74          
 72           22          
 72           54          
 72           34          
 72           49          
 72           77          
 72           86          
 72           57          
 72           58          
 72           79          
 121          119         
 51           46          
 51           54          
 51           50          
 51           52          
 105          119         
 117          119         
 115          114         
 115          116         
 115          119         
 50           49          
 50           48          
 50           53          
 141          142         
 120          119         
 75           74          
 116          119         
 52           53          
 48           49          
 48           53          
 48           54          
 119          122         
 119          118         
 74           45          
 74           77          
 74           54          
 74           70          
 74           31          
 45           46          
 55           54          
 54           53          
 46           53          
 53           40          
 53           57          
 57           58          
 58           60          
 58           59          
 60           59          
 136          135         
 136          122         
 136          138         
 138          139         
 28           29          
 33           34          
 32           34          
 29           30          
 35           34          
 36           34          
 22           23          
 85           86          
