0       100.643987081     0.0              
1       1.7738959898      0.032477624004   
2       1.50222886884     0.047738036393   
3       1.83298307433     0.065358217567   
4       1.00128322583     0.120165448623   
5       1.00044283247     0.155473596743   
6       1.0007728574      0.223430144069   
7       2.95890503519     0.234263883383   
8       2.00468794666     0.258892589085   
9       1.00056152705     0.331903108758   
10      1.00196815864     0.37632376189    
11      4.27123656187     0.563479155195   
12      11.7076578643     0.695756161109   
13      1.00319009385     0.703991196154   
14      4.07059720516     0.852687339203   
15      1.52986813256     0.995027348967   
16      1.49350827051     1.05340999862    
17      1.44618052918     1.10663905706    
18      1.43112196677     1.14976241785    
19      1.00167756249     1.21545993878    
20      2.39571419485     1.22424886972    
21      1.0008683526      1.23610688575    
22      1.34066262331     1.30013373083    
23      1.0005061557      1.41578674427    
24      4.9826803309      1.41712448337    
25      41.0792095653     1.42902332067    
26      1.00082124048     1.50654253046    
27      1.000598443       1.53922575882    
28      1.00159823677     1.57344633853    
29      2.8529144296      1.65152880689    
30      1.00217372983     1.8363135707     
31      6.58804776044     1.8469918896     
32      1.00128354429     1.86556256961    
33      1.96512930275     1.9980459289     
34      2.48516242395     2.07386188072    
35      2.62787118598     2.16219123588    
36      1.00011387068     2.21225870598    
37      1.90849078502     2.21902230292    
38      1.00606872651     2.2393715168     
39      1.09314962424     2.24362853819    
40      1.27280180242     2.24712119074    
41      1.00166195171     2.25069586033    
42      1.71129427565     2.26337891535    
43      1.13071792557     2.26548813893    
44      1.00002480871     2.27873407801    
45      4.99005656505     2.31209216804    
46      1.80592868164     2.32493850812    
47      2.2611913547      2.38140630334    
48      1.00306885422     2.38477087448    
49      2.05404262198     2.44207719094    
50      2.90379543072     2.48920852594    
51      2.51536229065     2.51642919479    
52      2.97001102546     2.52156293713    
53      2.05630952087     2.59845185159    
54      8.05891679502     2.6150297797     
55      1.6391844267      2.64548019716    
56      2.41755065205     2.7031906067     
57      1.42940970407     2.75135445758    
58      1.00234012994     2.77228940046    
59      4.12553405461     2.77788266293    
60      1.0043812543      2.79174841114    
61      1.47054836931     2.81553522504    
62      3.16910886262     2.87221199518    
63      1.47671501879     2.8785804872     
64      2.76640799356     2.95617010431    
65      61.8204300079     2.96171318283    
66      1.22484778882     3.02612239959    
67      1.8725019954      3.03835529716    
68      1.14463686353     3.04690641614    
69      6.72246720214     3.14335470916    
70      27.7857093124     3.1685286971     
71      5.10162683908     3.38128743894    
72      2.11126049413     3.52298752152    
73      2.2607987131      3.60691428909    
74      1.00184388026     3.66477124791    
75      44.8444065633     3.67610954182    
76      1.67456767745     3.70337463656    
77      1.00163519092     3.73688440193    
78      1.00005120841     3.76143169917    
79      1.18880644797     3.79351318836    
80      1.27525455447     3.84672183616    
81      2.54327941008     3.85824312357    
82      1.00005502526     3.86989698646    
83      1.00277060325     3.9105456048     
84      1.00163837672     3.9539566338     
85      1.78556516376     3.95413382244    
86      1.34064556718     4.02156006781    
87      2.52984430729     4.03148965354    
88      2.52486049794     4.07376995219    
89      1.35819712769     4.08255710422    
90      1.34831320429     4.15956866973    
91      1.34519785873     4.16322432646    
92      1.00004548308     4.22385467367    
93      3.24318423557     4.22864798913    
94      1.55095817207     4.29358245199    
95      1.09187958058     4.32292151984    
96      1.05037944387     4.34546618755    
97      1.95950467069     4.37768811688    
98      14.4119904211     4.40861752883    
99      1.48730034917     4.41658348057    
100     1.04213016828     4.44388504293    
101     2.5017961478      4.48720005769    
102     1.59401295008     4.54262784689    
103     1.00172216608     4.60622148097    
104     3.71788439206     4.62213194393    
105     1.00110044389     4.62986279889    
106     1.4375132316      4.65087170691    
107     3.31563692117     4.65647770261    
108     1.00005311681     4.67620345593    
109     2.22625910658     4.76148956697    
110     2.31400072613     4.82571855222    
111     1.00190792949     4.90250354098    
112     2.77409378802     4.91714302071    
113     1.00008651509     4.9261154601     
114     2.0420751695      4.93636908802    
115     1.00403024026     4.96942438912    
116     1.00044283247     4.9843432511     
117     1.00027452032     5.00017740825    
118     4.34626132134     5.00100600505    
119     1.00133895866     5.01434950322    
120     1.11661623778     5.03103641288    
121     2.77470088933     5.06928387941    
122     1.00079131908     5.11256958899    
123     2.90005830035     5.15668089932    
124     29.209297209      5.17862701118    
125     3.09630978116     5.1947178929     
126     1.13947272086     5.20555481552    
127     1.00050679213     5.24049557225    
128     1.52206818835     5.26734697717    
129     1.00155746128     5.2950015124     
130     4.01320213611     5.34395463684    
131     1.54894388972     5.38290449131    
132     1.00041960436     5.38844738258    
133     1.00161830655     5.44574246382    
134     1.59348931963     5.46720134204    
135     3.19119517906     5.4695068073     
136     1.49209243303     5.50027761552    
137     2.27666702177     5.51637580014    
138     1.00004802765     5.52565327549    
139     2.00232128451     5.59643922342    
140     2.38650673751     5.61709478406    
141     2.07882628601     5.64233393621    
142     1.63566958898     5.71724283201    
143     3.11640953034     5.74529453195    
144     1.00276709491     5.7616769674     
145     2.21909572357     5.77131340774    
146     2.51235199195     5.83481538122    
147     1.56746262386     5.84030116017    
148     2.28828446899     5.90506503508    
149     2.65793632723     5.92541087841    
150     1.00266663496     5.93758778718    
151     1.00048197151     6.02671072273    
152     2.25172802256     6.1036535662     
153     1.69123761228     6.15469812514    
154     3.69335671726     6.18117146521    
155     1.564555337       6.1909193214     
156     1.0957411926      6.2149993743     
157     1.00004262046     6.26603681761    
