 0            47          
 0            145         
 0            5           
 0            99          
 0            101         
 0            87          
 0            151         
 0            150         
 0            88          
 0            146         
 0            154         
 0            155         
 0            147         
 0            153         
 0            10          
 0            86          
 0            16          
 0            7           
 0            79          
 0            11          
 0            2           
 0            157         
 0            3           
 0            6           
 0            1           
 0            8           
 0            148         
 0            149         
 0            14          
 0            29          
 0            85          
 0            152         
 0            67          
 0            9           
 0            129         
 0            34          
 0            104         
 0            108         
 0            97          
 0            102         
 0            57          
 0            128         
 0            98          
 0            107         
 0            106         
 0            125         
 0            141         
 0            143         
 0            75          
 0            132         
 0            53          
 0            54          
 0            59          
 0            64          
 0            25          
 0            62          
 0            124         
 0            12          
 0            31          
 0            93          
 0            130         
 0            123         
 0            65          
 0            121         
 0            112         
 0            140         
 0            114         
 0            118         
 0            70          
 0            110         
 0            73          
 0            49          
 0            50          
 0            51          
 0            135         
 0            52          
 0            46          
 0            137         
 0            18          
 0            20          
 0            15          
 0            139         
 0            56          
 0            109         
 0            55          
 0            24          
 0            22          
 0            4           
 0            17          
 0            60          
 0            120         
 0            80          
 0            81          
 61           65          
 61           59          
 61           25          
 61           69          
 82           81          
 96           70          
 96           98          
 48           47          
 48           25          
 47           124         
 47           70          
 47           45          
 47           65          
 145          144         
 145          146         
 145          124         
 145          143         
 103          31          
 103          104         
 99           66          
 99           98          
 101          75          
 101          124         
 101          25          
 101          98          
 87           65          
 87           75          
 87           88          
 87           124         
 87           86          
 150          149         
 88           65          
 88           75          
 88           89          
 88           124         
 146          75          
 146          149         
 146          147         
 154          75          
 154          85          
 154          152         
 154          155         
 154          156         
 154          153         
 155          75          
 147          75          
 156          75          
 77           75          
 153          75          
 86           75          
 74           75          
 16           25          
 136          75          
 136          135         
 136          137         
 136          124         
 7            124         
 7            6           
 7            12          
 7            8           
 90           75          
 90           91          
 90           25          
 78           75          
 79           75          
 11           65          
 11           25          
 11           98          
 11           12          
 2            3           
 2            1           
 3            65          
 1            65          
 8            124         
 148          124         
 148          65          
 148          149         
 149          65          
 14           65          
 14           25          
 14           70          
 14           12          
 29           65          
 29           25          
 29           70          
 66           67          
 66           65          
 66           70          
 85           75          
 85           84          
 100          75          
 100          98          
 152          54          
 69           67          
 69           130         
 69           106         
 69           12          
 69           121         
 69           35          
 69           124         
 69           65          
 69           70          
 67           65          
 67           70          
 67           68          
 68           65          
 68           104         
 68           70          
 129          124         
 34           65          
 34           25          
 34           70          
 104          107         
 104          65          
 104          106         
 104          105         
 104          124         
 104          25          
 104          98          
 108          107         
 97           25          
 97           70          
 97           98          
 105          107         
 102          124         
 102          98          
 57           75          
 57           59          
 57           65          
 128          124         
 128          65          
 98           123         
 98           65          
 98           130         
 98           112         
 98           94          
 98           25          
 98           91          
 98           95          
 98           118         
 98           70          
 98           110         
 98           140         
 98           71          
 98           124         
 98           12          
 98           93          
 107          65          
 107          106         
 107          143         
 107          45          
 107          124         
 94           75          
 94           124         
 126          125         
 126          124         
 126          70          
 44           42          
 131          132         
 131          130         
 131          124         
 131          70          
 91           124         
 33           124         
 33           54          
 33           25          
 125          123         
 125          124         
 125          130         
 125          81          
 125          25          
 141          75          
 141          124         
 141          140         
 127          124         
 143          65          
 143          144         
 143          124         
 143          142         
 75           51          
 75           123         
 75           65          
 75           52          
 75           46          
 75           121         
 75           130         
 75           93          
 75           137         
 75           135         
 75           83          
 75           89          
 75           84          
 75           56          
 75           109         
 75           70          
 75           53          
 75           54          
 75           59          
 75           64          
 75           24          
 75           25          
 75           71          
 75           72          
 75           62          
 75           124         
 75           12          
 75           95          
 75           31          
 75           73          
 75           80          
 75           81          
 75           49          
 75           50          
 75           76          
 53           65          
 53           25          
 53           54          
 54           51          
 54           56          
 54           65          
 54           70          
 54           59          
 54           50          
 54           31          
 54           64          
 54           55          
 54           25          
 54           71          
 54           52          
 59           62          
 59           56          
 59           65          
 59           70          
 59           60          
 59           58          
 59           25          
 64           65          
 64           70          
 64           25          
 142          124         
 142          65          
 25           51          
 25           65          
 25           52          
 25           26          
 25           21          
 25           111         
 25           18          
 25           28          
 25           23          
 25           20          
 25           15          
 25           19          
 25           70          
 25           22          
 25           35          
 25           27          
 25           55          
 25           24          
 25           71          
 25           62          
 25           58          
 25           17          
 25           12          
 25           31          
 25           45          
 25           50          
 62           65          
 62           70          
 62           63          
 62           124         
 124          123         
 124          135         
 124          130         
 124          134         
 124          137         
 124          116         
 124          117         
 124          122         
 124          110         
 124          114         
 124          118         
 124          112         
 124          109         
 124          121         
 124          120         
 124          140         
 124          71          
 124          72          
 124          93          
 124          76          
 12           65          
 12           70          
 12           31          
 12           13          
 31           65          
 31           70          
 31           32          
 31           30          
 93           45          
 93           92          
 93           65          
 89           65          
 130          65          
 123          118         
 65           51          
 65           52          
 65           46          
 65           134         
 65           45          
 65           110         
 65           135         
 65           121         
 65           40          
 65           133         
 65           63          
 65           114         
 65           71          
 65           43          
 65           42          
 65           112         
 65           139         
 65           56          
 65           109         
 65           70          
 65           35          
 65           55          
 65           37          
 65           24          
 65           72          
 65           41          
 65           60          
 65           73          
 65           81          
 65           49          
 65           50          
 65           76          
 117          118         
 38           39          
 38           37          
 38           40          
 38           43          
 121          118         
 115          118         
 112          113         
 112          111         
 112          114         
 112          118         
 40           41          
 40           39          
 40           45          
 40           42          
 140          139         
 119          118         
 113          114         
 116          118         
 63           70          
 63           45          
 114          118         
 43           42          
 43           45          
 42           41          
 42           45          
 42           37          
 118          134         
 118          120         
 70           52          
 70           35          
 70           20          
 70           139         
 70           73          
 70           37          
 70           24          
 70           71          
 70           72          
 70           45          
 35           39          
 36           37          
 37           45          
 41           39          
 39           45          
 45           46          
 45           49          
 49           50          
 50           51          
 50           52          
 51           52          
 135          133         
 135          134         
 135          137         
 137          138         
 21           20          
 23           24          
 20           19          
 56           24          
 80           81          
