 0            54          
 0            148         
 0            158         
 0            11          
 0            95          
 0            92          
 0            5           
 0            150         
 0            93          
 0            147         
 0            155         
 0            154         
 0            112         
 0            156         
 0            13          
 0            91          
 0            96          
 0            18          
 0            12          
 0            17          
 0            83          
 0            39          
 0            2           
 0            4           
 0            1           
 0            52          
 0            3           
 0            145         
 0            152         
 0            151         
 0            28          
 0            153         
 0            14          
 0            157         
 0            76          
 0            144         
 0            129         
 0            15          
 0            109         
 0            110         
 0            99          
 0            102         
 0            67          
 0            111         
 0            100         
 0            108         
 0            106         
 0            137         
 0            138         
 0            125         
 0            82          
 0            159         
 0            64          
 0            62          
 0            69          
 0            61          
 0            26          
 0            146         
 0            126         
 0            32          
 0            36          
 0            104         
 0            128         
 0            118         
 0            75          
 0            101         
 0            121         
 0            143         
 0            50          
 0            120         
 0            116         
 0            78          
 0            119         
 0            79          
 0            42          
 0            80          
 0            81          
 0            47          
 0            51          
 0            53          
 0            58          
 0            59          
 0            134         
 0            57          
 0            56          
 0            132         
 0            20          
 0            31          
 0            142         
 0            9           
 0            6           
 0            60          
 0            65          
 0            8           
 0            29          
 0            22          
 0            70          
 0            10          
 0            87          
 71           69          
 71           75          
 71           73          
 85           75          
 85           86          
 98           78          
 98           100         
 55           54          
 55           26          
 55           78          
 54           75          
 54           78          
 54           51          
 148          149         
 148          147         
 148          126         
 148          151         
 34           36          
 11           82          
 11           8           
 11           10          
 11           12          
 95           82          
 95           93          
 95           126         
 95           100         
 92           75          
 92           78          
 92           82          
 92           93          
 92           126         
 92           91          
 150          151         
 93           75          
 93           78          
 93           82          
 93           94          
 93           126         
 147          82          
 155          126         
 155          82          
 155          153         
 155          157         
 155          154         
 155          156         
 154          82          
 112          82          
 112          126         
 156          82          
 84           82          
 89           82          
 96           82          
 96           100         
 18           26          
 133          82          
 133          134         
 133          132         
 133          126         
 12           126         
 12           32          
 17           82          
 17           26          
 141          82          
 141          140         
 83           82          
 39           75          
 39           40          
 39           32          
 39           26          
 39           100         
 2            1           
 2            3           
 1            75          
 52           126         
 52           51          
 3            75          
 145          146         
 145          126         
 145          143         
 145          151         
 152          126         
 152          75          
 152          151         
 151          75          
 28           75          
 28           26          
 28           78          
 28           27          
 66           75          
 66           26          
 66           78          
 77           76          
 77           80          
 77           75          
 77           78          
 77           32          
 153          82          
 14           82          
 14           15          
 14           100         
 157          62          
 73           76          
 73           75          
 73           106         
 73           47          
 73           72          
 73           62          
 73           126         
 73           74          
 73           78          
 76           75          
 76           78          
 76           40          
 144          143         
 40           42          
 40           109         
 40           78          
 129          126         
 15           75          
 15           78          
 15           47          
 15           126         
 15           26          
 109          108         
 109          8           
 109          75          
 109          106         
 109          110         
 109          107         
 109          126         
 109          111         
 109          100         
 110          108         
 99           81          
 99           26          
 99           78          
 99           100         
 107          108         
 102          126         
 102          100         
 67           82          
 67           69          
 67           75          
 111          75          
 111          126         
 100          75          
 100          128         
 100          121         
 100          97          
 100          26          
 100          140         
 100          116         
 100          78          
 100          101         
 100          143         
 100          80          
 100          126         
 100          36          
 100          104         
 108          75          
 108          106         
 108          51          
 108          126         
 108          78          
 106          75          
 97           82          
 97           126         
 137          82          
 137          138         
 137          126         
 137          78          
 43           44          
 127          128         
 127          126         
 127          78          
 140          138         
 140          126         
 63           126         
 63           62          
 63           26          
 138          126         
 138          128         
 138          86          
 138          139         
 138          26          
 139          82          
 139          143         
 139          126         
 130          126         
 125          126         
 125          124         
 125          75          
 82           59          
 82           118         
 82           75          
 82           57          
 82           56          
 82           101         
 82           128         
 82           104         
 82           132         
 82           134         
 82           94          
 82           90          
 82           88          
 82           9           
 82           6           
 82           78          
 82           64          
 82           62          
 82           69          
 82           61          
 82           65          
 82           8           
 82           26          
 82           80          
 82           81          
 82           146         
 82           126         
 82           32          
 82           36          
 82           79          
 82           87          
 82           86          
 82           53          
 82           58          
 82           74          
 64           75          
 64           26          
 64           62          
 62           59          
 62           75          
 62           78          
 62           69          
 62           58          
 62           36          
 62           60          
 62           61          
 62           20          
 62           65          
 62           26          
 62           80          
 62           57          
 69           146         
 69           9           
 69           75          
 69           78          
 69           70          
 69           142         
 69           68          
 69           26          
 61           75          
 61           78          
 61           26          
 124          126         
 124          75          
 26           59          
 26           75          
 26           57          
 26           72          
 26           25          
 26           24          
 26           27          
 26           21          
 26           50          
 26           30          
 26           16          
 26           7           
 26           20          
 26           31          
 26           19          
 26           78          
 26           29          
 26           60          
 26           65          
 26           8           
 26           80          
 26           81          
 26           146         
 26           68          
 26           23          
 26           22          
 26           32          
 26           36          
 26           51          
 26           53          
 26           58          
 146          75          
 146          78          
 146          50          
 146          126         
 126          118         
 126          134         
 126          57          
 126          128         
 126          136         
 126          132         
 126          117         
 126          149         
 126          103         
 126          123         
 126          119         
 126          16          
 126          120         
 126          116         
 126          121         
 126          142         
 126          115         
 126          6           
 126          101         
 126          10          
 126          143         
 126          80          
 126          81          
 126          51          
 126          104         
 126          86          
 126          74          
 32           29          
 32           75          
 32           78          
 32           149         
 32           36          
 32           30          
 32           31          
 32           33          
 36           75          
 36           78          
 36           38          
 36           35          
 36           37          
 104          103         
 104          51          
 104          105         
 104          75          
 128          75          
 128          120         
 118          116         
 75           59          
 75           57          
 75           56          
 75           136         
 75           51          
 75           134         
 75           101         
 75           46          
 75           135         
 75           50          
 75           120         
 75           80          
 75           49          
 75           44          
 75           20          
 75           121         
 75           142         
 75           9           
 75           6           
 75           78          
 75           72          
 75           65          
 75           42          
 75           8           
 75           81          
 75           45          
 75           31          
 75           47          
 75           70          
 75           79          
 75           86          
 75           53          
 75           58          
 75           74          
 103          116         
 48           47          
 48           42          
 48           46          
 48           49          
 114          116         
 121          122         
 121          120         
 121          116         
 46           45          
 46           47          
 46           51          
 46           44          
 143          142         
 113          116         
 117          116         
 50           78          
 50           51          
 50           49          
 120          119         
 120          116         
 49           44          
 49           51          
 44           45          
 44           51          
 44           42          
 116          136         
 116          10          
 116          115         
 78           57          
 78           72          
 78           16          
 78           142         
 78           79          
 78           65          
 78           42          
 78           8           
 78           80          
 78           81          
 78           47          
 78           51          
 78           74          
 72           47          
 41           42          
 42           51          
 80           81          
 80           51          
 45           47          
 47           51          
 51           56          
 51           53          
 53           58          
 58           59          
 58           57          
 59           57          
 134          135         
 134          136         
 134          132         
 57           56          
 132          131         
 21           20          
 7            8           
 20           19          
 9            8           
 6            8           
 87           86          
