0       98.4667539457     0.0              
1       1.55577378431     0.005635956273   
2       1.33140751539     0.020192482702   
3       1.57375514577     0.034242488375   
4       1.0012023956      0.087154526614   
5       1.00018510458     0.124185407064   
6       3.34172089855     0.206389325268   
7       1.00027875509     0.298762981824   
8       5.93196553891     0.306102570565   
9       3.06749070675     0.360770485005   
10      2.18559309175     0.48564723204    
11      2.63005092161     0.509895438601   
12      2.42767227421     0.556316333772   
13      1.00078871522     0.645307068342   
14      2.72748649846     0.793948533364   
15      5.19060470584     0.838424988044   
16      2.21432684838     1.04496374161    
17      2.11281107852     1.14163861139    
18      1.31385457874     1.21203245045    
19      1.00148893767     1.2837891206     
20      2.79497162257     1.29561530354    
21      1.00053401288     1.30531615909    
22      1.11298368689     1.35181195567    
23      1.00220736059     1.38419819995    
24      1.00037644634     1.41045226616    
25      1.00349827408     1.43889120636    
26      32.4060301702     1.4426126827     
27      1.00035566673     1.49358683432    
28      2.46556430204     1.49534177426    
29      1.51982370946     1.60963382915    
30      1.00094758798     1.65182953603    
31      1.96294941755     1.69159731385    
32      7.90482294756     1.69609289621    
33      1.00038916235     1.73672466174    
34      1.0001435538      1.88488001664    
35      1.00053370267     1.90892973448    
36      5.23509990945     1.91060864948    
37      1.00130793786     1.93173047137    
38      1.00153830693     1.95360430337    
39      2.73883262425     2.05986468054    
40      2.17082953862     2.1009349938     
41      1.00026076854     2.15532727106    
42      2.67930525493     2.15796042998    
43      1.00160289431     2.20076134022    
44      1.87611839729     2.21025546789    
45      1.06992930329     2.22695960487    
46      1.47653766642     2.23615749749    
47      2.53379338486     2.24643846443    
48      1.12006982134     2.24826044112    
49      1.61183071118     2.28249787365    
50      2.34618063971     2.30499413633    
51      6.40808014048     2.33400831933    
52      1.26320832698     2.34817292416    
53      2.38579670182     2.39700115051    
54      1.8100790903      2.45038825091    
55      1.23424292783     2.45406216486    
56      2.03112244091     2.51557681679    
57      3.8365762873      2.58334423807    
58      2.95028171906     2.60103894614    
59      2.53329932207     2.61231348023    
60      1.29789924366     2.69420955365    
61      2.45161088314     2.74921864399    
62      8.91136088186     2.77423908405    
63      1.13943042471     2.79583652986    
64      2.00186862849     2.83998716343    
65      2.55646225582     2.90878897312    
66      1.29264187359     2.9794022733     
67      1.42492358367     3.03271185075    
68      1.00021673388     3.05926252652    
69      4.93319325329     3.07178529253    
70      1.00143553464     3.08760521842    
71      1.01934358585     3.12324929935    
72      1.64544186171     3.1775824045     
73      3.94150216841     3.1992105599     
74      1.6599272792      3.22905577399    
75      56.1479018558     3.24249907828    
76      2.13186955993     3.29730516241    
77      1.68129817822     3.31072842472    
78      29.7983520027     3.40527177019    
79      1.61474868453     3.406528686      
80      7.882704287       3.59322175038    
81      5.26039576096     3.69445083628    
82      41.8077833242     3.79932094973    
83      1.00099972359     3.86281009634    
84      1.00015068555     3.89508529929    
85      1.00162463134     3.94178918133    
86      2.04463600746     3.95089115334    
87      1.01626414591     3.96204467484    
88      1.00004526527     4.00378465348    
89      1.00010262492     4.03579353512    
90      1.00063886419     4.06866598315    
91      1.00193552306     4.13699057726    
92      2.63600921178     4.13919735993    
93      2.97768375742     4.19958689912    
94      1.00120549963     4.19970374531    
95      2.03352619568     4.24754308585    
96      1.35852060352     4.32531939471    
97      1.27041367061     4.36409454165    
98      1.00073069568     4.39366786364    
99      1.98355964695     4.42357973999    
100     11.2585491667     4.42558588052    
101     2.02243223218     4.47950318925    
102     1.27752187794     4.52332818895    
103     1.07075059907     4.57088103161    
104     2.54413498844     4.57685320157    
105     1.00018355414     4.59080349474    
106     1.54496187652     4.65363210459    
107     1.00292287855     4.67642478958    
108     2.47032190702     4.67726733677    
109     3.23066625206     4.68204492293    
110     1.00019099624     4.69224040864    
111     1.50763136667     4.72683821055    
112     1.35121513503     4.76843208464    
113     1.00114962867     4.80407541655    
114     1.00043816727     4.82241034439    
115     1.00271239736     4.84179707521    
116     4.29354984319     4.84889005107    
117     1.00000744073     4.85894519028    
118     1.51198689435     4.88523558366    
119     1.00504227399     4.93809575268    
120     2.37196009325     4.94490223066    
121     2.44960815431     4.97240359253    
122     1.00222196421     4.98007555625    
123     1.00129614142     5.02315566148    
124     1.01334259854     5.05827561982    
125     1.45977389257     5.05884749205    
126     32.2493782775     5.09459812022    
127     1.18481569838     5.12516819268    
128     3.59873347611     5.12757327681    
129     1.00031845069     5.19003636779    
130     1.00029922296     5.21596723443    
131     1.00029488127     5.25294100256    
132     1.85910015079     5.26232577418    
133     1.1628290674      5.27372876418    
134     2.55358998258     5.29282169424    
135     1.0011968084      5.29994444341    
136     1.52100402678     5.32120913973    
137     2.12659582886     5.3811188418     
138     3.10285283916     5.41453029907    
139     1.51460765721     5.42406562252    
140     1.39602205684     5.45897735495    
141     1.00049430873     5.46229286567    
142     2.96450430792     5.5475726101     
143     3.23401834524     5.58898016694    
144     1.00035411603     5.59822786899    
145     2.96605980433     5.72870405785    
146     5.48933133533     5.76434008688    
147     1.45851040444     5.91660546916    
148     2.01333036117     5.93728874332    
149     1.21596867364     5.94376546786    
150     1.00274410659     5.98507939794    
151     2.49307286877     5.9910799368     
152     2.09770199751     6.02206177973    
153     1.58595898883     6.09431467169    
154     1.21190779243     6.12260717965    
155     2.86394802953     6.13386729521    
156     1.2310168084      6.1444622863     
157     1.67112039637     6.17513516093    
158     1.00236521552     6.21702807887    
159     1.00190011193     6.24598477505    
