0       96.2912797684     0.0              
1       1.00236587989     0.000147181266   
2       1.00014657619     0.030511274852   
3       1.00088687229     0.059752409114   
4       1.00178227577     0.088872203099   
5       1.00175549233     0.120294279041   
6       6.32880313753     0.241693353811   
7       4.43759522692     0.245472504233   
8       2.00582211713     0.441367768057   
9       3.25003655768     0.598005332641   
10      6.29028442301     0.66610381813    
11      1.16438968982     0.678000782898   
12      2.65814987853     0.875829252002   
13      1.68847777444     0.960265606601   
14      2.35524239527     1.02428233999    
15      3.14802483423     1.11748103553    
16      1.38556553907     1.18161311708    
17      2.12453525533     1.2315850879     
18      1.00144059907     1.26696364334    
19      1.00005830575     1.29292746659    
20      1.00069409117     1.31750449033    
21      1.00101745581     1.36575148177    
22      31.8590625429     1.37156645239    
23      3.04004903011     1.37451906581    
24      1.00237492067     1.38523783146    
25      1.00005057443     1.43395595274    
26      1.00446650046     1.46270423576    
27      1.77599855952     1.50793794365    
28      2.12286744273     1.55611677481    
29      1.38679748569     1.59467152436    
30      1.00056870665     1.61815835813    
31      8.30256210593     1.63799899148    
32      1.00031411812     1.63898843904    
33      2.65003819922     1.67847795814    
34      2.17531811045     1.73634715866    
35      1.88577526042     1.79576269869    
36      1.00208307349     1.88680086319    
37      4.8665944062      1.90604265979    
38      1.00022679947     1.90720737665    
39      1.001422857       1.92683191944    
40      2.50884712048     2.0222750356     
41      1.55532480873     2.08181566099    
42      1.10602651324     2.08273058166    
43      1.00128673744     2.14675218364    
44      3.10647905965     2.15307685833    
45      1.00027029672     2.20023178728    
46      1.45964966362     2.21297438892    
47      1.00026481921     2.21710819749    
48      1.15032226551     2.21752614734    
49      1.74582840648     2.22137383255    
50      1.05588061783     2.23477331951    
51      1.34456455136     2.25554909691    
52      1.0011487014      2.28264505491    
53      7.19051545086     2.29273202721    
54      1.46793045296     2.3113176875     
55      1.98478636872     2.34895526934    
56      2.03401343722     2.39911561719    
57      2.20517836092     2.45563509438    
58      2.80617364876     2.49421755744    
59      2.94229496291     2.53723006415    
60      3.46146738124     2.54482431767    
61      1.00074824665     2.61532638927    
62      8.83652836192     2.65982231831    
63      3.02241288074     2.67521231014    
64      53.5173186427     2.74223820749    
65      2.48643907478     2.75171585686    
66      1.89478453337     2.83459763278    
67      1.26040112535     2.86924589952    
68      1.15256401435     2.88979360214    
69      1.1011789978      2.91187266399    
70      5.27941103125     2.91241195411    
71      1.63083480971     2.9368695101     
72      1.00121965212     2.95988558854    
73      1.17361992819     3.00833968236    
74      1.77283601649     3.01921761351    
75      1.14392673692     3.02824323289    
76      2.66726911461     3.10728968234    
77      2.04301741114     3.13036530739    
78      5.04356183857     3.20170927079    
79      3.28095550747     3.25595233846    
80      1.00121513693     3.34384293303    
81      2.11808744667     3.40351986142    
82      33.2725196303     3.44689265559    
83      8.26650365169     3.60791827221    
84      5.22959004099     3.63225078967    
85      46.4378867497     3.76472502035    
86      2.22819031164     3.79623360741    
87      1.00007827866     3.83807971198    
88      1.00266039328     3.86260524099    
89      1.00024548698     3.88712421614    
90      1.00030412924     3.91083697127    
91      1.00235038158     3.93379041341    
92      1.00250925061     3.96016427505    
93      1.29135398919     3.98910716128    
94      1.44542765963     4.05300035416    
95      3.51007106777     4.06187373643    
96      1.0004629962      4.13017174054    
97      3.85020035252     4.13924248802    
98      2.7113263373      4.20972087205    
99      1.23624857985     4.28237280124    
100     1.47797113919     4.31070641135    
101     5.87040367558     4.33756268485    
102     1.41410674191     4.33835701426    
103     1.00001771686     4.35952115544    
104     2.94445763753     4.39921169118    
105     2.4896577162      4.47597982712    
106     3.4562897867      4.50105943929    
107     2.9387268508      4.59168002844    
108     2.07893000249     4.59892318163    
109     1.71545834338     4.69987641969    
110     3.34050493931     4.71040662106    
111     1.0009410382      4.72518822621    
112     3.72081925964     4.73218158321    
113     1.05827438604     4.75337231439    
114     1.66815924802     4.83671520209    
115     1.31655683321     4.86470735541    
116     1.0004697639      4.88074898946    
117     3.42061650191     4.89130896414    
118     1.00148640731     4.89415428129    
119     1.00050650373     4.90902745341    
120     1.00036664185     4.93624587521    
121     2.29732537781     4.9429725832     
122     2.28971802958     4.96289279929    
123     3.195259161       5.04965746408    
124     1.00030574033     5.05028850843    
125     29.1435124093     5.11895643185    
126     2.70295138261     5.12662333974    
127     1.00058836747     5.12726412126    
128     1.00069538057     5.1762011419     
129     1.00021036767     5.20195430495    
130     1.2367807198      5.23024868545    
131     1.17765268024     5.25799048082    
132     1.00071053091     5.2965358677     
133     2.45297887472     5.30468757493    
134     1.52256390865     5.31972590465    
135     3.50734833923     5.34575358135    
136     1.00068216447     5.34898070842    
137     1.48893445916     5.37287444408    
138     2.08531301843     5.43837928114    
139     1.00145608331     5.49553298598    
140     1.75664917238     5.50164119561    
141     1.52689878874     5.51617824768    
142     2.07415406235     5.56111085192    
143     1.03319911962     5.63464043833    
144     3.79186102795     5.64699729773    
145     1.00422030104     5.65607441183    
146     2.9685798088      5.70943192618    
147     2.05443830184     5.85268198802    
148     2.72598879802     5.86316612502    
149     1.73563608604     5.93837256666    
150     2.13088600018     5.95475518936    
151     1.74258149677     5.97346649676    
152     1.95118063288     6.03378572226    
153     3.00927378455     6.05474276105    
154     1.0008952549      6.06535085988    
155     1.00115224883     6.13116335447    
156     1.00006346001     6.17143652952    
157     1.00060641705     6.17161741641    
158     2.1606046804      6.23320416095    
