 0            55          
 0            147         
 0            4           
 0            155         
 0            11          
 0            98          
 0            95          
 0            3           
 0            154         
 0            97          
 0            148         
 0            150         
 0            149         
 0            8           
 0            93          
 0            94          
 0            16          
 0            41          
 0            12          
 0            158         
 0            156         
 0            1           
 0            157         
 0            2           
 0            143         
 0            142         
 0            153         
 0            15          
 0            151         
 0            100         
 0            61          
 0            79          
 0            145         
 0            131         
 0            76          
 0            110         
 0            113         
 0            14          
 0            105         
 0            66          
 0            138         
 0            101         
 0            112         
 0            109         
 0            126         
 0            85          
 0            5           
 0            65          
 0            62          
 0            70          
 0            63          
 0            22          
 0            6           
 0            125         
 0            31          
 0            37          
 0            123         
 0            107         
 0            114         
 0            64          
 0            104         
 0            121         
 0            144         
 0            7           
 0            122         
 0            117         
 0            82          
 0            130         
 0            81          
 0            44          
 0            83          
 0            77          
 0            57          
 0            58          
 0            59          
 0            135         
 0            60          
 0            56          
 0            133         
 0            23          
 0            13          
 0            146         
 0            9           
 0            33          
 0            10          
 0            132         
 0            27          
 0            29          
 0            67          
 0            115         
 0            75          
 71           64          
 71           70          
 71           22          
 71           78          
 73           70          
 73           64          
 73           74          
 99           82          
 99           101         
 18           22          
 55           64          
 55           82          
 55           53          
 147          148         
 147          125         
 11           10          
 98           85          
 98           97          
 98           125         
 98           101         
 95           64          
 95           82          
 95           85          
 95           97          
 95           125         
 95           94          
 154          153         
 97           64          
 97           82          
 97           85          
 97           96          
 97           125         
 148          85          
 148          153         
 150          85          
 150          149         
 150          151         
 149          85          
 8            85          
 93           85          
 92           85          
 90           85          
 87           85          
 94           85          
 88           85          
 16           22          
 134          85          
 134          135         
 134          133         
 134          125         
 41           125         
 41           42          
 12           85          
 12           22          
 80           82          
 158          85          
 34           64          
 34           22          
 34           101         
 34           31          
 156          157         
 42           53          
 143          144         
 142          125         
 142          64          
 153          152         
 153          64          
 15           64          
 15           22          
 15           82          
 28           64          
 28           22          
 28           82          
 28           31          
 35           64          
 35           82          
 35           31          
 151          85          
 100          85          
 100          101         
 61           62          
 78           79          
 78           109         
 78           77          
 78           104         
 78           54          
 78           125         
 78           64          
 78           82          
 79           64          
 79           82          
 79           85          
 79           106         
 145          144         
 106          84          
 106          125         
 106          110         
 106          105         
 106          44          
 106          22          
 131          125         
 76           64          
 76           82          
 76           77          
 76           125         
 76           22          
 110          112         
 110          64          
 110          109         
 110          111         
 110          125         
 110          10          
 113          112         
 14           22          
 14           82          
 111          112         
 105          85          
 105          82          
 105          101         
 66           85          
 66           70          
 66           64          
 138          125         
 138          64          
 101          125         
 101          82          
 101          102         
 101          104         
 101          107         
 101          103         
 101          83          
 112          64          
 112          109         
 112          53          
 112          125         
 112          82          
 102          85          
 102          125         
 139          140         
 139          82          
 45           46          
 108          62          
 108          107         
 108          125         
 108          82          
 103          125         
 17           125         
 17           62          
 17           22          
 140          141         
 140          125         
 140          74          
 141          125         
 141          144         
 50           85          
 50           49          
 50           125         
 126          125         
 126          127         
 126          64          
 126          117         
 85           59          
 85           64          
 85           60          
 85           56          
 85           104         
 85           107         
 85           123         
 85           133         
 85           135         
 85           89          
 85           96          
 85           69          
 85           9           
 85           82          
 85           65          
 85           62          
 85           70          
 85           63          
 85           10          
 85           22          
 85           83          
 85           84          
 85           6           
 85           31          
 85           91          
 85           37          
 85           81          
 85           75          
 85           74          
 85           57          
 85           58          
 85           86          
 65           64          
 65           22          
 65           62          
 62           59          
 62           64          
 62           82          
 62           70          
 62           37          
 62           63          
 62           33          
 62           22          
 62           83          
 62           60          
 70           69          
 70           64          
 70           82          
 70           67          
 70           72          
 70           68          
 70           22          
 63           64          
 63           82          
 63           22          
 127          125         
 22           59          
 22           64          
 22           60          
 22           19          
 22           68          
 22           24          
 22           30          
 22           40          
 22           26          
 22           23          
 22           13          
 22           21          
 22           82          
 22           27          
 22           25          
 22           33          
 22           10          
 22           83          
 22           84          
 22           6           
 22           72          
 22           20          
 22           29          
 22           31          
 22           37          
 22           58          
 6            64          
 6            82          
 6            7           
 6            125         
 125          114         
 125          135         
 125          107         
 125          137         
 125          124         
 125          133         
 125          152         
 125          116         
 125          128         
 125          40          
 125          122         
 125          117         
 125          121         
 125          129         
 125          130         
 125          104         
 125          115         
 125          144         
 125          83          
 125          84          
 125          123         
 125          86          
 31           27          
 31           64          
 31           82          
 31           152         
 31           37          
 31           30          
 31           33          
 31           29          
 31           32          
 37           64          
 37           82          
 37           39          
 37           38          
 37           36          
 123          53          
 123          124         
 123          64          
 107          64          
 114          117         
 64           59          
 64           60          
 64           56          
 64           137         
 64           53          
 64           135         
 64           104         
 64           48          
 64           136         
 64           68          
 64           7           
 64           23          
 64           51          
 64           49          
 64           121         
 64           146         
 64           69          
 64           9           
 64           82          
 64           54          
 64           33          
 64           44          
 64           10          
 64           83          
 64           84          
 64           47          
 64           67          
 64           81          
 64           74          
 64           57          
 64           58          
 64           86          
 116          117         
 46           48          
 46           47          
 46           53          
 46           51          
 46           49          
 118          117         
 121          120         
 121          122         
 121          117         
 48           47          
 48           49          
 48           53          
 144          146         
 144          122         
 119          117         
 52           53          
 7            82          
 7            53          
 122          117         
 51           53          
 49           47          
 49           53          
 49           44          
 117          115         
 82           60          
 82           40          
 82           23          
 82           146         
 82           81          
 82           44          
 82           10          
 82           83          
 82           84          
 82           77          
 82           86          
 54           53          
 43           44          
 44           53          
 83           84          
 83           53          
 77           53          
 53           56          
 53           40          
 53           57          
 57           58          
 58           59          
 58           60          
 59           60          
 135          136         
 135          137         
 135          133         
 133          132         
 24           23          
 23           21          
 9            10          
 75           74          
