0       110.472518072     0.0              
1       1.67178673831     0.000506146253   
2       1.00118907469     0.04119277706    
3       5.01782462043     0.130030338255   
4       1.00067948314     0.131383806655   
5       1.79273970979     0.271637812272   
6       1.79293049651     0.272048646482   
7       3.02872714993     0.367010521111   
8       2.34362401327     0.471460156795   
9       2.20700066005     0.495189296614   
10      3.97939242401     0.557233126977   
11      1.82839017705     0.578222747885   
12      1.6490791126      0.66497842451    
13      4.60539864145     0.782272527743   
14      1.12386595911     0.795940536248   
15      2.27824260055     0.976691859369   
16      6.24250770283     1.01872727724    
17      2.25060811819     1.05224977585    
18      1.39081549992     1.18006003643    
19      1.0013607236      1.27208952103    
20      4.12797557164     1.28985688347    
21      1.26775424755     1.29834358724    
22      2.99656957213     1.35390207939    
23      1.00140283065     1.4280922962     
24      39.2382382005     1.44428710363    
25      1.31263604763     1.46610213803    
26      1.00158196744     1.49900295497    
27      2.53318249828     1.54597924406    
28      2.82269198192     1.64675983439    
29      1.86248971457     1.70914558967    
30      2.34131233293     1.76091669225    
31      7.82014383632     1.78725951662    
32      1.00338451021     1.79246029572    
33      1.00063837748     1.80804465669    
34      1.3540387817      1.83115997949    
35      1.85794512273     1.86423119713    
36      1.00169017764     1.92839024319    
37      4.04414096581     1.94296867828    
38      1.00109613742     1.94583215902    
39      1.08821610867     1.96508781238    
40      2.64647445479     2.06383745109    
41      1.00011580305     2.13177752011    
42      2.59414264325     2.13588211714    
43      1.00132898252     2.17238793874    
44      1.65162646512     2.18925685881    
45      2.5002436638      2.19435165243    
46      1.30744696422     2.1992472083     
47      1.60043516633     2.21810588422    
48      1.38912683597     2.21961402402    
49      1.18900543231     2.22249360856    
50      2.20547637706     2.24994347571    
51      2.54826670986     2.27666380316    
52      6.83102755074     2.28073806512    
53      1.0017484994      2.30917887786    
54      1.73276042926     2.33666170163    
55      1.00012486084     2.36511374958    
56      1.00078371139     2.36680801938    
57      3.01275016123     2.41736085059    
58      2.07776583376     2.42589811281    
59      2.51777383571     2.50776871976    
60      3.97122613416     2.56621653363    
61      4.52739922266     2.57553501751    
62      3.96996751664     2.59109241397    
63      3.18591328058     2.63048643377    
64      1.00209072202     2.64755683863    
65      1.91455335088     2.69956275711    
66      1.95305573156     2.74507959232    
67      13.8506169225     2.7570997699     
68      2.30278458207     2.79562193734    
69      1.14436405783     2.83075856124    
70      4.70585341918     2.92386625157    
71      1.56545307147     2.94599624638    
72      1.00294549246     2.98767850412    
73      87.4031173259     2.99110112385    
74      10.0071844492     2.9957607403     
75      1.00075749145     3.00925085796    
76      1.02586351979     3.0327942423     
77      1.96557600761     3.07165384057    
78      2.16924844228     3.13575708508    
79      3.15378886995     3.25199182185    
80      3.74638418168     3.41026142095    
81      42.4862867871     3.4430772014     
82      3.78611318084     3.45848516955    
83      1.00005207736     3.55154948729    
84      1.75816818636     3.59016270675    
85      1.00184279341     3.6330934773     
86      3.05832704694     3.72335645905    
87      5.7506045842      3.73623439817    
88      55.1327842477     3.81477699522    
89      1.81262324566     3.85425289162    
90      1.0031313945      3.8913339092     
91      1.00024876669     3.91400244512    
92      1.00036815785     3.93721064566    
93      1.00931197379     3.96182849066    
94      1.94556715345     4.00544423456    
95      3.33175913686     4.03582667899    
96      1.01468975214     4.0379331874     
97      2.31140062758     4.07363625318    
98      1.00113629044     4.0802605335     
99      3.30662510337     4.14978879319    
100     1.61344025278     4.22935711818    
101     7.88158660678     4.25003477474    
102     1.00013974166     4.25683853755    
103     2.2336329321      4.30585158311    
104     1.21869173054     4.37616406053    
105     3.48900240663     4.45123006203    
106     2.73159245998     4.50346658321    
107     1.00879204815     4.59500855329    
108     3.12639429163     4.61095674783    
109     1.1945981474      4.61139220588    
110     4.30931630325     4.61585267821    
111     1.00005401816     4.62766266372    
112     1.94491342        4.68238085573    
113     1.00263929974     4.75812340418    
114     1.77100055074     4.80222179401    
115     1.00599467105     4.87079627793    
116     1.00004625492     4.88448675686    
117     2.53405855289     4.88809157426    
118     1.00008798322     4.89861896683    
119     2.94168380947     4.93425686839    
120     5.34511200534     4.97193096466    
121     1.00080475259     4.97638778555    
122     1.14135574956     4.99818184755    
123     1.23222515679     5.03317129019    
124     55.6449733725     5.07762134213    
125     1.20189970406     5.07993167598    
126     5.2027267443      5.08078405398    
127     1.90696257605     5.12850711009    
128     1.62566423232     5.19819556517    
129     1.60171483137     5.20592407945    
130     1.00151814832     5.25509797579    
131     1.60294885577     5.27722628532    
132     5.05456272329     5.28135616157    
133     1.31297702707     5.31161408242    
134     2.59696854016     5.32638557588    
135     1.00004884264     5.33182060913    
136     1.12892257294     5.38177759966    
137     1.25905447639     5.42790113625    
138     2.93231508635     5.43582682849    
139     1.60026486314     5.46765524456    
140     1.83122932143     5.49151976867    
141     1.50617847695     5.49837830313    
142     3.4054625408      5.54752898003    
143     2.02554806944     5.56165669591    
144     1.22536940722     5.60842644438    
145     1.84697766893     5.64432238128    
146     1.95425321319     5.68828501232    
147     1.39025328331     5.7303715504     
148     2.98141694113     5.79718454051    
149     1.49615998555     5.88937749743    
150     1.96635116712     5.89969834937    
151     2.95784738253     5.94194012061    
152     1.5514857713      6.01776637137    
153     2.5891406539      6.02198893812    
154     2.42177212447     6.07612786138    
155     1.56791181703     6.13607351612    
156     3.34614249419     6.15589804566    
157     1.46568123887     6.16762067741    
158     1.84860154933     6.20143660227    
159     1.00049015219     6.24576400316    
