 0            13          
 0            153         
 0            33          
 0            2           
 0            9           
 0            99          
 0            97          
 0            159         
 0            149         
 0            95          
 0            152         
 0            156         
 0            154         
 0            1           
 0            158         
 0            157         
 0            12          
 0            104         
 0            7           
 0            147         
 0            94          
 0            93          
 0            28          
 0            5           
 0            136         
 0            6           
 0            114         
 0            137         
 0            145         
 0            150         
 0            27          
 0            155         
 0            58          
 0            64          
 0            16          
 0            144         
 0            146         
 0            57          
 0            110         
 0            111         
 0            107         
 0            105         
 0            71          
 0            112         
 0            101         
 0            108         
 0            109         
 0            103         
 0            80          
 0            100         
 0            140         
 0            126         
 0            88          
 0            129         
 0            65          
 0            67          
 0            74          
 0            79          
 0            24          
 0            70          
 0            124         
 0            31          
 0            37          
 0            3           
 0            82          
 0            122         
 0            73          
 0            148         
 0            117         
 0            138         
 0            119         
 0            120         
 0            81          
 0            128         
 0            84          
 0            42          
 0            87          
 0            50          
 0            62          
 0            61          
 0            63          
 0            132         
 0            60          
 0            59          
 0            131         
 0            134         
 0            22          
 0            20          
 0            35          
 0            78          
 0            51          
 0            66          
 0            10          
 0            18          
 0            29          
 0            77          
 0            8           
 0            143         
 0            142         
 75           74          
 75           73          
 68           124         
 68           67          
 68           74          
 68           142         
 68           73          
 68           24          
 102          81          
 102          101         
 14           13          
 14           24          
 13           73          
 13           81          
 13           88          
 13           52          
 13           124         
 153          151         
 153          152         
 153          124         
 153          154         
 33           31          
 9            88          
 9            10          
 9            8           
 99           124         
 99           81          
 99           88          
 99           95          
 99           24          
 99           101         
 97           73          
 97           81          
 97           88          
 97           95          
 97           124         
 97           98          
 149          124         
 149          150         
 95           73          
 95           81          
 95           88          
 95           96          
 95           94          
 95           124         
 152          88          
 156          124         
 156          88          
 156          155         
 156          154         
 156          158         
 156          157         
 154          88          
 1            88          
 158          88          
 90           88          
 157          88          
 12           73          
 98           88          
 104          88          
 7            73          
 7            24          
 7            124         
 133          88          
 133          132         
 133          134         
 133          124         
 147          124         
 94           88          
 94           73          
 94           24          
 83           88          
 83           81          
 93           88          
 28           73          
 28           24          
 28           81          
 28           31          
 5            73          
 5            6           
 136          124         
 6            73          
 53           73          
 53           52          
 114          124         
 114          73          
 137          124         
 137          138         
 145          124         
 145          73          
 150          151         
 150          73          
 27           73          
 27           24          
 27           81          
 30           73          
 30           74          
 30           24          
 30           81          
 30           31          
 34           73          
 34           81          
 34           31          
 155          88          
 58           88          
 58           57          
 58           73          
 58           101         
 64           63          
 64           67          
 17           16          
 17           124         
 17           73          
 17           81          
 16           73          
 16           81          
 16           88          
 16           15          
 16           124         
 16           24          
 16           106         
 144          124         
 106          124         
 106          81          
 106          110         
 106          105         
 106          42          
 146          124         
 146          73          
 57           73          
 57           81          
 57           88          
 57           50          
 57           124         
 57           24          
 110          108         
 110          73          
 110          109         
 110          111         
 110          107         
 110          124         
 110          112         
 110          24          
 110          81          
 111          108         
 15           73          
 15           24          
 15           81          
 107          108         
 105          73          
 105          81          
 105          88          
 105          124         
 105          101         
 71           88          
 71           70          
 71           74          
 71           73          
 112          73          
 112          124         
 101          73          
 101          81          
 101          103         
 101          88          
 101          82          
 101          100         
 101          124         
 101          24          
 101          87          
 108          73          
 108          109         
 108          67          
 108          124         
 108          81          
 109          73          
 103          88          
 103          124         
 103          81          
 141          88          
 141          140         
 141          124         
 141          52          
 43           45          
 80           124         
 80           81          
 80           82          
 80           67          
 80           73          
 80           120         
 100          88          
 100          124         
 113          124         
 140          124         
 140          142         
 140          139         
 139          88          
 139          138         
 139          124         
 127          124         
 127          45          
 127          138         
 127          126         
 126          51          
 126          123         
 126          48          
 126          52          
 126          124         
 126          73          
 126          132         
 126          125         
 126          120         
 88           63          
 88           73          
 88           60          
 88           59          
 88           148         
 88           82          
 88           119         
 88           3           
 88           134         
 88           132         
 88           91          
 88           96          
 88           85          
 88           92          
 88           120         
 88           76          
 88           51          
 88           81          
 88           65          
 88           67          
 88           74          
 88           79          
 88           124         
 88           10          
 88           24          
 88           87          
 88           86          
 88           70          
 88           31          
 88           37          
 88           84          
 88           143         
 88           142         
 88           62          
 88           61          
 88           89          
 129          128         
 129          132         
 129          124         
 65           73          
 65           24          
 65           67          
 67           63          
 67           73          
 67           60          
 67           39          
 67           20          
 67           81          
 67           69          
 67           74          
 67           79          
 67           66          
 67           24          
 67           87          
 67           70          
 67           31          
 67           37          
 67           62          
 67           61          
 74           70          
 74           76          
 74           73          
 74           81          
 74           61          
 74           77          
 74           78          
 74           22          
 74           72          
 74           40          
 74           3           
 74           24          
 79           73          
 79           81          
 79           24          
 125          124         
 125          73          
 24           63          
 24           73          
 24           60          
 24           23          
 24           21          
 24           22          
 24           44          
 24           25          
 24           40          
 24           11          
 24           20          
 24           35          
 24           19          
 24           81          
 24           18          
 24           54          
 24           69          
 24           66          
 24           10          
 24           87          
 24           86          
 24           70          
 24           72          
 24           26          
 24           29          
 24           31          
 24           77          
 24           37          
 24           52          
 24           62          
 24           61          
 70           73          
 70           81          
 70           44          
 70           124         
 124          63          
 124          122         
 124          73          
 124          60          
 124          116         
 124          59          
 124          131         
 124          121         
 124          4           
 124          134         
 124          132         
 124          151         
 124          123         
 124          115         
 124          128         
 124          40          
 124          119         
 124          11          
 124          120         
 124          117         
 124          78          
 124          51          
 124          8           
 124          82          
 124          138         
 124          87          
 124          86          
 124          31          
 124          52          
 124          3           
 124          142         
 124          62          
 124          148         
 124          61          
 124          89          
 31           73          
 31           81          
 31           151         
 31           37          
 31           35          
 31           29          
 31           32          
 37           73          
 37           81          
 37           39          
 37           36          
 37           38          
 3            52          
 3            4           
 3            73          
 151          47          
 96           73          
 82           73          
 82           81          
 122          120         
 73           148         
 73           117         
 73           48          
 73           138         
 73           44          
 73           119         
 73           46          
 73           45          
 73           81          
 73           128         
 73           54          
 73           84          
 73           42          
 73           87          
 73           86          
 73           49          
 73           50          
 73           52          
 73           62          
 73           61          
 73           63          
 73           132         
 73           60          
 73           59          
 73           131         
 73           134         
 73           22          
 73           25          
 73           20          
 73           35          
 73           78          
 73           76          
 73           51          
 73           69          
 73           66          
 73           10          
 73           77          
 73           143         
 73           142         
 73           89          
 123          120         
 47           48          
 47           49          
 47           52          
 47           50          
 47           46          
 47           45          
 118          117         
 118          120         
 117          116         
 117          115         
 117          119         
 117          120         
 48           49          
 48           52          
 48           45          
 138          119         
 56           55          
 55           52          
 44           81          
 44           46          
 44           45          
 119          120         
 46           45          
 46           52          
 45           49          
 45           52          
 45           42          
 120          121         
 120          8           
 81           60          
 81           21          
 81           40          
 81           20          
 81           85          
 81           78          
 81           54          
 81           84          
 81           66          
 81           42          
 81           10          
 81           87          
 81           86          
 81           29          
 81           77          
 81           62          
 81           61          
 81           89          
 54           52          
 41           42          
 42           52          
 87           86          
 49           50          
 50           51          
 50           52          
 52           59          
 52           51          
 52           40          
 52           62          
 62           63          
 62           60          
 62           61          
 61           63          
 61           60          
 61           59          
 63           60          
 132          130         
 132          116         
 132          131         
 132          134         
 132          135         
 60           59          
 134          135         
 22           20          
 21           20          
 11           10          
 20           19          
 143          142         
