 0            32          
 0            153         
 0            1           
 0            5           
 0            98          
 0            99          
 0            157         
 0            132         
 0            97          
 0            152         
 0            155         
 0            154         
 0            95          
 0            94          
 0            156         
 0            158         
 0            9           
 0            150         
 0            92          
 0            101         
 0            3           
 0            2           
 0            4           
 0            65          
 0            142         
 0            149         
 0            64          
 0            39          
 0            91          
 0            107         
 0            72          
 0            10          
 0            11          
 0            128         
 0            133         
 0            14          
 0            113         
 0            111         
 0            108         
 0            84          
 0            115         
 0            106         
 0            112         
 0            110         
 0            86          
 0            102         
 0            105         
 0            145         
 0            144         
 0            62          
 0            89          
 0            134         
 0            76          
 0            73          
 0            81          
 0            74          
 0            17          
 0            44          
 0            129         
 0            25          
 0            28          
 0            130         
 0            103         
 0            126         
 0            70          
 0            93          
 0            131         
 0            118         
 0            143         
 0            121         
 0            123         
 0            37          
 0            151         
 0            85          
 0            46          
 0            41          
 0            48          
 0            66          
 0            69          
 0            71          
 0            139         
 0            68          
 0            67          
 0            136         
 0            21          
 0            15          
 0            8           
 0            75          
 0            6           
 0            13          
 0            35          
 0            78          
 0            120         
 0            146         
 0            147         
 79           81          
 79           70          
 148          70          
 148          129         
 148          81          
 148          17          
 148          147         
 104          37          
 104          106         
 31           32          
 31           17          
 32           129         
 32           37          
 32           58          
 32           70          
 153          152         
 153          129         
 153          154         
 36           37          
 5            6           
 5            106         
 98           89          
 98           97          
 98           129         
 99           70          
 99           89          
 99           97          
 99           129         
 99           139         
 99           100         
 132          129         
 97           70          
 97           37          
 97           89          
 97           96          
 97           129         
 152          89          
 155          89          
 155          156         
 155          154         
 154          89          
 95           89          
 94           89          
 90           89          
 156          89          
 38           89          
 38           37          
 9            70          
 9            17          
 9            129         
 135          89          
 135          139         
 135          136         
 135          129         
 150          129         
 92           89          
 92           70          
 92           17          
 40           89          
 40           37          
 101          89          
 24           70          
 24           17          
 24           25          
 3            4           
 57           58          
 65           70          
 142          143         
 149          129         
 149          70          
 64           70          
 39           70          
 39           17          
 39           37          
 33           70          
 33           17          
 33           37          
 43           70          
 43           37          
 91           89          
 107          89          
 107          37          
 107          106         
 72           71          
 72           73          
 10           11          
 10           129         
 10           70          
 10           37          
 11           70          
 11           37          
 11           89          
 11           12          
 11           129         
 11           17          
 11           109         
 128          129         
 109          113         
 109          108         
 133          129         
 133          70          
 14           70          
 14           129         
 14           17          
 14           37          
 113          112         
 113          70          
 113          110         
 113          111         
 113          114         
 113          129         
 113          115         
 113          17          
 111          112         
 12           17          
 12           37          
 114          112         
 114          25          
 108          106         
 84           89          
 84           81          
 84           70          
 115          70          
 115          129         
 106          129         
 106          37          
 106          103         
 106          105         
 112          70          
 112          110         
 112          58          
 112          129         
 112          37          
 110          70          
 86           89          
 86           129         
 86           73          
 60           129         
 60           58          
 53           52          
 53           54          
 102          103         
 102          129         
 102          37          
 105          89          
 105          129         
 125          129         
 125          123         
 145          129         
 145          147         
 145          144         
 144          89          
 144          143         
 144          129         
 127          129         
 62           129         
 62           124         
 62           58          
 62           70          
 62           63          
 89           71          
 89           70          
 89           68          
 89           67          
 89           93          
 89           103         
 89           130         
 89           136         
 89           139         
 89           82          
 89           96          
 89           87          
 89           83          
 89           8           
 89           37          
 89           76          
 89           85          
 89           81          
 89           74          
 89           6           
 89           17          
 89           41          
 89           42          
 89           44          
 89           129         
 89           25          
 89           28          
 89           73          
 89           146         
 89           147         
 89           66          
 89           69          
 89           88          
 134          129         
 76           70          
 76           17          
 76           73          
 73           71          
 73           70          
 73           37          
 73           81          
 73           69          
 73           28          
 73           74          
 73           75          
 73           17          
 73           41          
 73           68          
 81           83          
 81           70          
 81           37          
 81           78          
 81           77          
 81           80          
 81           130         
 81           82          
 81           17          
 74           70          
 74           37          
 74           17          
 63           129         
 63           70          
 17           71          
 17           70          
 17           68          
 17           18          
 17           23          
 17           22          
 17           45          
 17           116         
 17           34          
 17           7           
 17           21          
 17           15          
 17           20          
 17           87          
 17           37          
 17           13          
 17           61          
 17           19          
 17           75          
 17           6           
 17           41          
 17           44          
 17           80          
 17           16          
 17           35          
 17           25          
 17           28          
 17           147         
 17           66          
 17           69          
 44           70          
 44           37          
 44           45          
 44           129         
 129          126         
 129          70          
 129          68          
 129          138         
 129          67          
 129          141         
 129          119         
 129          131         
 129          136         
 129          139         
 129          93          
 129          124         
 129          117         
 129          151         
 129          34          
 129          121         
 129          123         
 129          118         
 129          77          
 129          120         
 129          103         
 129          143         
 129          42          
 129          130         
 129          147         
 129          66          
 129          88          
 25           6           
 25           70          
 25           37          
 25           23          
 25           49          
 25           28          
 25           26          
 28           70          
 28           37          
 28           29          
 28           27          
 28           30          
 130          58          
 130          131         
 130          70          
 49           52          
 96           70          
 103          70          
 103          37          
 126          123         
 70           71          
 70           139         
 70           68          
 70           67          
 70           141         
 70           58          
 70           151         
 70           93          
 70           55          
 70           45          
 70           41          
 70           56          
 70           54          
 70           21          
 70           118         
 70           77          
 70           83          
 70           8           
 70           37          
 70           61          
 70           75          
 70           46          
 70           6           
 70           42          
 70           51          
 70           48          
 70           78          
 70           85          
 70           143         
 70           147         
 70           66          
 70           69          
 70           88          
 124          123         
 52           55          
 52           51          
 52           50          
 52           58          
 52           48          
 52           56          
 52           54          
 122          123         
 118          119         
 118          117         
 118          116         
 118          123         
 55           54          
 55           58          
 143          141         
 59           58          
 45           56          
 45           37          
 121          123         
 56           54          
 56           58          
 54           51          
 54           58          
 54           47          
 123          120         
 123          119         
 37           68          
 37           61          
 37           23          
 37           34          
 37           21          
 37           77          
 37           85          
 37           46          
 37           41          
 37           42          
 37           35          
 37           69          
 37           88          
 61           58          
 47           48          
 47           46          
 46           58          
 41           42          
 48           58          
 58           66          
 66           69          
 69           71          
 69           68          
 71           68          
 71           77          
 139          140         
 139          138         
 139          141         
 139          136         
 68           67          
 136          137         
 22           21          
 23           21          
 7            6           
 21           20          
 83           6           
 8            6           
 146          147         
