0       112.590823558     0.0              
1       1.0011713949      0.002247791188   
2       1.00014901045     0.036975640668   
3       1.00061649065     0.077756085485   
4       1.00021091364     0.077982849491   
5       2.19939096673     0.209316472201   
6       6.39118100672     0.260620939021   
7       1.00454084187     0.273865754583   
8       2.87812515501     0.326590726561   
9       3.14888759499     0.478126007391   
10      3.63316094614     0.642191918881   
11      7.01374014938     0.732960438314   
12      1.64157542248     0.778314362961   
13      1.31490907585     0.88081506407    
14      3.58898130708     0.968563933334   
15      1.25907657381     1.03933115591    
16      1.00178401491     1.06971790717    
17      41.5120514903     1.08221146163    
18      1.00005927401     1.09440091639    
19      1.00005141427     1.11901464181    
20      1.00103436098     1.16305704284    
21      2.74590838788     1.1748307948     
22      1.00030000854     1.17938367674    
23      1.79761281303     1.20760914794    
24      1.3311044963      1.28377788539    
25      7.606633892       1.30487311727    
26      1.00144650283     1.32527551116    
27      1.00097240683     1.40110906481    
28      5.13707253195     1.41788548165    
29      1.00211770277     1.41889665063    
30      1.00023056623     1.43955707986    
31      1.00146453994     1.54060619173    
32      2.8961625119      1.54775740343    
33      1.66759240725     1.60892413833    
34      1.74318053535     1.65387546793    
35      1.81428177215     1.70449645942    
36      1.00130811964     1.74576938098    
37      32.1611484177     1.7479606216     
38      1.23600772121     1.76845664225    
39      2.31258913585     1.81903082036    
40      1.20140209851     1.86261257775    
41      3.91121313961     1.93078821169    
42      2.59606069425     1.93543584391    
43      1.28216192388     2.00591806663    
44      3.51096236328     2.06892700161    
45      2.43442429464     2.08639812899    
46      1.96904621857     2.14798131571    
47      1.16005136667     2.16357279231    
48      1.73351454804     2.17180932538    
49      1.00107730498     2.19077810636    
50      1.00579824829     2.20310725224    
51      1.00143830422     2.21400915184    
52      2.1693061711      2.21476977561    
53      1.000274786       2.22313776065    
54      1.91804365037     2.22634503884    
55      1.05903440517     2.23225026566    
56      1.76891956906     2.25050036766    
57      1.00229000401     2.27806445945    
58      5.72255606398     2.28498534933    
59      1.00067514581     2.29630370074    
60      1.00116778848     2.31176559791    
61      2.01198361203     2.33990118742    
62      2.78871804846     2.40049043249    
63      1.53262623389     2.40656830705    
64      1.33984142124     2.45267461632    
65      1.33919221465     2.48042745965    
66      3.59821682857     2.53672560318    
67      2.29331167075     2.60813697785    
68      4.77846697438     2.66801128899    
69      4.20511055282     2.68632281014    
70      64.9827114809     2.7016296614     
71      3.75722001211     2.7439968925     
72      1.00164263305     2.75530325968    
73      9.28257443041     2.8045771494     
74      2.7475598261      2.82090378329    
75      1.85584939927     2.86957209514    
76      2.60694391746     2.92673347738    
77      2.77040345821     3.01278358276    
78      1.45370835647     3.07802907371    
79      1.00104452313     3.10442358005    
80      1.0027834417      3.12684044724    
81      7.7733277524      3.12799317987    
82      1.00047068674     3.14955804358    
83      2.04522557891     3.18280303248    
84      2.27039770026     3.23701929145    
85      2.59038545451     3.31703342609    
86      2.73937534906     3.39644999966    
87      1.31788008659     3.45390490178    
88      2.89870536549     3.51107206547    
89      47.9998829309     3.54976348668    
90      1.00270463299     3.5599121122     
91      1.39343897817     3.58909718744    
92      2.89368727259     3.64561947343    
93      2.83165910403     3.72932970572    
94      1.46415736629     3.78594000086    
95      1.48830039158     3.82391997575    
96      1.69873137767     3.88265344486    
97      4.76281483305     3.91966700436    
98      2.16722999896     3.93219009806    
99      4.08384818571     4.02170743633    
100     1.00001801106     4.02811375356    
101     1.66569419296     4.11189420591    
102     2.32215014688     4.20343374169    
103     4.05947990794     4.2131309458     
104     1.21713936317     4.28778976453    
105     1.94253076192     4.31401461918    
106     4.13060519995     4.31586150059    
107     2.02371387426     4.35006063978    
108     1.58285651112     4.39196919339    
109     1.61907786801     4.40048670036    
110     1.8679247487      4.48266711825    
111     1.10009615074     4.51240250816    
112     3.95511278731     4.51332707239    
113     4.61797373378     4.51441108298    
114     1.22886022305     4.53238620319    
115     2.39605748911     4.59696188832    
116     1.19367697235     4.67844984271    
117     1.00031081839     4.69772571946    
118     3.1005905945      4.70163210864    
119     1.65139162901     4.72799955685    
120     1.60441724553     4.77641563821    
121     1.3361372789      4.80297857909    
122     1.0003727316      4.82027565432    
123     4.36967964839     4.82048013516    
124     1.36350580709     4.84180250556    
125     1.0118646895      4.85875138289    
126     1.88103628115     4.88596343807    
127     1.00059814112     4.94173558649    
128     1.41935967306     4.97522138341    
129     47.0844952771     5.06366758476    
130     5.20561626233     5.06809631762    
131     1.69169174771     5.08003035858    
132     1.34406013936     5.16546140385    
133     2.1968442435      5.21398946282    
134     1.32981878171     5.26234112897    
135     1.95428739433     5.31559303234    
136     2.78421401243     5.33233705432    
137     1.00151111003     5.34035206649    
138     1.00070693246     5.38490866567    
139     4.83528867313     5.39122079438    
140     1.00051491712     5.4101225386     
141     2.1769598338      5.46284882136    
142     1.00005272424     5.50249937847    
143     2.60217269715     5.50305926648    
144     2.38611794596     5.5399182482     
145     2.0209893296      5.56760499104    
146     1.51565907119     5.62351570706    
147     4.5461883124      5.63733857422    
148     3.36052253435     5.68250618162    
149     2.43859484684     5.78225818839    
150     1.78403904916     5.8408408248     
151     2.78139721975     5.91363038533    
152     1.95671183373     6.02205672389    
153     2.39688464209     6.04068039665    
154     2.45427625005     6.07911792549    
155     2.46998569516     6.11991166531    
156     2.06836687113     6.14083031714    
157     1.0009016068      6.21589781666    
158     1.0002315489      6.25165481146    
