0       109.754494983     0.0              
1       7.42599545288     0.011262362612   
2       3.68996675016     0.047525129148   
3       1.0005170916      0.15364787498    
4       1.00012427027     0.186088048278   
5       1.00089817607     0.221117188662   
6       3.28747795601     0.310743836166   
7       1.87008233432     0.414134365974   
8       1.04057956024     0.493736958359   
9       1.83465648495     0.495636083499   
10      2.34461766061     0.58430399301    
11      1.64529195037     0.758821272138   
12      1.00331529879     0.793959394068   
13      8.59326054207     0.802352096572   
14      1.00200304813     0.816884841805   
15      2.09180463493     0.851757812758   
16      1.00165788588     0.906337343541   
17      2.33793447632     0.916552022737   
18      1.28354382742     0.991346693893   
19      1.27091955269     1.03066843383    
20      1.21259306819     1.05848793942    
21      1.80612640775     1.10686900438    
22      1.00001412815     1.14658884529    
23      36.8812265353     1.20325625275    
24      3.2243133041      1.20409365047    
25      1.00075195873     1.2565497264     
26      1.00099588046     1.28080392507    
27      1.00082265454     1.30574796569    
28      1.00020712575     1.34074564749    
29      2.33867777935     1.34990159531    
30      1.00348508955     1.3585759271     
31      2.03450663203     1.41836971924    
32      1.02414464354     1.46231362493    
33      1.00026782651     1.51688641458    
34      4.50539948288     1.527299208      
35      1.00003660517     1.54366816119    
36      4.37788393802     1.66221723748    
37      2.2142065783      1.67654025877    
38      29.1536156255     1.69731603617    
39      3.01508350338     1.76093054901    
40      1.0000805973      1.80317344377    
41      1.09652982035     1.82404509496    
42      3.18391228794     1.87256697456    
43      2.02947359243     1.93381759904    
44      1.60554381349     1.97580957409    
45      3.37198868785     2.04193103698    
46      2.36612034571     2.06024892475    
47      1.03595260322     2.12925521528    
48      2.48402451533     2.13259806501    
49      1.14731169813     2.17646669478    
50      1.0019000982      2.19182073393    
51      1.0011582065      2.20104746359    
52      2.47565666143     2.21097264885    
53      1.0686584233      2.21498736419    
54      1.48462136931     2.22416840399    
55      1.00105502194     2.22538180676    
56      1.68200978963     2.24277241513    
57      1.00334622626     2.27278465936    
58      1.000033073       2.29102727122    
59      6.07176075851     2.29858894262    
60      2.11478728595     2.3171843401     
61      1.31644290575     2.345447262      
62      1.44096171138     2.36963180237    
63      1.64844198503     2.40965686651    
64      2.29655605279     2.41369030721    
65      1.00199178748     2.4540269612     
66      2.76059716802     2.45581485775    
67      1.23893773544     2.4832812032     
68      1.34758826859     2.49378537633    
69      3.7777130197      2.57486390092    
70      2.67690783635     2.68716395293    
71      67.245671335      2.80832409221    
72      15.9839327293     2.84132752408    
73      6.28379441637     2.84420673412    
74      5.39414135884     2.94646662721    
75      2.36008658313     3.01575641955    
76      1.11982170543     3.05359061758    
77      4.04005310406     3.06545799629    
78      1.16650119662     3.07661493517    
79      1.00284248457     3.09527886743    
80      3.12349463634     3.20776167887    
81      1.38163770963     3.27083509489    
82      1.00030058717     3.29819090664    
83      7.42680858701     3.31353549534    
84      1.00116334992     3.31718732507    
85      2.49210055516     3.3556683494     
86      2.02573593003     3.4180345835     
87      1.42346151757     3.50204763983    
88      3.91126161332     3.51349915189    
89      2.72195082867     3.64667188499    
90      1.34956629092     3.71327182742    
91      3.59216894683     3.79208224382    
92      1.00062246975     3.79361996967    
93      1.29956627483     3.85755833747    
94      1.30862430158     3.8888162857     
95      49.296084926      3.89633619958    
96      2.58304713158     3.93855994767    
97      1.31577943536     3.98668054299    
98      1.00019331603     4.01205184931    
99      1.29387330868     4.03711919637    
100     1.00050681139     4.10006661857    
101     4.13330046574     4.10372030914    
102     1.30961716363     4.17809047657    
103     1.61229694644     4.23721708444    
104     1.00044641736     4.27078040432    
105     1.51650451566     4.29789143623    
106     6.82735986949     4.29882461412    
107     1.09242620014     4.33250730811    
108     1.46568000887     4.46129568742    
109     1.67463232498     4.47856523639    
110     2.53277221862     4.49613776155    
111     1.17756182425     4.56198218286    
112     1.00034137896     4.57813635627    
113     3.27832720339     4.57852303478    
114     4.43173316571     4.59906980113    
115     1.46105549777     4.59953147467    
116     1.01947880606     4.62456876754    
117     2.11992366868     4.66613333644    
118     1.48461421882     4.73504394042    
119     2.4570772691      4.80350251442    
120     1.45582980934     4.85478891128    
121     1.00038859668     4.87696459594    
122     2.69716508428     4.88549923661    
123     1.0021182359      4.89511545358    
124     1.40817095568     4.91339102205    
125     3.5038833523      4.93292924097    
126     1.00182160601     4.93312772969    
127     1.12845780451     4.95017828568    
128     1.26959234741     4.9668230633     
129     1.54864616343     4.99033292925    
130     1.00022992823     5.03040330874    
131     2.17942922808     5.08147352142    
132     4.6095013414      5.11581544141    
133     2.18010743695     5.15152225226    
134     45.8944079716     5.20984067396    
135     3.42570781923     5.26362269202    
136     2.18223582028     5.26672304846    
137     1.11981127809     5.32671008622    
138     1.11751925971     5.34991117113    
139     1.49230173465     5.38385012155    
140     1.1833131977      5.40793448129    
141     1.00130126812     5.42491874953    
142     4.51604199693     5.44245841169    
143     1.0023473638      5.44900535631    
144     2.02681465893     5.45647209019    
145     1.15026447322     5.46465338347    
146     1.00089978296     5.48608454817    
147     1.65662617872     5.52661201349    
148     1.62318391838     5.54032421382    
149     3.86750612986     5.58673069047    
150     3.20072269644     5.62830640096    
151     1.46349373806     5.70983171243    
152     2.4161784561      5.77713961358    
153     2.51958642646     5.87092722142    
154     1.64698123156     5.9615461253     
155     1.99796979759     5.97692076233    
156     1.63836537051     5.99273544512    
157     1.80731391992     6.06213159747    
158     1.83383311729     6.06252913668    
159     1.00051612785     6.129313477      
160     2.05926780558     6.21820234566    
