 0            48          
 0            157         
 0            116         
 0            160         
 0            133         
 0            101         
 0            3           
 0            151         
 0            132         
 0            158         
 0            155         
 0            154         
 0            44          
 0            156         
 0            97          
 0            94          
 0            102         
 0            90          
 0            6           
 0            137         
 0            21          
 0            93          
 0            8           
 0            159         
 0            9           
 0            7           
 0            79          
 0            153         
 0            68          
 0            31          
 0            24          
 0            99          
 0            76          
 0            110         
 0            5           
 0            109         
 0            152         
 0            39          
 0            114         
 0            112         
 0            108         
 0            86          
 0            117         
 0            106         
 0            113         
 0            115         
 0            150         
 0            136         
 0            147         
 0            66          
 0            95          
 0            140         
 0            70          
 0            72          
 0            83          
 0            42          
 0            23          
 0            45          
 0            134         
 0            13          
 0            34          
 0            88          
 0            131         
 0            135         
 0            119         
 0            71          
 0            96          
 0            87          
 0            122         
 0            149         
 0            129         
 0            125         
 0            38          
 0            138         
 0            43          
 0            60          
 0            36          
 0            64          
 0            69          
 0            73          
 0            77          
 0            142         
 0            74          
 0            75          
 0            4           
 0            144         
 0            120         
 0            29          
 0            19          
 0            85          
 0            2           
 0            17          
 0            1           
 0            10          
 0            18          
 0            20          
 0            81          
 0            127         
 84           83          
 84           71          
 80           134         
 80           72          
 80           83          
 80           91          
 80           71          
 80           23          
 107          38          
 107          106         
 47           48          
 47           23          
 48           134         
 48           38          
 48           59          
 48           71          
 157          158         
 157          134         
 116          114         
 40           38          
 160          1           
 160          106         
 133          132         
 133          134         
 133          38          
 101          71          
 101          38          
 101          95          
 101          132         
 101          134         
 101          100         
 151          134         
 132          71          
 132          38          
 132          95          
 132          131         
 132          134         
 158          95          
 155          95          
 155          154         
 155          156         
 154          95          
 44           95          
 44           38          
 156          95          
 97           95          
 94           95          
 102          95          
 100          95          
 90           95          
 6            71          
 6            23          
 6            134         
 145          95          
 145          142         
 145          144         
 145          134         
 137          134         
 21           95          
 21           23          
 12           38          
 12           13          
 93           95          
 11           71          
 11           23          
 11           13          
 8            9           
 9            71          
 58           59          
 7            71          
 79           77          
 153          134         
 153          71          
 68           67          
 68           71          
 31           71          
 31           23          
 31           38          
 24           71          
 24           83          
 24           23          
 24           38          
 41           71          
 41           38          
 99           95          
 103          95          
 103          38          
 103          106         
 76           77          
 76           72          
 63           64          
 63           134         
 63           72          
 63           71          
 110          71          
 110          38          
 110          95          
 110          23          
 110          109         
 109          114         
 109          108         
 152          134         
 152          71          
 39           71          
 39           38          
 39           95          
 39           134         
 39           23          
 114          113         
 114          71          
 114          115         
 114          112         
 114          111         
 114          134         
 114          117         
 114          23          
 112          113         
 32           23          
 32           38          
 111          113         
 111          13          
 108          106         
 86           95          
 86           83          
 86           71          
 117          71          
 117          134         
 106          134         
 106          38          
 106          150         
 106          95          
 106          104         
 106          105         
 106          23          
 113          71          
 113          115         
 113          59          
 113          134         
 113          38          
 115          71          
 150          149         
 150          71          
 150          134         
 62           149         
 62           71          
 62           59          
 51           52          
 136          135         
 136          134         
 136          72          
 105          95          
 105          134         
 130          134         
 147          134         
 147          91          
 147          148         
 148          95          
 148          149         
 148          134         
 126          134         
 126          125         
 66           71          
 66           124         
 66           67          
 66           59          
 66           64          
 66           134         
 66           65          
 95           77          
 95           119         
 95           71          
 95           74          
 95           75          
 95           96          
 95           135         
 95           128         
 95           88          
 95           144         
 95           142         
 95           118         
 95           131         
 95           85          
 95           2           
 95           38          
 95           70          
 95           72          
 95           83          
 95           42          
 95           134         
 95           1           
 95           23          
 95           36          
 95           37          
 95           45          
 95           13          
 95           104         
 95           34          
 95           43          
 95           92          
 95           91          
 95           69          
 95           98          
 95           73          
 95           89          
 140          142         
 140          134         
 70           71          
 70           23          
 70           72          
 72           77          
 72           71          
 72           38          
 72           83          
 72           10          
 72           73          
 72           34          
 72           42          
 72           17          
 72           1           
 72           23          
 72           36          
 72           74          
 83           85          
 83           71          
 83           38          
 83           81          
 83           78          
 83           88          
 83           82          
 83           23          
 42           71          
 42           38          
 42           23          
 65           134         
 23           77          
 23           71          
 23           74          
 23           27          
 23           14          
 23           30          
 23           46          
 23           120         
 23           15          
 23           26          
 23           29          
 23           19          
 23           28          
 23           22          
 23           38          
 23           10          
 23           61          
 23           25          
 23           17          
 23           60          
 23           1           
 23           36          
 23           45          
 23           82          
 23           18          
 23           20          
 23           13          
 23           34          
 23           69          
 23           73          
 45           71          
 45           38          
 45           46          
 45           134         
 134          119         
 134          71          
 134          74          
 134          75          
 134          135         
 134          139         
 134          128         
 134          144         
 134          142         
 134          96          
 134          57          
 134          118         
 134          131         
 134          124         
 134          141         
 134          138         
 134          15          
 134          129         
 134          125         
 134          122         
 134          2           
 134          49          
 134          127         
 134          149         
 134          36          
 134          37          
 134          59          
 134          88          
 134          91          
 134          69          
 134          73          
 134          89          
 13           1           
 13           71          
 13           38          
 13           34          
 13           14          
 13           15          
 13           16          
 34           71          
 34           38          
 34           33          
 34           35          
 88           59          
 88           87          
 88           71          
 67           52          
 135          38          
 135          71          
 119          125         
 71           77          
 71           142         
 71           74          
 71           75          
 71           139         
 71           59          
 71           87          
 71           96          
 71           53          
 71           46          
 71           36          
 71           56          
 71           54          
 71           29          
 71           122         
 71           78          
 71           85          
 71           2           
 71           38          
 71           61          
 71           17          
 71           60          
 71           1           
 71           37          
 71           55          
 71           64          
 71           81          
 71           43          
 71           149         
 71           91          
 71           69          
 71           73          
 71           89          
 124          122         
 124          125         
 52           53          
 52           55          
 52           49          
 52           59          
 52           64          
 52           50          
 52           56          
 52           54          
 123          122         
 123          125         
 122          121         
 122          120         
 122          125         
 53           54          
 53           59          
 149          142         
 57           59          
 46           56          
 46           38          
 129          125         
 56           54          
 56           59          
 54           55          
 54           59          
 125          127         
 125          128         
 38           74          
 38           35          
 38           15          
 38           29          
 38           43          
 38           60          
 38           36          
 38           37          
 38           73          
 38           89          
 61           59          
 60           59          
 36           37          
 64           59          
 59           69          
 69           73          
 73           77          
 73           74          
 77           74          
 77           75          
 77           78          
 142          146         
 142          141         
 142          139         
 142          144         
 142          143         
 74           75          
 144          143         
 16           17          
 30           29          
 29           28          
 85           1           
 2            1           
 92           91          
