 0            49          
 0            153         
 0            157         
 0            102         
 0            98          
 0            158         
 0            137         
 0            96          
 0            152         
 0            155         
 0            154         
 0            93          
 0            156         
 0            90          
 0            92          
 0            91          
 0            94          
 0            146         
 0            147         
 0            13          
 0            11          
 0            139         
 0            12          
 0            10          
 0            2           
 0            138         
 0            19          
 0            42          
 0            89          
 0            72          
 0            9           
 0            4           
 0            8           
 0            151         
 0            61          
 0            111         
 0            113         
 0            14          
 0            7           
 0            85          
 0            109         
 0            104         
 0            112         
 0            110         
 0            105         
 0            132         
 0            150         
 0            135         
 0            88          
 0            1           
 0            70          
 0            71          
 0            78          
 0            69          
 0            36          
 0            86          
 0            134         
 0            15          
 0            23          
 0            114         
 0            133         
 0            125         
 0            65          
 0            100         
 0            118         
 0            148         
 0            121         
 0            123         
 0            41          
 0            159         
 0            126         
 0            47          
 0            16          
 0            38          
 0            64          
 0            66          
 0            73          
 0            144         
 0            67          
 0            68          
 0            141         
 0            3           
 0            29          
 0            25          
 0            80          
 0            5           
 0            21          
 0            6           
 0            26          
 0            31          
 0            35          
 0            75          
 0            83          
 76           78          
 76           65          
 81           78          
 81           65          
 81           82          
 106          36          
 106          41          
 106          104         
 48           49          
 48           36          
 49           134         
 49           41          
 49           60          
 49           65          
 153          134         
 153          152         
 153          101         
 153          154         
 117          118         
 102          73          
 102          104         
 95           88          
 95           96          
 95           134         
 98           65          
 98           88          
 98           96          
 98           134         
 98           99          
 137          134         
 96           65          
 96           41          
 96           88          
 96           97          
 96           134         
 152          88          
 155          154         
 155          156         
 154          88          
 93           88          
 156          88          
 90           88          
 92           88          
 91           88          
 99           88          
 94           88          
 33           134         
 33           36          
 142          88          
 142          144         
 142          141         
 142          134         
 146          147         
 146          134         
 84           88          
 84           36          
 116          118         
 116          41          
 147          88          
 13           65          
 13           36          
 13           41          
 13           15          
 11           12          
 139          134         
 59           60          
 10           65          
 2            73          
 2            1           
 138          134         
 138          65          
 19           18          
 19           65          
 42           65          
 42           36          
 42           41          
 40           65          
 40           36          
 40           41          
 46           65          
 46           41          
 89           88          
 107          88          
 107          134         
 107          41          
 107          104         
 72           73          
 72           71          
 50           51          
 50           134         
 50           65          
 9            65          
 9            41          
 9            88          
 9            60          
 9            36          
 9            8           
 8            111         
 8            7           
 151          134         
 151          65          
 61           65          
 61           41          
 61           88          
 61           60          
 61           36          
 111          112         
 111          65          
 111          110         
 111          113         
 111          14          
 111          134         
 111          109         
 111          36          
 111          41          
 113          112         
 44           65          
 44           36          
 44           41          
 14           15          
 85           88          
 85           86          
 85           78          
 85           65          
 109          65          
 109          134         
 104          134         
 104          105         
 104          88          
 104          101         
 104          103         
 104          36          
 104          123         
 112          65          
 112          110         
 112          60          
 112          41          
 105          65          
 62           65          
 62           60          
 131          134         
 132          133         
 132          134         
 132          71          
 103          88          
 103          134         
 129          134         
 150          134         
 150          82          
 150          149         
 149          88          
 149          148         
 149          134         
 149          1           
 122          134         
 122          123         
 135          65          
 135          41          
 135          115         
 135          18          
 135          60          
 135          134         
 135          133         
 135          136         
 88           73          
 88           65          
 88           67          
 88           68          
 88           100         
 88           133         
 88           108         
 88           121         
 88           114         
 88           141         
 88           144         
 88           79          
 88           97          
 88           80          
 88           5           
 88           41          
 88           70          
 88           43          
 88           78          
 88           69          
 88           134         
 88           6           
 88           36          
 88           38          
 88           39          
 88           86          
 88           15          
 88           101         
 88           23          
 88           71          
 88           83          
 88           82          
 88           64          
 88           66          
 88           87          
 1            134         
 1            159         
 1            3           
 1            65          
 70           65          
 70           41          
 70           71          
 70           134         
 70           36          
 71           73          
 71           65          
 71           41          
 71           78          
 71           66          
 71           23          
 71           69          
 71           29          
 71           21          
 71           36          
 71           38          
 71           67          
 78           80          
 78           65          
 78           41          
 78           75          
 78           35          
 78           74          
 78           77          
 78           114         
 78           79          
 78           36          
 69           65          
 69           41          
 69           36          
 136          134         
 36           73          
 36           65          
 36           67          
 36           34          
 36           17          
 36           28          
 36           58          
 36           3           
 36           37          
 36           27          
 36           29          
 36           25          
 36           30          
 36           41          
 36           26          
 36           63          
 36           32          
 36           134         
 36           21          
 36           47          
 36           6           
 36           38          
 36           39          
 36           86          
 36           77          
 36           31          
 36           35          
 36           15          
 36           23          
 36           43          
 36           64          
 36           66          
 86           65          
 86           41          
 86           58          
 86           134         
 134          125         
 134          65          
 134          67          
 134          145         
 134          68          
 134          133         
 134          143         
 134          159         
 134          124         
 134          141         
 134          144         
 134          100         
 134          118         
 134          128         
 134          79          
 134          97          
 134          115         
 134          119         
 134          37          
 134          27          
 134          121         
 134          123         
 134          108         
 134          5           
 134          148         
 134          126         
 134          38          
 134          39          
 134          130         
 134          60          
 134          114         
 134          82          
 134          64          
 134          66          
 134          87          
 15           6           
 15           65          
 15           41          
 15           23          
 15           17          
 15           16          
 15           20          
 23           65          
 23           41          
 23           24          
 23           22          
 114          115         
 114          60          
 114          65          
 18           54          
 133          65          
 125          123         
 65           73          
 65           67          
 65           68          
 65           143         
 65           60          
 65           124         
 65           144         
 65           100         
 65           56          
 65           148         
 65           58          
 65           38          
 65           57          
 65           55          
 65           29          
 65           118         
 65           80          
 65           5           
 65           41          
 65           63          
 65           21          
 65           47          
 65           6           
 65           39          
 65           53          
 65           51          
 65           75          
 65           43          
 65           83          
 65           82          
 65           64          
 65           66          
 65           87          
 115          118         
 54           56          
 54           53          
 54           60          
 54           51          
 54           52          
 54           57          
 54           55          
 120          118         
 120          123         
 124          123         
 118          119         
 118          3           
 118          123         
 56           55          
 56           60          
 148          144         
 127          128         
 127          126         
 128          60          
 58           57          
 58           41          
 121          123         
 57           55          
 57           60          
 55           53          
 55           60          
 123          126         
 41           67          
 41           45          
 41           22          
 41           17          
 41           43          
 41           37          
 41           29          
 41           52          
 41           47          
 41           38          
 41           39          
 41           35          
 41           51          
 41           60          
 41           64          
 41           66          
 41           87          
 63           60          
 47           60          
 38           39          
 39           73          
 51           60          
 60           64          
 64           66          
 66           73          
 66           67          
 73           67          
 73           74          
 144          145         
 144          143         
 144          141         
 67           68          
 141          140         
 20           21          
 28           29          
 29           30          
 29           6           
 80           6           
 5            6           
 83           82          
