0       120.712642643     0.0              
1       1.00041344444     0.020720350358   
2       1.00077284504     0.045767754917   
3       1.00095138493     0.071390027765   
4       1.00096519981     0.096262163035   
5       1.00055463445     0.12187095363    
6       3.56981040386     0.195077340478   
7       3.57202081246     0.207618457334   
8       1.02582992854     0.302573590837   
9       1.02077346704     0.303090785043   
10      2.31062663945     0.354235711869   
11      2.29171213731     0.422704959316   
12      1.23416276406     0.49399387018    
13      2.32709747414     0.495636083499   
14      2.15655409108     0.586786225594   
15      1.82291529847     0.602342873042   
16      2.16645466657     0.618933159889   
17      3.21598988178     0.746535943582   
18      5.04016148057     0.768344985868   
19      1.94382717551     0.863546170488   
20      1.94774801158     0.90918809104    
21      1.91839573168     0.95721711939    
22      2.50069233009     1.01272767464    
23      1.76174031846     1.06638666715    
24      1.62920989808     1.11210648517    
25      1.60119348155     1.11590323742    
26      1.00022257612     1.16066656448    
27      1.00098281405     1.17299196529    
28      4.75991260861     1.17629474277    
29      6.11762585629     1.2171822966     
30      2.14377869154     1.25715530426    
31      1.00113375647     1.26149059762    
32      1.86151885769     1.29966896761    
33      1.4690111162      1.30263468877    
34      1.44796106436     1.34238486475    
35      1.40890471521     1.37332401388    
36      1.00037927186     1.43229314154    
37      4.26614043097     1.43883165975    
38      1.00135589394     1.44854000544    
39      1.00020773617     1.48754191638    
40      1.00032301041     1.50439772871    
41      1.00227121912     1.52055733247    
42      2.18438586153     1.55276493691    
43      45.2302353714     1.6137391752     
44      5.05218576135     1.66043533303    
45      6.09130989778     1.6618135189     
46      1.31526208703     1.74410919132    
47      2.01413481332     1.78057269363    
48      1.0002729646      1.80608935549    
49      1.38619018386     1.82865677451    
50      35.8183138914     1.86010412968    
51      2.1602524559      1.86542961962    
52      2.18092158046     1.9164123849     
53      5.10527154444     2.01235134837    
54      1.00006866551     2.02288136248    
55      1.14099714901     2.07224326134    
56      1.1921235593      2.09587802539    
57      1.26119714321     2.12912975542    
58      1.66745207206     2.13228797319    
59      1.00284579832     2.16688193641    
60      2.49122422468     2.17082100133    
61      2.96618393211     2.22390812161    
62      6.80903648748     2.255207921      
63      1.00000586572     2.25856612553    
64      1.00139044537     2.27909884786    
65      1.22243719932     2.28210276873    
66      1.00326007312     2.29927691204    
67      2.43513342123     2.30127265999    
68      2.67823489649     2.32353822634    
69      1.00005865867     2.37622237705    
70      3.21266931119     2.4221358152     
71      4.8393090314      2.48163337228    
72      96.4373318953     2.52628734329    
73      1.86791170368     2.5541454231     
74      4.66096831672     2.56452788144    
75      6.97836106917     2.66542606698    
76      1.07539240346     2.6874025139     
77      15.0172088885     2.73557460394    
78      3.60328717166     2.79960856465    
79      3.04714359526     2.88936891117    
80      2.35539770219     3.00472681306    
81      1.03216250469     3.03763586916    
82      1.00065337576     3.05227797044    
83      1.4550904466      3.0699719295     
84      9.34767077436     3.07512289917    
85      1.48025829019     3.09519947194    
86      1.06902843172     3.11426075616    
87      5.88599671304     3.22521670245    
88      2.46890198122     3.36149524574    
89      1.00012870853     3.36214450049    
90      1.66104821873     3.4295103449     
91      1.70211314991     3.48483253482    
92      57.6248329911     3.50704545953    
93      1.0008405276      3.52088124718    
94      1.67937061593     3.54958220187    
95      1.63050277993     3.59541877245    
96      2.78047795862     3.65465646846    
97      2.42375158882     3.713915605      
98      6.63451069423     3.72999703043    
99      3.47645706971     3.78107716754    
100     1.67794113831     3.85117224362    
101     2.03807975981     3.92026176833    
102     4.35221384148     3.92397907828    
103     1.99371756295     4.01849833242    
104     2.07488204358     4.07184451793    
105     1.59214415931     4.16498947171    
106     4.32277259396     4.1860714086     
107     1.4774375573      4.19523962153    
108     1.4101181311      4.23371797165    
109     1.9822521737      4.24076207434    
110     3.58577597065     4.33338328005    
111     1.42614837455     4.42983943772    
112     1.88616767076     4.43418933685    
113     2.01449274892     4.47305436547    
114     4.73079749379     4.49008310642    
115     2.02495509479     4.51034711996    
116     3.58432374588     4.57238196216    
117     1.00142603467     4.57450991109    
118     2.16520518124     4.66146960042    
119     1.77601659579     4.68978935377    
120     3.2800763934      4.69034465406    
121     4.00075990393     4.69469155714    
122     2.15255455006     4.71933290245    
123     2.02399741419     4.82779107411    
124     1.00058259864     4.85403502863    
125     3.34149686833     4.85534318168    
126     2.04626829498     4.87997207463    
127     1.49729975735     4.9071084794     
128     4.29975559637     4.92227301799    
129     1.00139839239     4.922420012      
130     1.47625534938     4.93686493533    
131     2.83865044448     4.96677250485    
132     1.00041758662     4.98156253641    
133     1.88188049178     4.98892665536    
134     1.00372612044     5.06083593712    
135     5.38347474136     5.07554282812    
136     1.02816229635     5.08299739052    
137     1.64783482497     5.16995829699    
138     1.0005746581      5.20283664351    
139     1.58589107922     5.22842970481    
140     1.00071759735     5.25843539517    
141     3.03657657462     5.31646956604    
142     4.14709423688     5.32732708655    
143     55.0642401043     5.33782770186    
144     2.75141875835     5.44672797907    
145     1.52093574127     5.50701125189    
146     1.52466523038     5.55120944785    
147     1.89058007496     5.63764904054    
148     1.00214050597     5.67120805359    
149     6.80888377844     5.68455922915    
150     1.00096692667     5.72190357198    
151     3.52380862208     5.73355691993    
152     1.00252266508     5.74193894898    
153     2.9121373662      5.87509623366    
154     3.05308657743     5.97403125336    
155     2.11210108507     6.06840983329    
156     2.09764985954     6.07198150682    
157     3.10912461205     6.15574618306    
158     3.24159654648     6.25517742457    
