 0            155         
 0            23          
 0            153         
 0            102         
 0            3           
 0            1           
 0            98          
 0            156         
 0            15          
 0            14          
 0            115         
 0            16          
 0            91          
 0            103         
 0            104         
 0            94          
 0            146         
 0            99          
 0            100         
 0            12          
 0            5           
 0            13          
 0            10          
 0            7           
 0            157         
 0            24          
 0            42          
 0            95          
 0            76          
 0            61          
 0            4           
 0            9           
 0            154         
 0            51          
 0            121         
 0            122         
 0            118         
 0            8           
 0            80          
 0            144         
 0            106         
 0            120         
 0            119         
 0            11          
 0            158         
 0            135         
 0            92          
 0            6           
 0            79          
 0            77          
 0            84          
 0            78          
 0            43          
 0            53          
 0            143         
 0            29          
 0            28          
 0            87          
 0            110         
 0            127         
 0            72          
 0            142         
 0            125         
 0            114         
 0            131         
 0            128         
 0            50          
 0            145         
 0            116         
 0            68          
 0            35          
 0            45          
 0            44          
 0            70          
 0            71          
 0            75          
 0            149         
 0            74          
 0            73          
 0            2           
 0            151         
 0            20          
 0            34          
 0            37          
 0            19          
 0            83          
 0            17          
 0            18          
 0            21          
 0            46          
 0            85          
 81           84          
 81           72          
 82           84          
 82           72          
 105          50          
 105          106         
 59           60          
 59           43          
 60           143         
 60           50          
 60           92          
 60           62          
 60           72          
 155          156         
 155          143         
 23           43          
 153          143         
 153          72          
 96           92          
 96           98          
 96           43          
 96           143         
 102          72          
 102          92          
 102          98          
 102          143         
 102          101         
 98           72          
 98           50          
 98           92          
 98           97          
 98           99          
 98           143         
 156          92          
 15           14          
 15           16          
 14           92          
 115          92          
 115          114         
 16           92          
 91           92          
 103          92          
 104          92          
 101          92          
 101          75          
 94           92          
 22           72          
 22           43          
 22           143         
 40           43          
 146          143         
 99           92          
 99           72          
 99           43          
 123          92          
 123          125         
 123          50          
 100          92          
 32           72          
 32           33          
 32           43          
 32           29          
 12           13          
 13           72          
 69           72          
 10           72          
 7            75          
 7            72          
 7            6           
 157          143         
 157          72          
 24           25          
 24           72          
 42           72          
 42           43          
 42           50          
 49           72          
 49           43          
 49           50          
 109          108         
 109          72          
 109          50          
 95           92          
 108          106         
 76           75          
 76           77          
 141          143         
 141          72          
 141          50          
 141          142         
 61           72          
 61           50          
 61           92          
 61           62          
 61           43          
 9            8           
 154          143         
 154          72          
 51           72          
 51           43          
 51           50          
 121          120         
 121          72          
 121          119         
 121          122         
 121          118         
 121          143         
 121          50          
 122          120         
 122          77          
 57           58          
 57           43          
 57           50          
 118          120         
 118          143         
 80           92          
 80           84          
 80           72          
 144          143         
 144          72          
 106          143         
 106          92          
 106          107         
 106          43          
 120          72          
 120          119         
 120          50          
 119          72          
 11           72          
 134          135         
 158          143         
 158          77          
 107          143         
 138          143         
 111          112         
 111          143         
 112          143         
 112          114         
 130          143         
 130          128         
 130          87          
 135          72          
 135          126         
 135          25          
 135          62          
 135          143         
 135          136         
 92           75          
 92           72          
 92           74          
 92           73          
 92           142         
 92           110         
 92           87          
 92           151         
 92           149         
 92           97          
 92           131         
 92           17          
 92           50          
 92           79          
 92           47          
 92           84          
 92           78          
 92           18          
 92           43          
 92           45          
 92           44          
 92           53          
 92           143         
 92           29          
 92           93          
 92           28          
 92           77          
 92           89          
 92           88          
 92           70          
 92           71          
 92           90          
 6            143         
 6            72          
 79           72          
 79           43          
 79           77          
 77           75          
 77           72          
 77           50          
 77           84          
 77           71          
 77           28          
 77           78          
 77           37          
 77           43          
 77           45          
 77           74          
 84           83          
 84           72          
 84           50          
 84           85          
 84           33          
 84           52          
 84           87          
 84           86          
 84           43          
 78           72          
 78           50          
 78           43          
 136          143         
 43           75          
 43           72          
 43           74          
 43           58          
 43           48          
 43           38          
 43           67          
 43           20          
 43           52          
 43           34          
 43           37          
 43           19          
 43           36          
 43           35          
 43           50          
 43           21          
 43           41          
 43           47          
 43           30          
 43           68          
 43           45          
 43           44          
 43           53          
 43           33          
 43           39          
 43           46          
 43           29          
 43           28          
 43           70          
 43           71          
 53           72          
 53           50          
 53           67          
 53           54          
 53           143         
 143          127         
 143          72          
 143          139         
 143          142         
 143          110         
 143          147         
 143          151         
 143          149         
 143          125         
 143          133         
 143          86          
 143          97          
 143          126         
 143          148         
 143          145         
 143          52          
 143          131         
 143          128         
 143          113         
 143          140         
 143          116         
 143          114         
 143          45          
 143          44          
 143          137         
 143          62          
 143          87          
 143          88          
 29           72          
 29           50          
 29           25          
 29           28          
 29           30          
 29           18          
 28           72          
 28           50          
 28           27          
 28           26          
 87           72          
 87           62          
 97           72          
 117          116         
 110          72          
 127          128         
 72           75          
 72           149         
 72           74          
 72           73          
 72           147         
 72           62          
 72           139         
 72           142         
 72           64          
 72           67          
 72           131         
 72           45          
 72           66          
 72           65          
 72           116         
 72           37          
 72           114         
 72           125         
 72           83          
 72           17          
 72           50          
 72           58          
 72           30          
 72           68          
 72           18          
 72           44          
 72           55          
 72           63          
 72           85          
 72           47          
 72           56          
 72           88          
 72           70          
 72           71          
 72           90          
 126          125         
 126          128         
 129          128         
 125          124         
 125          128         
 64           65          
 64           62          
 114          149         
 114          113         
 114          116         
 132          133         
 132          131         
 133          62          
 133          128         
 67           50          
 67           66          
 67           68          
 67           65          
 131          128         
 66           62          
 65           62          
 128          116         
 50           74          
 50           137         
 50           48          
 50           52          
 50           37          
 50           47          
 50           56          
 50           30          
 50           68          
 50           45          
 50           44          
 50           55          
 50           46          
 50           62          
 50           71          
 58           62          
 150          151         
 150          149         
 68           62          
 45           44          
 63           62          
 62           70          
 70           71          
 71           75          
 71           74          
 75           74          
 75           113         
 149          148         
 149          147         
 149          151         
 74           73          
 151          152         
 31           30          
 38           37          
 37           36          
 37           18          
 17           18          
 89           88          
