0       120.162369828     0.0              
1       1.00004817836     0.009800474427   
2       1.00006730867     0.039340278044   
3       1.00297048863     0.06709443215    
4       1.003308077       0.094200501844   
5       1.00208725579     0.121950723627   
6       1.02898801047     0.146842333262   
7       1.09653496238     0.179507959791   
8       1.18530143356     0.219137919018   
9       1.45991415946     0.408272581967   
10      1.4638939943      0.408968041519   
11      3.292399985       0.523925595402   
12      4.2489646041      0.682274657105   
13      2.59907334194     0.821649320219   
14      2.14863042106     0.84048852177    
15      2.14544285194     0.861845534073   
16      2.5624394292      0.882199616553   
17      1.00033304485     1.03483931861    
18      1.03178981894     1.03596621026    
19      1.00182140845     1.06311310122    
20      7.42964681651     1.07436741192    
21      1.0003922251      1.07923338174    
22      12.5098953791     1.1733121688     
23      1.06601407348     1.23065668497    
24      1.69902097897     1.23461597327    
25      2.71577012668     1.35871224766    
26      1.98851316756     1.36475192251    
27      1.83408529484     1.41716680267    
28      1.02558835952     1.47418699575    
29      3.16054043222     1.47458959081    
30      1.00033942339     1.50851992757    
31      1.85701748676     1.51020408568    
32      1.00221967339     1.51709052091    
33      1.00133887529     1.5480648737     
34      1.00005703493     1.56836203111    
35      3.58926508771     1.61729699197    
36      44.6470875604     1.63139942862    
37      1.00032312279     1.67090355349    
38      2.372620101       1.71720797697    
39      4.6202038018      1.81093435292    
40      1.00046523064     1.81778783153    
41      1.93131826971     1.87955789726    
42      1.3282460377      1.91131684227    
43      1.94756450507     1.94268592547    
44      3.09561348772     2.0058735003     
45      1.00102570798     2.04336839496    
46      27.5879727796     2.04693182933    
47      1.0014410394      2.06111553401    
48      1.25210476658     2.0839956664     
49      2.01635257619     2.11642385547    
50      3.08456851765     2.17162431891    
51      2.21644578274     2.23377713082    
52      1.84949460707     2.3086639307     
53      1.0006665551      2.33215301151    
54      5.43047652673     2.33884620112    
55      1.00053079842     2.34343241419    
56      1.17156820283     2.36034814765    
57      1.48473524164     2.36764654061    
58      1.2099384442      2.37218294425    
59      2.15537020432     2.39989721336    
60      1.00118600335     2.44065893282    
61      1.00142968733     2.46707928015    
62      67.3821235173     2.48986503676    
63      3.63689891305     2.51684452308    
64      3.630120787       2.51828188106    
65      4.3049752087      2.55237999697    
66      4.11755795992     2.60254334087    
67      3.35005651531     2.68430159571    
68      1.89991222502     2.73408668752    
69      3.46964149828     2.78622218543    
70      4.03570067205     2.88186865891    
71      2.89405455899     2.96680086081    
72      7.8915141098      2.97891953374    
73      1.46825027659     3.00898870304    
74      1.57707580824     3.08975900834    
75      2.02109740399     3.11916455119    
76      1.00229103702     3.13937182692    
77      8.4169840953      3.1415342305     
78      1.00059459825     3.15220168869    
79      1.3969841031      3.16760403924    
80      1.59404667576     3.1901680877     
81      1.00072575508     3.32794548419    
82      5.33884132785     3.33554058035    
83      2.05245240093     3.42535754179    
84      1.00120870214     3.45357374394    
85      2.07375700354     3.4799564065     
86      1.00072540058     3.50365310465    
87      1.00348615616     3.52051678162    
88      42.3700641559     3.53725329006    
89      2.06185378517     3.54553038692    
90      1.97494885902     3.58196776736    
91      3.04624859433     3.6270931491     
92      2.08561220374     3.67421275735    
93      2.17065729042     3.71792198757    
94      4.38381479043     3.79141641713    
95      2.39690670865     3.86997890987    
96      1.00132078482     3.95888987445    
97      3.9420420194      3.96226717883    
98      5.46008790105     4.02442574878    
99      2.95054405429     4.06399382072    
100     2.73248881473     4.14927599944    
101     1.00002763143     4.2281135676     
102     3.16020456927     4.23430220261    
103     3.02275558495     4.25836371742    
104     3.80104970077     4.36651881927    
105     2.54798573134     4.40510652544    
106     2.55853644708     4.42681360818    
107     2.57123221943     4.47666264706    
108     4.0283148584      4.49828237605    
109     1.74497376385     4.51018851624    
110     1.96488962999     4.5470136987     
111     3.67125035521     4.57522624941    
112     1.78898205584     4.6604533756     
113     2.16973244974     4.67033979939    
114     1.76210580077     4.6823338551     
115     1.87955381749     4.7372609284     
116     1.75973787113     4.7695611297     
117     4.35869832505     4.77234989629    
118     3.71453772627     4.78502471215    
119     1.9063863628      4.79641890123    
120     2.68021681019     4.8939335094     
121     1.51744790883     4.92915964048    
122     4.80355744301     4.93783341051    
123     1.00164575367     4.94550556149    
124     2.4452787089      5.04005566564    
125     1.00034119524     5.07081317886    
126     5.21925167248     5.07424104169    
127     1.31769900939     5.09060119397    
128     2.3455789143      5.11777523668    
129     1.83174392262     5.16786386644    
130     1.04292686848     5.24436554063    
131     6.22147275917     5.25013351062    
132     1.0045446195      5.26020400461    
133     1.00078389494     5.3229256927     
134     1.78709325215     5.34922825756    
135     1.00030575938     5.37606131163    
136     1.00062791751     5.39296562262    
137     1.00005065818     5.40939150088    
138     47.7372313025     5.42811947385    
139     1.97664755211     5.44613120212    
140     1.00323202085     5.47763454609    
141     1.91562824327     5.51274926133    
142     1.85500559495     5.56053748166    
143     1.84931902919     5.60617696791    
144     1.87058603337     5.65326579637    
145     1.12081643011     5.72950007254    
146     1.00049322935     5.74102178127    
147     4.15591048743     5.74912143202    
148     1.00448981947     5.75178192995    
149     1.00388472727     5.76785520984    
150     3.99141413209     5.78051916501    
151     2.32106732972     5.88454841655    
152     2.64540256182     5.96715268277    
153     4.945505484       6.14002287998    
154     1.00047515415     6.14194672259    
155     1.00003648782     6.23696851834    
156     1.00237625398     6.26612857183    
