 0            51          
 0            64          
 0            1           
 0            144         
 0            147         
 0            63          
 0            142         
 0            91          
 0            117         
 0            94          
 0            119         
 0            143         
 0            82          
 0            115         
 0            150         
 0            12          
 0            75          
 0            152         
 0            156         
 0            102         
 0            141         
 0            118         
 0            29          
 0            116         
 0            4           
 0            3           
 0            103         
 0            98          
 0            151         
 0            120         
 0            100         
 0            14          
 0            13          
 0            107         
 0            155         
 0            85          
 0            93          
 0            89          
 0            95          
 0            126         
 0            122         
 0            139         
 0            79          
 0            71          
 0            46          
 0            5           
 0            27          
 0            88          
 0            153         
 0            108         
 0            35          
 0            83          
 0            72          
 0            36          
 0            138         
 0            131         
 0            41          
 0            9           
 0            6           
 0            10          
 0            7           
 0            8           
 0            154         
 0            39          
 0            2           
 0            68          
 0            15          
 0            22          
 0            11          
 0            80          
 0            43          
 0            111         
 0            90          
 0            128         
 0            73          
 0            49          
 0            66          
 0            99          
 0            65          
 0            62          
 74           77          
 74           62          
 76           77          
 114          46          
 114          113         
 112          36          
 112          113         
 129          138         
 129          62          
 143          138         
 141          138         
 140          138         
 16           131         
 16           15          
 16           22          
 98           138         
 98           88          
 98           99          
 98           97          
 98           62          
 100          88          
 14           13          
 14           15          
 13           88          
 107          88          
 107          108         
 85           88          
 93           88          
 89           88          
 96           97          
 95           88          
 12           36          
 12           62          
 34           36          
 92           88          
 92           36          
 121          122         
 121          46          
 83           88          
 25           26          
 25           36          
 25           22          
 25           62          
 9            10          
 154          153         
 68           62          
 43           36          
 43           46          
 44           77          
 44           36          
 44           46          
 44           62          
 48           46          
 48           62          
 90           88          
 73           72          
 134          138         
 134          62          
 51           46          
 51           62          
 18           20          
 18           17          
 142          138         
 49           46          
 49           62          
 117          118         
 117          138         
 117          116         
 117          119         
 117          115         
 117          62          
 119          118         
 45           46          
 75           77          
 75           62          
 152          138         
 102          138         
 102          101         
 102          103         
 118          116         
 118          22          
 118          62          
 113          62          
 130          138         
 130          131         
 103          138         
 133          138         
 105          106         
 105          138         
 105          104         
 106          138         
 106          108         
 136          138         
 131          138         
 131          127         
 131          132         
 131          62          
 88           64          
 88           63          
 88           91          
 88           94          
 88           82          
 88           150         
 88           97          
 88           71          
 88           46          
 88           35          
 88           50          
 88           77          
 88           70          
 88           36          
 88           69          
 88           67          
 88           39          
 88           22          
 88           86          
 88           20          
 88           72          
 88           87          
 88           104         
 88           66          
 88           65          
 88           84          
 88           62          
 153          62          
 153          138         
 35           36          
 35           62          
 72           71          
 72           46          
 72           77          
 72           20          
 72           70          
 72           36          
 72           62          
 77           26          
 77           79          
 77           78          
 77           46          
 77           80          
 77           36          
 77           62          
 70           36          
 70           46          
 70           62          
 132          138         
 108          138         
 108          109         
 108          110         
 39           46          
 39           40          
 39           36          
 39           62          
 138          144         
 138          147         
 138          139         
 138          94          
 138          146         
 138          150         
 138          122         
 138          124         
 138          97          
 138          99          
 138          137         
 138          151         
 138          38          
 138          128         
 138          126         
 138          109         
 138          135         
 138          111         
 138          67          
 138          145         
 138          82          
 138          104         
 138          62          
 22           29          
 22           46          
 22           20          
 22           23          
 22           36          
 22           62          
 20           46          
 20           19          
 20           21          
 20           36          
 20           62          
 82           54          
 82           81          
 82           62          
 97           62          
 110          111         
 62           64          
 62           63          
 62           91          
 62           94          
 62           54          
 62           61          
 62           55          
 62           57          
 62           58          
 62           56          
 62           122         
 62           71          
 62           46          
 62           59          
 62           24          
 62           52          
 62           29          
 62           36          
 62           69          
 62           67          
 62           60          
 62           53          
 62           50          
 62           104         
 62           66          
 62           65          
 127          126         
 125          126         
 122          123         
 122          120         
 122          126         
 55           54          
 36           64          
 36           63          
 36           59          
 36           30          
 36           42          
 36           120         
 36           38          
 36           28          
 36           31          
 36           11          
 36           32          
 36           46          
 36           27          
 36           37          
 36           50          
 36           24          
 36           69          
 36           26          
 36           33          
 36           41          
 36           66          
 36           65          
 124          54          
 124          126         
 57           56          
 57           46          
 57           58          
 128          126         
 58           54          
 56           54          
 126          111         
 46           42          
 46           38          
 46           50          
 46           47          
 46           52          
 46           69          
 46           67          
 46           41          
 46           54          
 59           54          
 148          147         
 52           54          
 53           54          
 54           66          
 66           65          
 65           64          
 65           63          
 64           63          
 147          145         
 147          146         
 147          150         
 147          149         
 150          149         
 23           24          
 30           31          
 28           29          
 31           29          
 31           32          
