 0            154         
 0            18          
 0            10          
 0            101         
 0            167         
 0            1           
 0            103         
 0            99          
 0            13          
 0            14          
 0            120         
 0            12          
 0            98          
 0            97          
 0            95          
 0            6           
 0            162         
 0            168         
 0            90          
 0            8           
 0            4           
 0            7           
 0            170         
 0            2           
 0            122         
 0            165         
 0            164         
 0            22          
 0            94          
 0            9           
 0            67          
 0            5           
 0            156         
 0            11          
 0            128         
 0            131         
 0            37          
 0            130         
 0            69          
 0            86          
 0            126         
 0            109         
 0            129         
 0            127         
 0            114         
 0            110         
 0            152         
 0            91          
 0            149         
 0            80          
 0            79          
 0            119         
 0            45          
 0            150         
 0            24          
 0            112         
 0            77          
 0            96          
 0            163         
 0            166         
 0            134         
 0            34          
 0            139         
 0            142         
 0            42          
 0            146         
 0            145         
 0            169         
 0            44          
 0            3           
 0            71          
 0            72          
 0            74          
 0            159         
 0            73          
 0            75          
 0            161         
 0            155         
 0            140         
 0            82          
 0            138         
 0            15          
 0            17          
 0            39          
 0            84          
 0            93          
 81           83          
 81           77          
 23           83          
 23           24          
 124          109         
 124          123         
 30           34          
 108          109         
 108          77          
 154          153         
 154          150         
 18           20          
 104          103         
 10           150         
 10           34          
 102          103         
 102          150         
 101          129         
 101          150         
 101          91          
 101          103         
 101          100         
 101          77          
 103          150         
 103          42          
 103          91          
 103          105         
 103          77          
 99           91          
 13           14          
 13           12          
 14           91          
 120          91          
 120          119         
 12           77          
 98           91          
 97           91          
 95           91          
 100          91          
 100          74          
 50           51          
 6            150         
 6            34          
 6            77          
 162          91          
 162          159         
 162          161         
 162          150         
 87           91          
 87           34          
 125          126         
 90           91          
 36           35          
 36           34          
 36           42          
 36           24          
 36           77          
 8            7           
 122          119         
 165          150         
 165          164         
 165          77          
 22           34          
 22           42          
 22           24          
 22           77          
 41           34          
 41           42          
 41           77          
 106          107         
 106          42          
 106          24          
 106          77          
 94           91          
 107          109         
 9            79          
 61           60          
 61           150         
 61           65          
 61           42          
 61           77          
 67           68          
 67           65          
 67           42          
 67           77          
 68           69          
 156          150         
 11           34          
 11           42          
 11           77          
 128          129         
 128          150         
 128          127         
 128          131         
 128          130         
 128          126         
 128          77          
 131          129         
 131          150         
 37           38          
 37           34          
 37           42          
 130          129         
 69           77          
 86           91          
 86           83          
 86           77          
 126          129         
 126          150         
 126          77          
 109          150         
 109          91          
 109          112         
 109          110         
 129          127         
 129          77          
 123          150         
 123          77          
 54           56          
 114          150         
 114          112         
 147          150         
 115          116         
 115          150         
 115          93          
 116          150         
 116          119         
 55           150         
 55           56          
 66           65          
 53           52          
 53           56          
 52           152         
 152          150         
 152          141         
 152          153         
 152          137         
 152          56          
 152          151         
 152          119         
 152          77          
 91           74          
 91           159         
 91           73          
 91           75          
 91           96          
 91           112         
 91           161         
 91           51          
 91           118         
 91           138         
 91           42          
 91           80          
 91           40          
 91           83          
 91           78          
 91           15          
 91           34          
 91           43          
 91           44          
 91           45          
 91           150         
 91           24          
 91           20          
 91           79          
 91           92          
 91           93          
 91           71          
 91           88          
 91           72          
 91           89          
 91           77          
 149          148         
 149          150         
 80           150         
 80           79          
 80           34          
 80           77          
 79           74          
 79           42          
 79           83          
 79           72          
 79           20          
 79           78          
 79           32          
 79           73          
 79           34          
 79           43          
 79           77          
 83           35          
 83           82          
 83           85          
 83           42          
 83           84          
 83           112         
 83           39          
 83           34          
 83           77          
 78           34          
 78           42          
 78           77          
 151          150         
 151          56          
 119          150         
 119          121         
 119          145         
 119          117         
 119          159         
 119          118         
 119          77          
 45           150         
 45           42          
 45           47          
 45           34          
 45           77          
 150          163         
 150          159         
 150          166         
 150          96          
 150          157         
 150          161         
 150          134         
 150          148         
 150          105         
 150          135         
 150          155         
 150          146         
 150          27          
 150          139         
 150          142         
 150          121         
 150          143         
 150          138         
 150          145         
 150          43          
 150          44          
 150          56          
 150          112         
 150          77          
 24           15          
 24           42          
 24           153         
 24           20          
 24           27          
 24           26          
 24           25          
 24           34          
 24           77          
 20           42          
 20           19          
 20           21          
 20           136         
 20           34          
 20           77          
 112          111         
 112          113         
 112          77          
 153          56          
 105          77          
 77           74          
 77           163         
 77           73          
 77           75          
 77           96          
 77           56          
 77           146         
 77           113         
 77           166         
 77           51          
 77           47          
 77           139         
 77           32          
 77           48          
 77           38          
 77           46          
 77           145         
 77           134         
 77           138         
 77           42          
 77           159         
 77           49          
 77           15          
 77           34          
 77           43          
 77           44          
 77           57          
 77           60          
 77           40          
 77           58          
 77           76          
 77           63          
 77           93          
 77           71          
 77           72          
 77           89          
 141          142         
 144          142         
 134          135         
 134          133         
 134          137         
 134          132         
 134          136         
 134          142         
 51           42          
 51           56          
 51           31          
 51           34          
 34           74          
 34           73          
 34           38          
 34           111         
 34           29          
 34           33          
 34           47          
 34           132         
 34           27          
 34           16          
 34           32          
 34           140         
 34           31          
 34           42          
 34           17          
 34           137         
 34           40          
 34           117         
 34           26          
 34           49          
 34           15          
 34           43          
 34           44          
 34           35          
 34           28          
 34           39          
 34           60          
 34           71          
 34           72          
 135          142         
 148          142         
 47           42          
 47           48          
 47           49          
 47           46          
 139          142         
 48           56          
 48           42          
 46           56          
 46           42          
 142          143         
 142          145         
 142          140         
 42           73          
 42           158         
 42           38          
 42           85          
 42           111         
 42           27          
 42           32          
 42           40          
 42           117         
 42           26          
 42           49          
 42           43          
 42           44          
 42           39          
 42           60          
 42           56          
 42           71          
 49           56          
 43           44          
 44           56          
 57           56          
 59           60          
 59           63          
 59           56          
 60           56          
 56           58          
 56           62          
 56           65          
 56           71          
 70           71          
 63           62          
 63           65          
 64           65          
 71           72          
 72           74          
 72           73          
 74           73          
 74           75          
 159          158         
 159          157         
 159          161         
 159          160         
 161          160         
 25           26          
 33           32          
 16           15          
 32           31          
 32           15          
 138          137         
 138          15          
 92           93          
