0       97.6031504989     0.0              
1       1.00168615722     0.026677446404   
2       1.00005035752     0.05365468568    
3       1.00050943742     0.079356166764   
4       1.00071944037     0.106859401161   
5       1.00023322049     0.137240722071   
6       4.62365497758     0.229611008064   
7       1.09658438487     0.357536991323   
8       1.09666851498     0.359267962808   
9       2.23184476178     0.418210874977   
10      3.1619616442      0.511608433749   
11      3.86463387399     0.648422966817   
12      1.91618380667     0.757364065291   
13      1.65116351787     0.771555260114   
14      1.87949896482     0.784424070621   
15      5.80638751235     0.909466349762   
16      1.38647328667     0.919904984162   
17      1.67130411105     1.00591426828    
18      1.33015947838     1.06956173774    
19      1.00108341457     1.09118652257    
20      5.67135682001     1.10063870545    
21      1.00094335678     1.11112302971    
22      3.10168037456     1.2453542133     
23      1.00846608163     1.29225822253    
24      10.0938351007     1.30350878817    
25      1.00087265875     1.32957934593    
26      1.60239705268     1.33134065249    
27      2.32158464754     1.39032251339    
28      1.00267583392     1.44228086948    
29      1.00207452771     1.46449962245    
30      1.00129996758     1.48442451988    
31      1.28305780965     1.51670777473    
32      3.09908180859     1.52986383213    
33      1.00036709336     1.53384971043    
34      40.4747813185     1.57806326118    
35      1.1583238172      1.5885565736     
36      2.23017466291     1.58902171133    
37      1.65059386807     1.64299716228    
38      1.65274293801     1.64422217477    
39      2.14104578732     1.68880236789    
40      2.16395041203     1.7366374016     
41      1.49330198604     1.77989895548    
42      31.9549206077     1.85546323858    
43      4.25369124239     1.86743173419    
44      5.00736204689     1.87179923516    
45      3.64191921877     1.995759938      
46      1.53752618992     2.04701347186    
47      2.55590683362     2.05723264514    
48      1.51118551778     2.06774243588    
49      2.24440853709     2.09667834691    
50      1.00020212127     2.15520780332    
51      3.11925774831     2.15996778765    
52      1.00081752449     2.19944869308    
53      1.00309950546     2.20093174091    
54      1.00030015469     2.22524810775    
55      1.00270396012     2.24180393995    
56      9.35121915131     2.25319494573    
57      1.00681138392     2.2620602761     
58      1.05488635221     2.28043022034    
59      1.213286926       2.32122751798    
60      2.3170548354      2.32731512972    
61      2.03245748949     2.34785833825    
62      1.00016358668     2.3710882602     
63      1.482323896       2.37480299542    
64      1.00175149583     2.39631205757    
65      2.05197106744     2.39783892273    
66      1.00116055622     2.40527475978    
67      2.29297442682     2.43893395345    
68      1.0006284675      2.4563129521     
69      1.27437107462     2.45929327903    
70      1.00014195382     2.5201547907     
71      3.74879407075     2.5248705832     
72      4.03094262259     2.61264192289    
73      4.0056453609      2.63708037902    
74      4.47123723406     2.68339791025    
75      1.9658293369      2.71064479459    
76      1.00112570638     2.75612829867    
77      69.1588665457     2.80380641393    
78      3.07264127922     2.83571179119    
79      12.3505209225     2.89723767834    
80      4.06160694617     2.96440476485    
81      1.00151115184     3.15016287243    
82      1.00055069057     3.17071394561    
83      9.17134626785     3.18356477978    
84      1.00004427393     3.18809968538    
85      1.00003176885     3.20450945984    
86      2.61876399771     3.26319576009    
87      1.34000520428     3.35563525234    
88      1.00609402432     3.38457499037    
89      1.34068468142     3.40942938337    
90      1.35618212463     3.44659166898    
91      39.4281820601     3.46837152312    
92      1.00643716385     3.50201585355    
93      3.06490431936     3.50236091496    
94      1.32823458303     3.55105071415    
95      1.37832585134     3.57791429054    
96      3.02245586583     3.62845092433    
97      1.50649366083     3.67797271428    
98      1.58857925903     3.7118398998     
99      1.63598721327     3.75009654175    
100     1.93389662189     3.81671029413    
101     4.64374687657     3.83493647449    
102     1.27756474618     3.91532468899    
103     5.01278540177     3.92716809926    
104     1.00173863092     3.93673974988    
105     2.16874227482     3.97315470671    
106     2.37778296789     4.06790610839    
107     1.32496753215     4.07894854175    
108     1.30853349824     4.11286305559    
109     3.9057897708      4.12391269821    
110     1.35463245627     4.13681006487    
111     1.99335797944     4.19654899173    
112     4.8908833725      4.22164966991    
113     1.35788270396     4.22700624394    
114     2.31154150996     4.26936036729    
115     2.09375379901     4.35812302708    
116     2.05955793527     4.36725612998    
117     2.22542079424     4.42802204874    
118     1.35971683546     4.46231425292    
119     6.4833131687      4.48436663114    
120     1.96391753353     4.49059936436    
121     1.42925183085     4.51860378279    
122     1.66850938165     4.54789566275    
123     1.97218036231     4.60018405316    
124     1.42111474226     4.60058206051    
125     1.00183105905     4.67762705077    
126     3.132280895       4.68010535103    
127     1.25856120348     4.72848033025    
128     3.46119238069     4.73748516449    
129     3.47070613481     4.7385755417     
130     1.17027156978     4.74575765024    
131     2.21636885336     4.7717298999     
132     1.4960868712      4.86532341948    
133     1.00077490744     4.8869586905     
134     4.07344005977     4.89805776804    
135     1.55805889858     4.90449853992    
136     1.17117485961     4.92192379018    
137     2.24855921722     4.95878408268    
138     3.4160919983      4.97624004252    
139     2.43870203981     5.04619627013    
140     1.5998305469      5.08101400129    
141     1.0019218026      5.10236427247    
142     5.39104871637     5.11177731937    
143     1.00082699517     5.11851788412    
144     1.00029204124     5.13103166197    
145     3.62309207512     5.18227920372    
146     2.34516170783     5.27550336573    
147     1.00027750475     5.31879506743    
148     1.45914439002     5.35260930701    
149     1.45883572054     5.35545968001    
150     46.6366062845     5.41292665998    
151     1.79862704611     5.46737810936    
152     8.51406425731     5.48660679822    
153     2.24799314357     5.61399105706    
154     1.39518085607     5.61886770033    
155     1.31198880203     5.66418642132    
156     1.34234768127     5.695807735      
157     1.00217409943     5.75951212952    
158     1.00044215112     5.77647748516    
159     5.6142620956      5.78566301904    
160     1.00122484546     5.80317871275    
161     3.05346747981     5.81216088932    
162     3.05823573025     5.84061537157    
163     2.59857039467     5.94732178661    
164     1.00063083474     6.03224350231    
165     2.89516123266     6.0338681138     
166     3.16140066806     6.14388760526    
167     1.00059803235     6.20329434439    
168     1.00497190159     6.22903795751    
169     1.00000777313     6.2537247118     
170     1.00015784041     6.28255407559    
