0       102.556191799     0.0              
1       1.00082800691     0.011331646412   
2       1.00273265241     0.030801892306   
3       1.00278252486     0.054901794084   
4       1.00294626157     0.054995795348   
5       4.82410782458     0.115404715279   
6       1.00147015802     0.179129333185   
7       2.11765151012     0.218683267485   
8       1.42807171858     0.243280889104   
9       2.32801128021     0.251425667955   
10      1.42702484222     0.260308225652   
11      1.76206359135     0.28460212207    
12      2.73430960529     0.302877690544   
13      3.82093481378     0.402802906819   
14      2.90527367323     0.50435685416    
15      3.63195194192     0.605895072206   
16      2.74038062967     0.72456136919    
17      3.11489183039     0.744794111394   
18      3.35690814357     0.802464074174   
19      1.20758653286     0.803146800486   
20      1.22522461283     0.872714102541   
21      4.45328711559     0.88047351366    
22      1.26793521292     0.89554854507    
23      1.00013103543     1.02789520929    
24      5.61078034258     1.04125499851    
25      1.00122114679     1.04641945043    
26      2.09314972076     1.14767903525    
27      1.00079676835     1.17470383692    
28      1.00135096839     1.19017284972    
29      7.8794724361      1.19388009479    
30      1.39209265681     1.21446936769    
31      2.09801448428     1.25162533349    
32      1.0034686089      1.29716613714    
33      1.00131490513     1.31605814418    
34      1.00185770831     1.3334142979     
35      1.00067148064     1.34976789631    
36      3.13565484969     1.39039966183    
37      38.9102641134     1.3984118652     
38      1.55658678998     1.4498328037     
39      3.38174372734     1.51696843162    
40      1.00306220059     1.56420650113    
41      1.35361437163     1.58918087682    
42      2.16967004208     1.62777569862    
43      1.38842844804     1.67386178451    
44      1.0002778704      1.67486920841    
45      33.9258844714     1.70166968037    
46      4.26031783959     1.7466337432     
47      1.06269388594     1.86886721963    
48      5.05451027962     1.88182890788    
49      1.09022123512     1.89490145021    
50      4.45749274513     1.9481117833     
51      63.3780752279     1.97583691311    
52      1.00031458252     2.00989907634    
53      1.00454133977     2.03195304623    
54      3.36415382125     2.07978021529    
55      1.3189885559      2.11864131159    
56      2.5244527097      2.13286021993    
57      1.34756242128     2.14033238416    
58      1.3208823702      2.14075258104    
59      2.39019458742     2.1760730879     
60      1.74471886545     2.19654888516    
61      1.00061587853     2.20024789108    
62      1.36411260173     2.25564047662    
63      1.00049884958     2.25974207759    
64      3.1748624839      2.28324876024    
65      1.00043776659     2.28468724173    
66      1.30526403431     2.32723798128    
67      1.00017014357     2.32822630532    
68      1.0001015338      2.34402862938    
69      1.00203297971     2.34835006598    
70      1.00100035142     2.35229587203    
71      1.10117046105     2.3686798055     
72      1.00332199388     2.37099388443    
73      1.19475314575     2.37746236983    
74      1.00146706649     2.40147014288    
75      1.90556968906     2.40485081782    
76      2.81916520077     2.42043330625    
77      1.20739062985     2.4709400731     
78      13.4516051739     2.47328149104    
79      1.00148321137     2.49598785217    
80      1.26397811539     2.51630148789    
81      1.84305729269     2.55161487911    
82      2.75985395644     2.59377201176    
83      3.2404072553      2.67231549827    
84      1.7968738491      2.67730505541    
85      4.90641922717     2.72436148901    
86      1.0002360134      2.79492535426    
87      13.9591968535     2.82197225185    
88      5.17678092627     2.86430390478    
89      1.00371335925     2.96185624452    
90      6.56327800839     2.96674206321    
91      3.54110016071     3.06009655367    
92      1.00071713162     3.12557461349    
93      1.82058575252     3.16003188164    
94      1.00094679097     3.19409591741    
95      40.27155614       3.20220062401    
96      1.92317523462     3.23060848013    
97      1.00078612689     3.26407579309    
98      1.95911769945     3.29951918359    
99      1.92887316871     3.34840143843    
100     1.94600304712     3.39222541995    
101     2.00210004746     3.44158487281    
102     3.31544098336     3.53100208896    
103     1.42976410954     3.59220723424    
104     7.11379119535     3.59957910081    
105     1.45761113498     3.62115962359    
106     1.74318991693     3.65255403282    
107     1.6213006454      3.75580327985    
108     4.09506777005     3.7662844208     
109     1.64073151784     3.83790603434    
110     5.93070632365     3.85692916566    
111     1.0000994756      3.86165895536    
112     1.89974705365     3.89421976673    
113     1.59025930994     3.97485318971    
114     1.55768971026     3.97898203607    
115     2.35997763562     4.02584583262    
116     4.76722536889     4.05515039901    
117     2.25178121313     4.07073897318    
118     1.47370821113     4.11313579033    
119     2.08107707852     4.11958227344    
120     1.00144920438     4.20677453163    
121     5.39342204694     4.21280315852    
122     3.46377639136     4.25503687786    
123     2.79714456008     4.38887061586    
124     6.43426458257     4.43828597561    
125     1.80931857167     4.45332552248    
126     1.00113151793     4.50857748063    
127     2.0583564009      4.51185554065    
128     1.71405916217     4.52901030321    
129     1.8582640127      4.53704085742    
130     2.84891354463     4.59419390687    
131     2.87243318944     4.60085020754    
132     3.02540012584     4.68315880046    
133     1.30832995507     4.71440167479    
134     3.14386223578     4.72417275041    
135     3.73734287168     4.72597150766    
136     1.26616291193     4.73148097418    
137     2.53239415525     4.76101384942    
138     1.63100308938     4.87299163813    
139     1.00015401986     4.89295473528    
140     4.65860034336     4.90459197942    
141     1.30226291846     4.90978152331    
142     1.49989120976     4.9384219483     
143     1.95912509121     4.97940256712    
144     1.73595997978     5.01350236832    
145     5.39403996752     5.01708883487    
146     1.00127300473     5.0296844425     
147     1.34684247975     5.04700501806    
148     2.9918872018      5.09307106782    
149     3.44436779735     5.2275846297     
150     1.90807533243     5.31174478537    
151     11.3612637214     5.31788295556    
152     1.00353538438     5.34729898461    
153     1.00212853272     5.44831195655    
154     1.0015890183      5.47139994033    
155     1.00003395783     5.49274590468    
156     1.00231072743     5.51433024275    
157     47.9971005116     5.51503281793    
158     2.89649172935     5.57036360981    
159     2.93922951967     5.57966748792    
160     1.46160129807     5.65593003937    
161     1.46929587847     5.69759525704    
162     1.47151401869     5.73739168464    
163     1.00053145157     5.83427964892    
164     1.00068658299     5.85030873698    
165     6.31873139651     5.85462230893    
166     1.00050022227     5.87981520947    
167     3.29469081607     5.88745983419    
168     1.79190631525     5.9936853822     
169     3.22637323274     6.08569220912    
170     1.00026826373     6.14262102249    
171     1.00092790819     6.16795174162    
172     1.00365414552     6.19305831829    
173     1.00168590334     6.1933519318     
174     1.00309729454     6.20960123       
175     1.0000174933      6.22705175949    
176     1.00114388008     6.25142729844    
177     1.00087538152     6.27178512599    
