 0            158         
 0            177         
 0            169         
 0            108         
 0            2           
 0            174         
 0            110         
 0            176         
 0            9           
 0            10          
 0            123         
 0            8           
 0            99          
 0            93          
 0            98          
 0            89          
 0            15          
 0            1           
 0            96          
 0            31          
 0            173         
 0            175         
 0            172         
 0            3           
 0            4           
 0            170         
 0            12          
 0            11          
 0            36          
 0            159         
 0            7           
 0            64          
 0            6           
 0            168         
 0            42          
 0            135         
 0            137         
 0            43          
 0            133         
 0            62          
 0            102         
 0            132         
 0            116         
 0            134         
 0            136         
 0            113         
 0            160         
 0            117         
 0            151         
 0            95          
 0            131         
 0            5           
 0            87          
 0            104         
 0            46          
 0            37          
 0            54          
 0            157         
 0            29          
 0            121         
 0            109         
 0            51          
 0            13          
 0            122         
 0            161         
 0            140         
 0            124         
 0            144         
 0            145         
 0            45          
 0            162         
 0            39          
 0            171         
 0            50          
 0            78          
 0            83          
 0            85          
 0            90          
 0            165         
 0            88          
 0            91          
 0            167         
 0            21          
 0            143         
 0            100         
 0            17          
 0            18          
 0            14          
 0            38          
 0            103         
 0            148         
 105          104         
 105          51          
 106          104         
 106          51          
 114          116         
 114          113         
 32           37          
 115          45          
 115          116         
 115          51          
 158          149         
 158          157         
 158          159         
 111          110         
 169          157         
 169          45          
 112          110         
 112          157         
 108          157         
 108          95          
 108          110         
 108          107         
 108          51          
 59           60          
 59           56          
 59           37          
 59           45          
 59           51          
 110          157         
 110          45          
 110          95          
 110          109         
 110          131         
 110          51          
 9            7           
 9            11          
 9            10          
 9            8           
 10           95          
 123          95          
 123          124         
 8            95          
 99           95          
 93           95          
 98           95          
 107          90          
 89           90          
 15           157         
 15           37          
 15           51          
 34           37          
 101          95          
 101          37          
 94           95          
 96           95          
 31           37          
 31           29          
 31           51          
 173          172         
 3            4           
 12           157         
 12           11          
 12           51          
 36           37          
 36           45          
 36           29          
 36           51          
 41           37          
 41           45          
 41           51          
 119          118         
 119          45          
 119          51          
 159          95          
 159          157         
 118          116         
 7            87          
 75           76          
 75           157         
 75           74          
 75           45          
 75           51          
 64           65          
 64           63          
 64           68          
 64           51          
 64           37          
 64           45          
 63           62          
 168          157         
 42           37          
 42           45          
 42           51          
 135          134         
 135          157         
 135          136         
 135          137         
 135          133         
 135          132         
 135          51          
 137          134         
 137          157         
 43           44          
 43           37          
 43           45          
 133          134         
 62           51          
 102          95          
 102          104         
 102          51          
 132          134         
 132          157         
 132          51          
 116          157         
 116          95          
 116          121         
 116          117         
 134          136         
 134          51          
 80           78          
 80           151         
 160          157         
 117          157         
 153          157         
 128          129         
 128          157         
 128          127         
 129          157         
 129          124         
 79           78          
 69           70          
 69           68          
 86           87          
 67           66          
 67           78          
 65           51          
 66           151         
 66           51          
 151          152         
 151          147         
 151          149         
 151          16          
 151          78          
 151          157         
 151          165         
 151          150         
 151          124         
 151          51          
 95           90          
 95           165         
 95           88          
 95           91          
 95           13          
 95           121         
 95           167         
 95           82          
 95           92          
 95           100         
 95           17          
 95           45          
 95           5           
 95           39          
 95           104         
 95           46          
 95           37          
 95           48          
 95           50          
 95           54          
 95           157         
 95           29          
 95           24          
 95           87          
 95           127         
 95           83          
 95           85          
 95           97          
 95           51          
 131          130         
 131          157         
 5            157         
 5            37          
 5            51          
 87           90          
 87           45          
 87           104         
 87           85          
 87           24          
 87           82          
 87           81          
 87           46          
 87           21          
 87           88          
 87           37          
 87           48          
 87           51          
 104          45          
 104          103         
 104          121         
 104          37          
 104          51          
 46           45          
 46           37          
 46           51          
 150          157         
 150          78          
 37           90          
 37           88          
 37           20          
 37           40          
 37           138         
 37           26          
 37           19          
 37           21          
 37           143         
 37           22          
 37           45          
 37           14          
 37           16          
 37           39          
 37           30          
 37           18          
 37           48          
 37           54          
 37           35          
 37           33          
 37           38          
 37           29          
 37           76          
 37           24          
 37           83          
 37           85          
 37           51          
 54           45          
 54           56          
 54           51          
 157          122         
 157          165         
 157          161         
 157          91          
 157          13          
 157          163         
 157          121         
 157          167         
 157          140         
 157          130         
 157          152         
 157          155         
 157          162         
 157          26          
 157          144         
 157          145         
 157          125         
 157          156         
 157          148         
 157          124         
 157          48          
 157          50          
 157          14          
 157          154         
 157          78          
 157          51          
 29           45          
 29           149         
 29           24          
 29           26          
 29           28          
 29           30          
 29           27          
 29           51          
 24           45          
 24           25          
 24           23          
 24           141         
 24           51          
 121          122         
 121          120         
 121          51          
 149          78          
 51           90          
 51           122         
 51           88          
 51           91          
 51           13          
 51           78          
 51           52          
 51           82          
 51           124         
 51           56          
 51           21          
 51           55          
 51           44          
 51           58          
 51           57          
 51           17          
 51           45          
 51           39          
 51           47          
 51           53          
 51           60          
 51           18          
 51           48          
 51           140         
 51           50          
 51           49          
 51           76          
 51           84          
 51           81          
 51           77          
 51           72          
 51           71          
 51           127         
 51           83          
 51           85          
 147          145         
 146          145         
 140          142         
 140          139         
 140          16          
 140          138         
 140          141         
 140          145         
 82           78          
 82           45          
 124          125         
 124          130         
 124          148         
 124          165         
 142          145         
 130          145         
 56           45          
 56           55          
 56           58          
 56           57          
 144          145         
 55           45          
 58           78          
 58           57          
 57           78          
 145          148         
 145          143         
 45           88          
 45           44          
 45           40          
 45           26          
 45           21          
 45           39          
 45           47          
 45           30          
 45           60          
 45           48          
 45           50          
 45           38          
 45           76          
 45           78          
 47           48          
 164          165         
 60           61          
 48           50          
 48           49          
 50           78          
 49           78          
 73           76          
 73           72          
 73           78          
 76           78          
 78           84          
 78           81          
 78           77          
 78           71          
 78           70          
 78           74          
 78           83          
 84           83          
 84           85          
 72           71          
 83           85          
 85           90          
 85           88          
 90           88          
 90           91          
 165          163         
 165          167         
 165          166         
 167          166         
 20           21          
 19           18          
 21           22          
 21           18          
 17           18          
 17           16          
 126          127         
