 0            7           
 0            110         
 0            158         
 0            172         
 0            157         
 0            104         
 0            5           
 0            173         
 0            102         
 0            88          
 0            3           
 0            1           
 0            123         
 0            2           
 0            91          
 0            4           
 0            24          
 0            6           
 0            11          
 0            165         
 0            171         
 0            89          
 0            30          
 0            177         
 0            174         
 0            178         
 0            175         
 0            10          
 0            126         
 0            169         
 0            170         
 0            33          
 0            159         
 0            81          
 0            58          
 0            8           
 0            130         
 0            36          
 0            133         
 0            131         
 0            38          
 0            136         
 0            56          
 0            92          
 0            132         
 0            113         
 0            134         
 0            135         
 0            116         
 0            118         
 0            117         
 0            122         
 0            152         
 0            87          
 0            127         
 0            9           
 0            80          
 0            96          
 0            90          
 0            34          
 0            48          
 0            154         
 0            26          
 0            22          
 0            119         
 0            42          
 0            150         
 0            120         
 0            168         
 0            12          
 0            141         
 0            124         
 0            149         
 0            145         
 0            40          
 0            147         
 0            138         
 0            176         
 0            43          
 0            63          
 0            78          
 0            79          
 0            82          
 0            163         
 0            83          
 0            84          
 0            20          
 0            166         
 0            14          
 0            97          
 0            93          
 0            18          
 0            17          
 0            167         
 0            98          
 0            100         
 0            107         
 95           96          
 95           42          
 115          113         
 115          116         
 109          110         
 110          154         
 110          40          
 110          113         
 110          42          
 114          113         
 158          154         
 158          159         
 101          102         
 157          154         
 157          40          
 139          102         
 139          141         
 139          154         
 104          154         
 104          87          
 104          103         
 104          102         
 104          105         
 104          42          
 53           54          
 53           51          
 53           34          
 53           40          
 53           42          
 102          154         
 102          40          
 102          87          
 102          103         
 102          100         
 102          42          
 88           87          
 3            4           
 3            1           
 3            2           
 1            87          
 123          87          
 123          124         
 2            87          
 91           87          
 4            87          
 24           26          
 11           154         
 11           34          
 11           42          
 165          166         
 165          163         
 85           87          
 85           34          
 142          87          
 142          141         
 89           87          
 30           34          
 30           40          
 30           26          
 30           42          
 177          178         
 10           42          
 126          127         
 126          124         
 169          154         
 169          170         
 169          42          
 33           34          
 33           40          
 33           26          
 33           42          
 37           34          
 37           40          
 37           42          
 111          112         
 111          40          
 111          26          
 111          42          
 159          87          
 112          113         
 81           82          
 81           80          
 59           154         
 59           61          
 59           40          
 59           42          
 58           40          
 58           87          
 58           129         
 58           57          
 58           60          
 58           34          
 58           42          
 57           56          
 130          154         
 130          133         
 130          42          
 36           87          
 36           34          
 36           40          
 36           42          
 133          134         
 133          154         
 133          135         
 133          40          
 133          131         
 133          136         
 133          132         
 133          42          
 131          134         
 131          154         
 38           39          
 38           34          
 38           40          
 38           42          
 136          134         
 56           42          
 92           87          
 92           96          
 92           40          
 92           42          
 132          134         
 132          154         
 132          42          
 113          154         
 113          117         
 113          124         
 134          135         
 134          40          
 134          42          
 116          124         
 153          154         
 153          69          
 153          152         
 118          154         
 118          119         
 117          154         
 117          119         
 155          154         
 121          122         
 121          154         
 121          119         
 122          154         
 122          124         
 156          154         
 62           65          
 62           63          
 62           60          
 62           61          
 68           67          
 68           69          
 66           67          
 66           65          
 66           69          
 67           69          
 67           42          
 65           69          
 152          154         
 152          148         
 152          71          
 152          19          
 152          163         
 152          151         
 152          124         
 152          42          
 87           82          
 87           163         
 87           83          
 87           84          
 87           168         
 87           150         
 87           119         
 87           166         
 87           74          
 87           99          
 87           86          
 87           93          
 87           18          
 87           40          
 87           9           
 87           41          
 87           96          
 87           90          
 87           154         
 87           34          
 87           44          
 87           43          
 87           48          
 87           26          
 87           22          
 87           80          
 87           76          
 87           75          
 87           107         
 87           78          
 87           79          
 87           108         
 87           42          
 127          128         
 127          154         
 9            154         
 9            34          
 9            42          
 80           82          
 80           40          
 80           96          
 80           79          
 80           22          
 80           83          
 80           76          
 80           90          
 80           14          
 80           78          
 80           34          
 80           44          
 80           42          
 96           93          
 96           99          
 96           40          
 96           100         
 96           94          
 96           97          
 96           78          
 96           98          
 96           34          
 96           42          
 90           40          
 90           34          
 90           42          
 151          154         
 34           82          
 34           83          
 34           39          
 34           150         
 34           31          
 34           99          
 34           35          
 34           13          
 34           51          
 34           140         
 34           27          
 34           16          
 34           14          
 34           97          
 34           15          
 34           40          
 34           167         
 34           19          
 34           41          
 34           29          
 34           17          
 34           44          
 34           48          
 34           94          
 34           32          
 34           98          
 34           26          
 34           22          
 34           78          
 34           79          
 34           42          
 48           40          
 48           51          
 48           42          
 154          120         
 154          163         
 154          168         
 154          84          
 154          150         
 154          161         
 154          147         
 154          166         
 154          141         
 154          128         
 154          99          
 154          160         
 154          27          
 154          149         
 154          145         
 154          125         
 154          146         
 154          138         
 154          124         
 154          43          
 154          167         
 154          162         
 154          119         
 154          42          
 26           17          
 26           40          
 26           71          
 26           22          
 26           27          
 26           23          
 26           28          
 26           29          
 26           25          
 26           42          
 22           40          
 22           21          
 22           20          
 22           23          
 22           42          
 119          120         
 119          42          
 71           69          
 137          138         
 42           82          
 42           120         
 42           83          
 42           84          
 42           150         
 42           69          
 42           163         
 42           12          
 42           74          
 42           124         
 42           138         
 42           51          
 42           44          
 42           52          
 42           50          
 42           49          
 42           14          
 42           141         
 42           18          
 42           40          
 42           39          
 42           47          
 42           54          
 42           17          
 42           43          
 42           46          
 42           70          
 42           41          
 42           77          
 42           76          
 42           75          
 42           64          
 42           107         
 42           78          
 42           79          
 150          149         
 148          149         
 148          145         
 144          145         
 141          70          
 141          143         
 141          129         
 141          140         
 141          23          
 141          145         
 74           69          
 74           40          
 124          125         
 124          128         
 124          138         
 124          163         
 143          145         
 129          128         
 128          145         
 51           40          
 51           50          
 51           52          
 51           54          
 51           49          
 149          145         
 52           69          
 52           40          
 50           69          
 50           49          
 50           40          
 49           69          
 49           40          
 145          146         
 145          147         
 145          138         
 28           40          
 40           83          
 40           29          
 40           69          
 40           35          
 40           27          
 40           14          
 40           18          
 40           39          
 40           41          
 40           45          
 40           47          
 40           54          
 40           44          
 40           43          
 40           46          
 40           98          
 40           70          
 45           44          
 47           46          
 54           55          
 55           69          
 44           43          
 44           46          
 46           69          
 73           72          
 73           69          
 70           69          
 69           77          
 69           76          
 69           75          
 69           72          
 69           64          
 69           63          
 69           60          
 69           61          
 69           78          
 77           78          
 77           79          
 76           79          
 78           79          
 79           82          
 79           83          
 82           83          
 82           84          
 163          162         
 163          160         
 163          161         
 163          166         
 163          164         
 83           84          
 99           14          
 13           14          
 16           17          
 14           15          
 14           17          
 18           19          
 18           17          
 106          107         
 107          108         
