0       95.5965449243     0.0              
1       2.17284191078     0.015004062332   
2       1.49790566059     0.049154234721   
3       2.15836888045     0.049335870629   
4       2.17847260553     0.083684531743   
5       1.00116765398     0.131716368896   
6       1.00285790219     0.160139579809   
7       1.00298450911     0.187838119621   
8       1.00048819673     0.217214076413   
9       5.01706134219     0.315063774738   
10      2.04214308668     0.471031346247   
11      3.66532141264     0.591000178676   
12      1.92209897288     0.720474748498   
13      1.16776825307     0.87883766696    
14      5.08988211016     0.889864651901   
15      1.15149442315     0.90832110727    
16      1.03733792536     0.990340393508   
17      3.19277984768     0.99039057745    
18      2.66151318924     1.03976408603    
19      1.47129657309     1.0523696181     
20      1.01891243667     1.16462023518    
21      1.00051092448     1.18634351536    
22      4.88480766055     1.1894309513     
23      1.23980050778     1.21538953146    
24      1.00244076573     1.2682938923     
25      1.00000324521     1.2909721654     
26      10.0603726589     1.31901899675    
27      1.6121808739      1.32184090721    
28      1.00017071192     1.34960798181    
29      1.17066750849     1.37500704846    
30      2.35080907596     1.4231150978     
31      1.0013382403      1.47144335726    
32      1.00041936736     1.49448827274    
33      2.69870388656     1.5475694009     
34      34.804667906      1.59011077777    
35      1.00050897633     1.60882789003    
36      3.06088893836     1.70472678124    
37      1.00813617694     1.76817089338    
38      1.92213764632     1.82563787335    
39      1.11318274857     1.82610113855    
40      33.5119948631     1.85603248926    
41      1.83695147581     1.88495566706    
42      53.8558384084     1.89531041188    
43      2.74306739961     1.95975221075    
44      3.04558057272     1.99469184395    
45      1.00218185103     1.99952935124    
46      1.51447198294     2.02493852959    
47      1.00334651733     2.029383179      
48      2.63594135413     2.10173606433    
49      1.43444863508     2.14806033669    
50      1.40861798156     2.14912168961    
51      2.58971008235     2.1645794672     
52      1.20970032355     2.17182056059    
53      1.50807374091     2.19154846732    
54      1.50597958709     2.20267806719    
55      1.0006284675      2.21091235322    
56      1.04761484454     2.25283392095    
57      1.00082072236     2.25671606081    
58      3.07515235269     2.27943066109    
59      1.46796097169     2.3208878401     
60      1.00748664644     2.33502136084    
61      1.00038203261     2.34325452335    
62      1.0004670929      2.34516563272    
63      1.00148610526     2.35189327698    
64      1.00096591224     2.36445798777    
65      1.00009476424     2.37714291533    
66      1.00020057326     2.38257139471    
67      1.00745558671     2.38976267866    
68      1.00045313213     2.39377589598    
69      8.39668242961     2.40679675634    
70      1.53272392644     2.41503216589    
71      1.1756758371      2.43466419882    
72      1.00118649828     2.45179377579    
73      1.0026880332      2.4522529214     
74      1.75801774988     2.48206255733    
75      1.51419039344     2.51602098212    
76      2.09913540786     2.57067129474    
77      1.36849095917     2.62128367257    
78      3.53535321452     2.63881472107    
79      4.19308025238     2.64475964564    
80      8.81858604095     2.73115542101    
81      1.00064957478     2.75930299475    
82      3.74346660171     2.77450760559    
83      4.23554747262     2.82075847457    
84      2.76294377717     2.85525656399    
85      1.3298483491      2.9259249167     
86      1.00028659196     2.9513580635     
87      36.0828256727     2.97708819437    
88      1.37386490624     2.98039658946    
89      1.3089777965      3.00921902487    
90      3.7119356355      3.06579617614    
91      1.47204877221     3.14160501233    
92      3.12726977305     3.20985779471    
93      1.73654639201     3.27350927403    
94      1.07938308885     3.30383623144    
95      1.0845466336      3.32541329003    
96      7.80180436703     3.33003862738    
97      1.75216835092     3.3569511413     
98      2.46165580109     3.40738229284    
99      3.31133928011     3.48466150214    
100     2.19172294313     3.58807852832    
101     1.00262165539     3.639047273      
102     5.14878371486     3.65089173656    
103     1.05257961877     3.68210891035    
104     3.58162887954     3.69807138297    
105     1.0017734482      3.71188221909    
106     1.00053495149     3.80127475289    
107     2.83583147608     3.80986800391    
108     1.63669343454     3.82664189283    
109     1.00019180954     3.9773291493     
110     4.13532515618     3.97839569851    
111     2.71381210702     4.08309611346    
112     1.5388416772      4.10514811718    
113     4.12375726997     4.16038818473    
114     1.0000528981      4.16077551863    
115     1.3047613491      4.20846580537    
116     1.8410239536      4.21687723323    
117     2.65935219228     4.27141903243    
118     1.94423353938     4.32773599494    
119     4.20387524445     4.34842179702    
120     2.4738749694      4.37617875993    
121     1.91116327033     4.43675105855    
122     2.38868838645     4.45878096636    
123     2.12622540215     4.52862942956    
124     6.40782492721     4.55484595144    
125     1.42654014203     4.57683644238    
126     1.64330882897     4.62329123044    
127     1.94899540264     4.64055740884    
128     2.39387451218     4.66783790518    
129     1.73965711727     4.68322312204    
130     2.3047703837      4.74174106236    
131     1.73808216322     4.7833991644     
132     1.85221878876     4.8083704504     
133     3.77465778263     4.81244190356    
134     2.84664050312     4.82064529276    
135     1.00419768591     4.82698101541    
136     1.27826168226     4.84252979821    
137     1.00003180341     4.90047071683    
138     2.76141813485     4.90423788303    
139     1.51928773289     4.95200344568    
140     1.00019245867     4.97397352599    
141     4.2717106174      4.98614200835    
142     1.00071712101     4.99170456124    
143     1.00111404714     5.01522622417    
144     1.00115953154     5.03802958262    
145     4.0165739357      5.04654025483    
146     1.00279509286     5.05378415703    
147     1.17773140783     5.06897191505    
148     1.12794689989     5.09064089171    
149     1.92893064178     5.09935585751    
150     3.2946949438      5.13905210448    
151     1.00069828554     5.22832446834    
152     5.91329887385     5.24819768379    
153     1.60231567049     5.26487710331    
154     34.043901445      5.29127011163    
155     1.00216298799     5.32853187566    
156     1.00098377824     5.3516893305     
157     2.15171244263     5.39714961514    
158     1.33248824106     5.45625543787    
159     1.32968824919     5.45795981936    
160     1.00073173499     5.53141618964    
161     1.0001288426      5.55203598486    
162     1.0005170935      5.56996382356    
163     6.4745485394      5.57343363118    
164     1.00008470324     5.58974341226    
165     1.19562786321     5.62511766087    
166     2.93428920285     5.63466740284    
167     2.57033578612     5.76185204943    
168     2.75964614947     5.85433206599    
169     3.15024188738     5.97422955483    
170     1.01612385992     5.97801825518    
171     1.00089347711     6.05024193559    
172     1.00196592305     6.08466680888    
173     1.00028853962     6.116884525      
174     1.00025997404     6.14997147194    
175     1.00276222528     6.18242999608    
176     1.00010190434     6.21201380427    
177     1.00017785261     6.24742363105    
178     1.00091231621     6.24742924866    
