 0            7           
 0            115         
 0            2           
 0            169         
 0            81          
 0            172         
 0            175         
 0            108         
 0            168         
 0            177         
 0            178         
 0            134         
 0            176         
 0            92          
 0            97          
 0            5           
 0            18          
 0            161         
 0            4           
 0            93          
 0            171         
 0            173         
 0            170         
 0            8           
 0            174         
 0            131         
 0            11          
 0            10          
 0            37          
 0            1           
 0            86          
 0            67          
 0            12          
 0            163         
 0            42          
 0            140         
 0            164         
 0            52          
 0            139         
 0            63          
 0            98          
 0            141         
 0            118         
 0            138         
 0            137         
 0            124         
 0            120         
 0            128         
 0            95          
 0            166         
 0            16          
 0            88          
 0            100         
 0            91          
 0            21          
 0            53          
 0            152         
 0            35          
 0            123         
 0            51          
 0            153         
 0            125         
 0            154         
 0            149         
 0            132         
 0            151         
 0            146         
 0            45          
 0            162         
 0            144         
 0            6           
 0            47          
 0            80          
 0            82          
 0            84          
 0            87          
 0            158         
 0            89          
 0            90          
 0            160         
 0            31          
 0            99          
 0            13          
 0            167         
 0            14          
 0            17          
 0            165         
 0            109         
 102          100         
 102          51          
 117          118         
 114          115         
 115          152         
 115          45          
 115          118         
 115          51          
 119          118         
 2            3           
 2            152         
 2            1           
 106          108         
 81           82          
 116          108         
 116          149         
 116          152         
 116          118         
 3            128         
 3            35          
 3            4           
 3            74          
 56           55          
 56           57          
 56           21          
 56           45          
 56           51          
 108          152         
 108          45          
 108          95          
 108          110         
 108          109         
 108          107         
 108          105         
 108          51          
 177          178         
 177          176         
 178          95          
 134          95          
 134          132         
 176          95          
 92           95          
 97           95          
 104          95          
 104          105         
 104          132         
 9            10          
 18           21          
 18           51          
 161          160         
 161          158         
 96           95          
 96           21          
 107          95          
 93           95          
 32           21          
 32           35          
 32           51          
 171          170         
 131          132         
 11           152         
 11           10          
 11           51          
 37           21          
 37           45          
 37           35          
 37           51          
 41           21          
 41           45          
 41           51          
 40           39          
 40           45          
 40           35          
 40           51          
 1            95          
 39           118         
 86           87          
 86           88          
 65           152         
 65           66          
 65           45          
 65           51          
 67           45          
 67           95          
 67           164         
 67           68          
 67           66          
 67           21          
 67           51          
 64           63          
 163          164         
 163          152         
 42           45          
 42           51          
 140          138         
 140          152         
 140          137         
 140          45          
 140          164         
 140          139         
 140          141         
 140          51          
 52           53          
 52           21          
 52           45          
 52           51          
 139          138         
 98           95          
 98           100         
 98           51          
 141          138         
 141          152         
 141          51          
 118          152         
 118          120         
 118          132         
 138          137         
 130          152         
 130          132         
 130          128         
 127          152         
 127          74          
 127          128         
 124          152         
 124          123         
 120          152         
 120          123         
 142          152         
 142          143         
 136          135         
 136          152         
 135          152         
 135          132         
 135          149         
 69           152         
 69           70          
 79           47          
 79           77          
 79           80          
 72           71          
 72           74          
 70           71          
 70           74          
 70           128         
 71           74          
 75           74          
 128          126         
 128          152         
 128          129         
 128          125         
 128          158         
 128          51          
 128          132         
 95           87          
 95           89          
 95           90          
 95           153         
 95           123         
 95           160         
 95           105         
 95           110         
 95           94          
 95           99          
 95           13          
 95           45          
 95           16          
 95           43          
 95           100         
 95           91          
 95           21          
 95           46          
 95           47          
 95           53          
 95           152         
 95           35          
 95           28          
 95           88          
 95           112         
 95           82          
 95           84          
 95           51          
 166          145         
 166          152         
 166          165         
 166          167         
 16           152         
 16           21          
 16           51          
 88           87          
 88           45          
 88           100         
 88           84          
 88           89          
 88           85          
 88           91          
 88           24          
 88           21          
 88           46          
 88           51          
 100          99          
 100          101         
 100          45          
 100          109         
 100          103         
 100          31          
 100          82          
 100          165         
 100          21          
 100          51          
 91           45          
 91           21          
 91           51          
 126          152         
 21           87          
 21           89          
 21           20          
 21           19          
 21           23          
 21           57          
 21           22          
 21           38          
 21           15          
 21           24          
 21           31          
 21           25          
 21           94          
 21           45          
 21           17          
 21           167         
 21           43          
 21           34          
 21           14          
 21           46          
 21           53          
 21           103         
 21           26          
 21           165         
 21           35          
 21           28          
 21           84          
 21           51          
 53           45          
 53           57          
 53           51          
 152          125         
 152          158         
 152          154         
 152          90          
 152          153         
 152          157         
 152          162         
 152          160         
 152          149         
 152          145         
 152          105         
 152          110         
 152          156         
 152          38          
 152          155         
 152          151         
 152          146         
 152          133         
 152          147         
 152          144         
 152          132         
 152          103         
 152          123         
 152          51          
 35           14          
 35           45          
 35           28          
 35           38          
 35           30          
 35           36          
 35           31          
 35           34          
 35           33          
 35           51          
 28           26          
 28           45          
 28           29          
 28           27          
 28           30          
 28           51          
 123          125         
 123          121         
 123          122         
 123          51          
 105          51          
 110          51          
 51           87          
 51           125         
 51           89          
 51           90          
 51           153         
 51           74          
 51           121         
 51           61          
 51           57          
 51           24          
 51           58          
 51           59          
 51           60          
 51           13          
 51           45          
 51           50          
 51           43          
 51           49          
 51           55          
 51           14          
 51           46          
 51           47          
 51           48          
 51           62          
 51           83          
 51           85          
 51           73          
 51           78          
 51           112         
 51           82          
 51           84          
 153          151         
 129          146         
 143          146         
 149          62          
 149          148         
 149          150         
 149          30          
 149          146         
 61           74          
 61           45          
 132          133         
 132          145         
 132          144         
 132          158         
 148          146         
 145          146         
 57           45          
 57           59          
 57           58          
 57           55          
 57           60          
 151          146         
 58           74          
 58           45          
 59           74          
 59           60          
 60           74          
 60           45          
 146          147         
 146          43          
 146          144         
 36           45          
 45           34          
 45           38          
 45           24          
 45           50          
 45           44          
 45           49          
 45           55          
 45           46          
 45           47          
 45           48          
 45           165         
 45           62          
 45           43          
 44           46          
 49           48          
 55           54          
 46           47          
 46           48          
 48           74          
 76           77          
 76           74          
 62           74          
 74           83          
 74           85          
 74           73          
 74           77          
 74           78          
 74           80          
 74           68          
 74           66          
 74           82          
 83           82          
 83           84          
 85           84          
 77           78          
 82           84          
 84           87          
 84           89          
 87           89          
 158          155         
 158          156         
 158          157         
 158          160         
 158          159         
 89           90          
 160          159         
 33           34          
 23           24          
 15           14          
 24           25          
 13           14          
 113          112         
 112          111         
