 0            8           
 0            170         
 0            40          
 0            172         
 0            171         
 0            114         
 0            174         
 0            3           
 0            98          
 0            101         
 0            2           
 0            100         
 0            99          
 0            97          
 0            1           
 0            5           
 0            132         
 0            92          
 0            175         
 0            6           
 0            4           
 0            173         
 0            179         
 0            135         
 0            11          
 0            12          
 0            39          
 0            7           
 0            87          
 0            67          
 0            10          
 0            177         
 0            53          
 0            143         
 0            146         
 0            42          
 0            65          
 0            107         
 0            178         
 0            120         
 0            145         
 0            142         
 0            133         
 0            82          
 0            129         
 0            95          
 0            160         
 0            13          
 0            89          
 0            105         
 0            91          
 0            25          
 0            46          
 0            156         
 0            38          
 0            124         
 0            54          
 0            169         
 0            126         
 0            168         
 0            148         
 0            136         
 0            155         
 0            153         
 0            50          
 0            158         
 0            140         
 0            176         
 0            49          
 0            83          
 0            85          
 0            88          
 0            165         
 0            90          
 0            94          
 0            31          
 0            167         
 0            35          
 0            19          
 0            104         
 0            15          
 0            16          
 0            22          
 0            161         
 0            111         
 0            14          
 103          105         
 103          54          
 141          143         
 119          120         
 44           45          
 45           50          
 45           54          
 121          120         
 8            9           
 8            7           
 112          114         
 40           156         
 40           50          
 40           38          
 116          114         
 116          156         
 116          120         
 9            76          
 9            38          
 56           57          
 56           60          
 56           25          
 56           50          
 56           54          
 114          156         
 114          50          
 114          95          
 114          113         
 114          111         
 114          115         
 114          54          
 3            2           
 98           95          
 101          95          
 100          95          
 99           95          
 97           95          
 134          136         
 29           25          
 29           54          
 27           25          
 93           95          
 93           25          
 132          131         
 92           95          
 41           25          
 41           50          
 41           38          
 41           54          
 135          136         
 11           12          
 11           10          
 11           54          
 39           25          
 39           50          
 39           38          
 39           54          
 52           25          
 52           50          
 52           54          
 117          118         
 117          50          
 117          54          
 7            95          
 7            178         
 118          120         
 87           88          
 87           89          
 70           156         
 70           71          
 70           69          
 70           50          
 70           54          
 67           50          
 67           95          
 67           66          
 67           68          
 67           69          
 67           25          
 67           54          
 66           65          
 53           50          
 53           54          
 143          145         
 143          156         
 143          142         
 143          146         
 143          144         
 143          54          
 146          145         
 42           25          
 42           50          
 42           54          
 144          145         
 107          95          
 107          105         
 107          54          
 178          145         
 178          156         
 120          156         
 120          122         
 120          136         
 145          142         
 131          156         
 131          136         
 131          129         
 127          156         
 127          76          
 127          129         
 133          156         
 133          136         
 133          124         
 122          156         
 122          124         
 150          156         
 150          151         
 138          156         
 138          139         
 138          136         
 139          156         
 139          136         
 139          129         
 139          148         
 152          156         
 152          153         
 82           80          
 73           74          
 73           76          
 75           74          
 75           77          
 75           76          
 74           76          
 77           76          
 129          126         
 129          156         
 129          128         
 129          165         
 129          130         
 129          136         
 129          54          
 95           88          
 95           90          
 95           94          
 95           169         
 95           124         
 95           167         
 95           115         
 95           96          
 95           102         
 95           15          
 95           50          
 95           13          
 95           14          
 95           105         
 95           91          
 95           25          
 95           48          
 95           49          
 95           46          
 95           38          
 95           32          
 95           89          
 95           86          
 95           109         
 95           83          
 95           85          
 95           54          
 160          159         
 160          156         
 160          161         
 13           156         
 13           25          
 13           54          
 89           88          
 89           50          
 89           105         
 89           85          
 89           90          
 89           86          
 89           91          
 89           19          
 89           25          
 89           48          
 89           54          
 105          102         
 105          106         
 105          50          
 105          111         
 105          21          
 105          104         
 105          83          
 105          161         
 105          25          
 105          54          
 91           50          
 91           25          
 91           54          
 130          156         
 130          76          
 25           88          
 25           90          
 25           18          
 25           28          
 25           23          
 25           24          
 25           17          
 25           19          
 25           104         
 25           20          
 25           50          
 25           22          
 25           26          
 25           14          
 25           36          
 25           16          
 25           48          
 25           46          
 25           21          
 25           30          
 25           161         
 25           38          
 25           32          
 25           85          
 25           54          
 46           50          
 46           54          
 156          126         
 156          165         
 156          168         
 156          169         
 156          162         
 156          167         
 156          148         
 156          159         
 156          157         
 156          158         
 156          24          
 156          163         
 156          155         
 156          153         
 156          137         
 156          154         
 156          140         
 156          136         
 156          124         
 38           16          
 38           50          
 38           32          
 38           34          
 38           37          
 38           36          
 38           54          
 32           30          
 32           50          
 32           31          
 32           33          
 32           34          
 32           54          
 124          126         
 124          123         
 124          125         
 124          54          
 115          54          
 54           88          
 54           90          
 54           94          
 54           169         
 54           76          
 54           63          
 54           60          
 54           19          
 54           59          
 54           61          
 54           62          
 54           50          
 54           51          
 54           55          
 54           57          
 54           48          
 54           49          
 54           64          
 54           72          
 54           14          
 54           84          
 54           86          
 54           78          
 54           81          
 54           109         
 54           83          
 54           85          
 128          153         
 151          153         
 123          153         
 148          149         
 148          147         
 148          153         
 63           76          
 63           50          
 136          137         
 136          159         
 136          165         
 136          140         
 149          153         
 159          153         
 60           61          
 60           50          
 60           59          
 155          153         
 59           76          
 59           50          
 61           76          
 61           62          
 62           76          
 62           50          
 153          154         
 153          14          
 153          140         
 50           36          
 50           51          
 50           24          
 50           15          
 50           14          
 50           47          
 50           55          
 50           57          
 50           43          
 50           48          
 50           49          
 50           64          
 50           72          
 47           48          
 164          165         
 57           58          
 48           49          
 64           76          
 79           80          
 79           76          
 72           76          
 76           84          
 76           86          
 76           78          
 76           80          
 76           81          
 76           71          
 76           68          
 76           69          
 76           83          
 84           83          
 84           85          
 86           85          
 80           81          
 68           69          
 83           85          
 85           88          
 85           90          
 88           90          
 165          163         
 165          162         
 165          167         
 165          166         
 167          166         
 35           36          
 18           19          
 17           16          
 19           21          
 19           20          
 19           16          
 15           16          
 108          109         
 109          110         
