0       87.9856967108     0.0              
1       1.00004495351     0.013596852173   
2       1.00030248334     0.040548812225   
3       1.0010827504      0.040872386297   
4       1.0001252798      0.064044259659   
5       1.00059348254     0.084735398465   
6       1.00072677522     0.109059442699   
7       3.50251563339     0.16268510408    
8       2.04202118779     0.208856952077   
9       2.20973588241     0.229360088355   
10      1.00048533999     0.308030907253   
11      2.2317477389      0.315356264727   
12      1.00168018638     0.321816885472   
13      4.87716613575     0.431548942789   
14      5.72414563828     0.598465601778   
15      2.69029215049     0.75615815266    
16      3.31584501082     0.801563010263   
17      1.0018222333      0.8070480402     
18      1.00003404548     0.866930590503   
19      4.04937783273     0.878537686831   
20      1.00023305285     0.885064969827   
21      1.63571792298     0.91024794593    
22      1.37771204526     0.961539679511   
23      1.00046351449     0.992711772011   
24      2.201285397       1.03150395902    
25      30.3470861405     1.03287914882    
26      1.00255265253     1.06350595909    
27      1.0019994063      1.08839120211    
28      1.00004925061     1.11161063786    
29      1.47856196093     1.152674959      
30      1.074004062       1.22787222522    
31      1.00024859164     1.24691253704    
32      4.31800312799     1.25400644917    
33      1.00012197409     1.26399604964    
34      1.12270176244     1.28469580211    
35      1.00080252515     1.35824748444    
36      1.6160880264      1.35884894273    
37      1.00017156126     1.39305416765    
38      8.3585308957      1.41350225139    
39      2.4598015454      1.42446219958    
40      1.90500360543     1.47002023055    
41      2.04922619077     1.51470416213    
42      2.17882056239     1.56936421192    
43      1.00461825969     1.60180813029    
44      1.00025189777     1.62337486653    
45      1.20377365298     1.62515751998    
46      3.00828724779     1.67866858221    
47      1.00024859164     1.75516014471    
48      3.70262265497     1.76854652393    
49      2.74629092484     1.79339506526    
50      27.2425394983     1.80772782374    
51      1.00100433235     1.8421854664     
52      1.70486512971     1.87422341915    
53      1.87093714174     1.91864294876    
54      40.1504740515     1.94793276894    
55      1.03437596064     1.95618091173    
56      2.49303531413     2.04966048754    
57      1.44522284801     2.06655712113    
58      1.00002280706     2.07242377373    
59      1.64876386044     2.10307305442    
60      2.02886634526     2.10715218497    
61      1.66622277493     2.1343080641     
62      1.77788010423     2.1432655232     
63      1.78778950382     2.18376583677    
64      1.78256276144     2.21985333401    
65      1.00107282371     2.25260509716    
66      1.00046682133     2.25284553067    
67      3.65034809352     2.28785257514    
68      1.10878162184     2.31739668559    
69      1.38499818428     2.32207390386    
70      1.80594559967     2.33862898705    
71      1.00091897285     2.34551991637    
72      1.66261437488     2.37890047681    
73      1.00115389442     2.40704355647    
74      1.01964598691     2.41284167428    
75      1.00351908083     2.42136208368    
76      11.0218776417     2.42419897442    
77      1.00070329064     2.42470231187    
78      1.39424186654     2.46039844927    
79      1.01009785035     2.53039268934    
80      1.52994612582     2.53955275674    
81      1.22545891331     2.54060661952    
82      1.19169237623     2.55463490378    
83      3.17377537364     2.6135429868     
84      1.9632327387      2.61602035079    
85      4.71663477677     2.68376867221    
86      2.33313440628     2.69076221646    
87      1.09198171279     2.76509736749    
88      3.46648944482     2.77066666151    
89      7.96237827204     2.79159261622    
90      3.45591736552     2.80362627605    
91      3.76607904714     2.90556259507    
92      1.51062359493     2.97103541178    
93      1.56210707781     3.00371826563    
94      2.40252426198     3.05001145391    
95      28.9510032682     3.06212862881    
96      1.00062688676     3.08621991693    
97      1.67683285111     3.11419596645    
98      1.67076927855     3.1501505137     
99      1.6746455521      3.18752893667    
100     1.6986417976      3.22638928395    
101     1.73076171467     3.26606028242    
102     1.62467511076     3.32744386713    
103     1.44093618505     3.36928617397    
104     2.27589125209     3.41319124795    
105     10.1836013595     3.41953591196    
106     1.00029983824     3.44883627685    
107     3.52802530917     3.51863617118    
108     1.0014567268      3.64487457895    
109     2.36704500851     3.65253025162    
110     1.00054089803     3.65890398674    
111     2.69356917879     3.7369633761     
112     1.00012263522     3.78616746706    
113     1.00062225637     3.80809550896    
114     6.11103311109     3.80922160478    
115     2.80115450628     3.85581060679    
116     3.11775049351     3.97291558398    
117     2.3900392079      4.0587933225     
118     1.64172971279     4.07464208543    
119     1.00238664662     4.12141801326    
120     4.46866841013     4.13059633789    
121     1.00031174108     4.14053453727    
122     2.76361964818     4.20774075976    
123     1.77760040587     4.28869728868    
124     5.2251564606      4.31015017478    
125     1.00170568052     4.32017413628    
126     2.99150111077     4.37845332837    
127     2.19143473744     4.44321701602    
128     1.31609129803     4.47805806025    
129     5.62842982699     4.48673426458    
130     1.98161501402     4.50688246182    
131     2.11164661222     4.55633349335    
132     1.21274264161     4.55781195347    
133     2.48577220087     4.60867010154    
134     1.00057893057     4.63788960802    
135     1.15793923097     4.65440190378    
136     6.37025518512     4.65915701952    
137     1.14230038226     4.67195589084    
138     1.58151458622     4.70397455648    
139     2.61404039878     4.70500622971    
140     2.64265867356     4.76642482059    
141     1.00061894902     4.8214600328     
142     1.1016118284      4.83704102321    
143     2.91967955071     4.84174370796    
144     1.00134120942     4.84854812616    
145     2.10065300881     4.84870448284    
146     1.34164784234     4.86272546422    
147     1.00046417585     4.92232844503    
148     3.03592577266     4.93220232283    
149     1.02795262958     4.94179400958    
150     1.00219516095     4.99261704762    
151     1.00112808346     4.99439483248    
152     1.00188945603     5.03120213224    
153     7.34435468023     5.03979219994    
154     1.00042680901     5.05394444604    
155     2.0637091415      5.09277670529    
156     27.5265774457     5.14787099599    
157     1.0017063427      5.14996336675    
158     1.4707077694      5.18446632476    
159     2.77405373461     5.24254375119    
160     2.49563566033     5.28029405964    
161     2.79401402647     5.31889243926    
162     1.31058473        5.40746747103    
163     1.07186629071     5.43222650517    
164     1.00072776754     5.45127842672    
165     5.27146850847     5.45221712858    
166     1.00144447931     5.48068134802    
167     3.31548335193     5.49245060589    
168     2.27338986909     5.62975087457    
169     5.24426525425     5.8193798868     
170     1.09765660377     5.94886288303    
171     1.04926878302     5.98315930041    
172     1.00048996975     6.01388385701    
173     1.00114462889     6.04058901693    
174     1.00199642556     6.06605942718    
175     1.00020792681     6.08857909655    
176     1.00051708704     6.112874491      
177     1.00092922887     6.13808667865    
178     4.65244553825     6.2104567913     
179     1.00077308453     6.27264518138    
