0       76.9117501755     0.0              
1       3.46323977355     0.027544055667   
2       1.00065599692     0.084678847903   
3       1.00017936688     0.10903659777    
4       1.00056740246     0.135759921281   
5       1.0015940211      0.136293593796   
6       1.00078289856     0.164930273715   
7       1.00002918953     0.191781678629   
8       1.00182078532     0.222487509879   
9       1.00175125616     0.265603755032   
10      1.41602088379     0.272139277183   
11      1.00003437889     0.278527243564   
12      3.34105295908     0.363535095888   
13      5.59182292879     0.534222666145   
14      1.81304986764     0.676011027057   
15      1.0959543803      0.678928811314   
16      1.67989975926     0.737918162354   
17      2.68976578852     0.807583959757   
18      1.55620108676     0.871797309335   
19      1.5517513552      0.920372368933   
20      1.00364423489     0.952940249127   
21      1.00093838316     0.973296204143   
22      1.00041522008     0.993918059149   
23      1.00079296053     1.01313813435    
24      1.00026241202     1.01830183725    
25      1.00289520142     1.02266933822    
26      30.0777814299     1.03928209549    
27      1.00100428476     1.04820397642    
28      3.48454606109     1.10488524065    
29      2.20170086153     1.18321862871    
30      1.0013075529      1.21828971388    
31      7.19227713288     1.24110355853    
32      1.45262990362     1.24444416122    
33      1.00225984015     1.26737672459    
34      1.12541111387     1.28885994576    
35      1.02347800234     1.34921662196    
36      3.19135161228     1.35764602615    
37      1.00012389922     1.36914189389    
38      3.96584698568     1.48407435581    
39      1.94462561121     1.58076907446    
40      2.92978076647     1.61174230372    
41      1.00010703243     1.61369835393    
42      1.89975389978     1.64053702561    
43      1.00192411328     1.68159198408    
44      1.69773674721     1.71500250509    
45      20.9362214577     1.76820572254    
46      2.9753832303      1.80536056481    
47      4.52793590985     1.81520485656    
48      1.00072058169     1.88581291365    
49      1.07964024482     1.91760107021    
50      1.07446831378     1.91909572776    
51      1.78101025193     1.95522442078    
52      1.91568269178     2.00130264202    
53      33.3594388189     2.03024042559    
54      1.00096370441     2.06640170072    
55      2.10548029859     2.06948988567    
56      2.09000587456     2.09687196705    
57      1.97160262416     2.11321320672    
58      1.43039620195     2.13031844073    
59      1.00235573635     2.1355338256     
60      2.28221189064     2.17110637569    
61      2.46812674626     2.23315994323    
62      1.83751015384     2.28754547937    
63      2.95121157941     2.34657714971    
64      1.00069688926     2.35615291992    
65      1.00115655675     2.35667161215    
66      1.00164599692     2.38679433596    
67      1.01187467215     2.4047219874     
68      1.27575641804     2.41028903438    
69      1.00185945084     2.41562501052    
70      9.19375547766     2.42252904758    
71      1.10741258467     2.43682248282    
72      1.00174313389     2.45695036306    
73      1.00263079799     2.48250747168    
74      1.40363478658     2.49363782057    
75      1.00055215073     2.49409322111    
76      1.00104097078     2.50551456195    
77      2.81830489849     2.56800330667    
78      1.95873838378     2.57171579484    
79      2.06684466169     2.63564901316    
80      4.1509173811      2.6420242463     
81      2.67611505792     2.73490798143    
82      2.66352338557     2.7384605551     
83      3.84621184907     2.74609600439    
84      1.00698490933     2.81651755698    
85      4.69876647349     2.81672540838    
86      1.70846289442     2.9152462233     
87      1.70434374336     2.96178321565    
88      1.74582759923     3.00404932985    
89      28.8615362503     3.00887934699    
90      1.79017812056     3.05133908132    
91      1.82715031632     3.10125262904    
92      3.33324622059     3.19087290993    
93      1.40418709111     3.2654928282     
94      2.06818776087     3.30846507979    
95      1.0004019174      3.3401368934     
96      8.74461666336     3.34034405431    
97      1.27832346687     3.36208913196    
98      1.4008442634      3.39089149613    
99      1.17012509904     3.42922161168    
100     2.4990748728      3.44442567247    
101     1.18193663706     3.44974756948    
102     2.31004201476     3.52626766474    
103     2.27458974613     3.5884241749     
104     6.34535890142     3.61586893939    
105     1.001069866       3.62192137088    
106     1.00133093501     3.64311149349    
107     3.26852472538     3.75224462044    
108     2.72886082358     3.78060224581    
109     3.10554947878     3.96051364329    
110     1.00120363914     4.02783203064    
111     1.71127057899     4.05586495842    
112     6.29545950833     4.06086434637    
113     1.00009600431     4.08366208721    
114     2.70031310817     4.13102786361    
115     1.00061218551     4.20696038074    
116     1.24664856207     4.20923728985    
117     2.20685456421     4.24496984806    
118     3.44003931528     4.25292175579    
119     1.43347895961     4.29721367213    
120     2.03919597243     4.30979635927    
121     2.60903826592     4.37746537882    
122     1.88867557281     4.40162239292    
123     1.98043635146     4.41823496294    
124     3.10237237483     4.49571428773    
125     3.01602267757     4.58771961662    
126     9.17734666124     4.5981210812     
127     1.51765015047     4.64811093472    
128     2.32956279032     4.70482852613    
129     1.09633299315     4.73762185955    
130     1.20116041321     4.75614600707    
131     3.12380407162     4.75712365766    
132     1.40251581852     4.77189992609    
133     2.03333946789     4.77867410285    
134     1.22835134271     4.78835623305    
135     1.72845376002     4.81731835958    
136     2.26399379913     4.868655034      
137     1.74142632328     4.88174143309    
138     2.12966285982     4.90396879973    
139     1.0001456318      4.93566763636    
140     3.16882951293     4.94517636981    
141     1.00094747277     4.95407652934    
142     2.59989451389     5.01231780259    
143     2.17251660292     5.0680714129     
144     2.18284794822     5.07249265563    
145     10.001097571      5.07378844994    
146     1.24130969678     5.11047927801    
147     23.548475744      5.11998295562    
148     1.00201250287     5.1332260859     
149     2.02373083699     5.18935794831    
150     1.00027214432     5.19504558655    
151     1.00050250311     5.21975780732    
152     6.23955253737     5.21986922316    
153     1.00156056311     5.2383133198     
154     1.52413257134     5.26354985041    
155     1.0007656961      5.29003910702    
156     1.00049633788     5.31453561174    
157     1.00052132349     5.33483052211    
158     1.58466204522     5.36890485683    
159     1.40034777257     5.43458440142    
160     1.00047297527     5.46055777461    
161     1.0676969144      5.47822551818    
162     5.40421598721     5.48721687017    
163     1.00064918168     5.51082841478    
164     1.99041773993     5.51107933449    
165     1.70735008131     5.56200180414    
166     1.36141984455     5.76569973464    
167     1.2653980739      5.8309214444     
168     3.18544809386     5.92927129686    
169     2.34935290906     6.00551325042    
170     3.71677515517     6.02782806445    
171     1.00429969091     6.04037348814    
172     1.0024370115      6.10183627085    
173     1.00095915955     6.12866838865    
174     1.00066313673     6.15477171577    
175     1.0013004085      6.17622516364    
176     1.00108155421     6.20023050239    
177     1.0016723107      6.22149576047    
178     2.01993417588     6.25987842404    
179     1.83077461586     6.27475234517    
