 0            179         
 0            167         
 0            7           
 0            173         
 0            3           
 0            104         
 0            176         
 0            170         
 0            169         
 0            91          
 0            171         
 0            168         
 0            12          
 0            86          
 0            90          
 0            16          
 0            6           
 0            88          
 0            5           
 0            175         
 0            4           
 0            2           
 0            166         
 0            174         
 0            10          
 0            9           
 0            29          
 0            1           
 0            84          
 0            63          
 0            11          
 0            172         
 0            52          
 0            131         
 0            132         
 0            46          
 0            134         
 0            14          
 0            92          
 0            135         
 0            118         
 0            133         
 0            130         
 0            124         
 0            145         
 0            89          
 0            143         
 0            13          
 0            85          
 0            96          
 0            26          
 0            47          
 0            147         
 0            31          
 0            112         
 0            53          
 0            138         
 0            114         
 0            177         
 0            140         
 0            126         
 0            149         
 0            152         
 0            34          
 0            45          
 0            154         
 0            142         
 0            50          
 0            8           
 0            39          
 0            17          
 0            77          
 0            80          
 0            83          
 0            162         
 0            81          
 0            165         
 0            164         
 0            121         
 0            28          
 0            123         
 0            122         
 0            18          
 0            125         
 0            102         
 0            38          
 98           96          
 98           53          
 99           96          
 99           100         
 116          115         
 116          118         
 158          147         
 158          53          
 43           45          
 179          178         
 179          1           
 106          104         
 103          89          
 103          104         
 103          147         
 178          70          
 178          31          
 57           58          
 57           56          
 57           26          
 57           45          
 57           53          
 104          147         
 104          45          
 104          89          
 104          105         
 104          102         
 104          107         
 104          100         
 104          53          
 170          168         
 170          169         
 170          1           
 170          171         
 169          89          
 91           89          
 168          89          
 12           89          
 12           26          
 86           89          
 108          89          
 108          107         
 108          126         
 90           89          
 16           26          
 22           26          
 87           89          
 87           26          
 21           26          
 88           89          
 30           26          
 30           31          
 5            4           
 10           9           
 10           11          
 29           26          
 29           45          
 29           31          
 44           26          
 44           45          
 44           53          
 120          119         
 120          45          
 120          53          
 1            89          
 119          118         
 84           85          
 51           147         
 51           45          
 51           53          
 63           45          
 63           89          
 63           64          
 63           65          
 63           26          
 63           53          
 15           26          
 15           14          
 52           45          
 52           53          
 131          133         
 131          147         
 131          130         
 131          128         
 131          132         
 131          129         
 131          134         
 131          53          
 132          133         
 132          147         
 46           47          
 46           26          
 46           45          
 46           53          
 134          133         
 14           53          
 92           89          
 92           96          
 92           53          
 135          133         
 135          147         
 118          147         
 118          117         
 118          126         
 133          130         
 128          140         
 128          126         
 128          145         
 146          147         
 146          70          
 146          145         
 124          147         
 124          126         
 124          112         
 117          147         
 117          112         
 157          147         
 137          147         
 137          136         
 137          126         
 137          138         
 136          147         
 136          126         
 136          145         
 136          140         
 153          147         
 153          152         
 76           74          
 67           68          
 67           47          
 67           70          
 69           68          
 69           70          
 68           126         
 68           70          
 72           70          
 145          140         
 145          114         
 145          147         
 145          143         
 145          150         
 145          138         
 145          141         
 145          144         
 145          142         
 145          149         
 145          111         
 145          162         
 145          148         
 145          126         
 145          152         
 89           83          
 89           82          
 89           81          
 89           112         
 89           107         
 89           93          
 89           123         
 89           45          
 89           13          
 89           38          
 89           96          
 89           26          
 89           40          
 89           39          
 89           47          
 89           31          
 89           17          
 89           36          
 89           85          
 89           79          
 89           100         
 89           77          
 89           80          
 89           109         
 89           53          
 143          144         
 143          147         
 143          125         
 13           147         
 13           26          
 13           53          
 85           83          
 85           82          
 85           96          
 85           80          
 85           26          
 85           53          
 96           93          
 96           95          
 96           102         
 96           101         
 96           97          
 96           94          
 96           28          
 96           125         
 96           26          
 96           53          
 94           26          
 94           53          
 148          147         
 26           83          
 26           61          
 26           25          
 26           20          
 26           129         
 26           19          
 26           121         
 26           24          
 26           28          
 26           23          
 26           17          
 26           45          
 26           18          
 26           27          
 26           38          
 26           32          
 26           40          
 26           47          
 26           97          
 26           35          
 26           31          
 26           36          
 26           53          
 47           45          
 47           53          
 147          162         
 147          81          
 147          138         
 147          161         
 147          164         
 147          140         
 147          144         
 147          107         
 147          159         
 147          154         
 147          19          
 147          149         
 147          152         
 147          127         
 147          151         
 147          142         
 147          126         
 147          156         
 147          112         
 147          109         
 31           45          
 31           36          
 31           34          
 31           28          
 31           32          
 31           33          
 31           53          
 36           35          
 36           45          
 36           37          
 36           53          
 112          114         
 112          113         
 112          111         
 112          110         
 112          109         
 112          53          
 53           83          
 53           82          
 53           81          
 53           138         
 53           70          
 53           61          
 53           56          
 53           60          
 53           54          
 53           55          
 53           45          
 53           48          
 53           50          
 53           58          
 53           49          
 53           59          
 53           40          
 53           42          
 53           62          
 53           38          
 53           78          
 53           79          
 53           71          
 53           100         
 53           77          
 53           80          
 150          149         
 150          152         
 155          152         
 140          141         
 140          139         
 140          152         
 61           70          
 61           45          
 126          162         
 126          125         
 126          127         
 126          144         
 126          121         
 126          142         
 144          152         
 56           45          
 56           55          
 56           60          
 149          152         
 60           70          
 60           45          
 54           55          
 55           70          
 55           45          
 152          151         
 152          154         
 152          142         
 152          38          
 45           48          
 45           38          
 45           41          
 45           32          
 45           58          
 45           49          
 45           40          
 45           39          
 45           42          
 45           62          
 41           40          
 163          164         
 163          162         
 50           49          
 58           59          
 40           39          
 40           42          
 42           70          
 73           74          
 73           70          
 62           70          
 70           28          
 70           78          
 70           79          
 70           71          
 70           74          
 70           75          
 70           66          
 70           64          
 70           65          
 70           77          
 78           77          
 78           80          
 79           80          
 74           75          
 64           65          
 77           80          
 80           83          
 80           82          
 83           82          
 83           81          
 162          159         
 162          161         
 162          165         
 162          164         
 162          160         
 82           81          
 25           24          
 121          122         
 24           23          
 123          122         
 101          100         
