 0            14          
 0            5           
 0            42          
 0            96          
 0            4           
 0            1           
 0            119         
 0            174         
 0            170         
 0            21          
 0            94          
 0            168         
 0            171         
 0            172         
 0            63          
 0            91          
 0            30          
 0            173         
 0            29          
 0            93          
 0            12          
 0            179         
 0            11          
 0            7           
 0            175         
 0            3           
 0            9           
 0            10          
 0            25          
 0            178         
 0            85          
 0            79          
 0            8           
 0            17          
 0            176         
 0            53          
 0            135         
 0            133         
 0            64          
 0            136         
 0            18          
 0            98          
 0            177         
 0            124         
 0            134         
 0            132         
 0            126         
 0            122         
 0            147         
 0            92          
 0            144         
 0            33          
 0            86          
 0            102         
 0            32          
 0            65          
 0            157         
 0            115         
 0            55          
 0            159         
 0            117         
 0            95          
 0            141         
 0            128         
 0            145         
 0            149         
 0            152         
 0            169         
 0            50          
 0            153         
 0            36          
 0            48          
 0            2           
 0            47          
 0            73          
 0            83          
 0            84          
 0            88          
 0            165         
 0            87          
 0            89          
 0            163         
 0            19          
 0            6           
 0            27          
 0            20          
 0            111         
 0            110         
 0            16          
 0            127         
 0            155         
 100          102         
 100          55          
 106          102         
 106          107         
 131          138         
 131          130         
 130          124         
 123          124         
 123          55          
 76           73          
 14           15          
 14           13          
 14           178         
 118          119         
 42           50          
 121          92          
 121          119         
 121          157         
 96           92          
 96           119         
 96           97          
 58           57          
 58           60          
 58           32          
 58           50          
 58           55          
 119          157         
 119          50          
 119          92          
 119          120         
 119          55          
 170          171         
 170          172         
 170          169         
 170          168         
 21           22          
 94           92          
 171          92          
 172          92          
 63           55          
 97           92          
 91           92          
 30           32          
 31           32          
 29           92          
 29           32          
 90           92          
 93           92          
 23           32          
 23           22          
 12           11          
 9            10          
 9            8           
 9            55          
 10           15          
 10           26          
 25           32          
 25           50          
 25           22          
 43           32          
 43           50          
 43           55          
 51           50          
 51           55          
 178          92          
 178          177         
 125          32          
 125          147         
 125          124         
 85           86          
 158          157         
 158          50          
 79           50          
 79           92          
 79           78          
 79           77          
 79           32          
 79           80          
 79           55          
 17           32          
 17           18          
 53           50          
 53           55          
 135          134         
 135          132         
 135          133         
 135          137         
 135          136         
 135          55          
 133          134         
 133          157         
 133          22          
 64           65          
 64           32          
 64           50          
 64           55          
 136          134         
 18           55          
 98           92          
 98           102         
 98           55          
 177          134         
 177          157         
 124          157         
 124          122         
 124          128         
 134          132         
 140          141         
 140          147         
 148          157         
 148          73          
 148          147         
 126          157         
 126          128         
 126          115         
 122          157         
 122          115         
 156          157         
 138          139         
 138          157         
 139          157         
 139          128         
 139          147         
 139          141         
 160          159         
 160          157         
 66           67          
 66           65          
 66           73          
 68           67          
 68           73          
 68           55          
 67           73          
 74           73          
 74           55          
 147          117         
 147          165         
 147          150         
 147          159         
 147          113         
 147          141         
 147          104         
 147          145         
 147          143         
 147          153         
 147          149         
 147          152         
 147          144         
 147          155         
 147          146         
 147          128         
 147          157         
 92           88          
 92           87          
 92           89          
 92           95          
 92           154         
 92           115         
 92           169         
 92           99          
 92           111         
 92           50          
 92           33          
 92           36          
 92           102         
 92           32          
 92           45          
 92           47          
 92           65          
 92           22          
 92           39          
 92           86          
 92           81          
 92           107         
 92           83          
 92           84          
 92           114         
 92           55          
 144          157         
 144          13          
 144          143         
 144          127         
 33           32          
 33           55          
 86           88          
 86           87          
 86           102         
 86           84          
 86           32          
 86           55          
 102          99          
 102          104         
 102          103         
 102          101         
 102          105         
 102          20          
 102          127         
 102          32          
 102          55          
 105          32          
 105          55          
 146          157         
 32           88          
 32           87          
 32           54          
 32           28          
 32           35          
 32           137         
 32           161         
 32           109         
 32           27          
 32           20          
 32           26          
 32           34          
 32           129         
 32           50          
 32           16          
 32           13          
 32           36          
 32           24          
 32           45          
 32           65          
 32           101         
 32           37          
 32           127         
 32           22          
 32           41          
 32           39          
 32           84          
 32           55          
 65           50          
 65           55          
 157          165         
 157          89          
 157          159         
 157          162         
 157          163         
 157          141         
 157          143         
 157          166         
 157          153         
 157          161         
 157          149         
 157          152         
 157          129         
 157          154         
 157          155         
 157          128         
 157          47          
 157          115         
 157          114         
 22           50          
 22           15          
 22           39          
 22           20          
 22           24          
 22           19          
 22           55          
 39           37          
 39           50          
 39           40          
 39           38          
 39           55          
 115          117         
 115          116         
 115          113         
 115          112         
 115          114         
 115          55          
 15           73          
 55           88          
 55           87          
 55           89          
 55           73          
 55           143         
 55           54          
 55           60          
 55           27          
 55           59          
 55           52          
 55           61          
 55           62          
 55           50          
 55           48          
 55           57          
 55           49          
 55           56          
 55           45          
 55           47          
 55           44          
 55           41          
 55           36          
 55           82          
 55           81          
 55           69          
 55           71          
 55           83          
 55           84          
 150          149         
 150          152         
 151          152         
 141          142         
 141          152         
 54           50          
 128          165         
 128          127         
 128          129         
 128          143         
 128          109         
 142          143         
 143          152         
 60           61          
 60           50          
 60           59          
 149          152         
 59           50          
 61           62          
 62           73          
 62           50          
 152          154         
 152          153         
 152          36          
 152          155         
 50           24          
 50           52          
 50           129         
 50           111         
 50           36          
 50           46          
 50           48          
 50           57          
 50           49          
 50           56          
 50           45          
 50           47          
 50           44          
 50           41          
 46           45          
 167          165         
 48           49          
 57           56          
 45           47          
 45           44          
 44           73          
 70           71          
 70           73          
 73           82          
 73           81          
 73           69          
 73           71          
 73           72          
 73           75          
 73           78          
 73           77          
 82           83          
 82           84          
 81           84          
 71           72          
 83           84          
 84           88          
 84           87          
 88           87          
 88           89          
 165          166         
 165          162         
 165          163         
 165          164         
 87           89          
 28           27          
 109          110         
 27           26          
 111          110         
 108          107         
