0       84.7211746854     0.0              
1       1.00155077206     0.020464000297   
2       1.00136414074     0.043802529286   
3       1.00144682544     0.067134691656   
4       1.00429580513     0.092909950625   
5       1.00075567213     0.11894081064    
6       1.00049719326     0.145775362739   
7       1.00154346557     0.174454361951   
8       1.00173577727     0.237499624108   
9       2.68746411165     0.242629246874   
10      3.15796605039     0.278443728497   
11      1.00023115251     0.332049541006   
12      1.00122601614     0.33261617014    
13      1.79339409414     0.378376434913   
14      2.41893420289     0.392950750426   
15      2.84600779992     0.421690794284   
16      1.84048395116     0.503192886316   
17      1.82764477165     0.564943477676   
18      1.81237948662     0.567083410836   
19      1.36313949306     0.655355840925   
20      2.64801674517     0.698610279172   
21      1.00124660081     0.737074772527   
22      8.25479648785     0.738564561485   
23      1.00019765363     0.759220496631   
24      1.62050891067     0.786290239143   
25      2.57025645112     0.835163031828   
26      1.41749167856     0.896819996431   
27      2.28246748031     0.90888062077    
28      1.00058246066     0.91433494113    
29      2.16619804106     0.975573206875   
30      1.40248569119     1.02120276869    
31      1.00027592996     1.05260031443    
32      36.6591237211     1.08897318603    
33      3.024104826       1.10288013002    
34      1.00028156873     1.15277495238    
35      1.00207033484     1.17950089744    
36      4.97244488785     1.26314292263    
37      1.07981472738     1.38449181346    
38      1.00227670652     1.40376057457    
39      4.06370335256     1.40619786631    
40      1.00067503548     1.42043550001    
41      1.8301094135      1.49653944774    
42      1.28833073803     1.53584470937    
43      1.67955341731     1.57107421101    
44      1.67950050877     1.62089375747    
45      3.036608392       1.64147329318    
46      1.00079184459     1.64398548632    
47      3.17945163504     1.68047670215    
48      1.53508716839     1.73264777823    
49      1.00072580597     1.73532175841    
50      23.0598865792     1.74198760901    
51      1.00168362691     1.76306898414    
52      1.00078387992     1.78146551838    
53      1.68601407887     1.81369409521    
54      1.79708616326     1.85602874419    
55      38.9662531318     1.92445454883    
56      1.0030227906      1.92649336509    
57      1.34585276168     1.92998526862    
58      1.89358015245     1.94324131939    
59      1.00115198122     1.96317707752    
60      1.63007089054     1.96470132113    
61      1.01566758165     1.97749560474    
62      1.72117987183     1.98747471901    
63      1.35049408719     2.03796163699    
64      2.97689751458     2.10368574792    
65      4.39098697436     2.15102980292    
66      1.28713296663     2.23372245279    
67      1.10611669806     2.24083321774    
68      1.24220273732     2.24850649224    
69      1.09429053189     2.27322845019    
70      1.00003680833     2.29487757797    
71      1.30584737056     2.29953382386    
72      1.00072547413     2.30462412339    
73      9.01064830102     2.30978969883    
74      1.08685462555     2.32539465768    
75      1.00066806721     2.34327100166    
76      1.00104475653     2.36156492098    
77      1.24207916883     2.41354462397    
78      1.06544244004     2.43294333902    
79      3.48381439908     2.43722020929    
80      1.00026233065     2.45063430203    
81      2.38533231065     2.52175955332    
82      1.81795317571     2.58032271536    
83      2.27669157078     2.58600660853    
84      4.80762289528     2.60617980412    
85      1.00108558687     2.67982773475    
86      4.34765883331     2.69018135606    
87      4.40007632861     2.74951413004    
88      4.3983082921      2.74972235595    
89      3.4928751241      2.80298174946    
90      1.00076430033     2.87481744058    
91      1.66355510023     2.90615356716    
92      31.3994738131     2.93849936469    
93      1.71474252431     2.94630821073    
94      1.75651405149     2.98984877235    
95      1.74023790249     3.03444506928    
96      2.57063149016     3.09222326459    
97      1.02902748928     3.09293670048    
98      3.21248060537     3.17694986213    
99      1.47820831953     3.23925809446    
100     1.34517859254     3.26719595158    
101     1.29710765737     3.29339271089    
102     8.96062317586     3.29990785167    
103     1.00077624712     3.31532493673    
104     1.52698086569     3.34320496031    
105     2.62480069892     3.39484825651    
106     1.55702048099     3.46972756626    
107     1.86643971813     3.48144486128    
108     1.0002835589      3.48821276504    
109     2.50122244548     3.60079732536    
110     2.35570351768     3.62378103234    
111     3.37170429936     3.66339432601    
112     1.3021420878      3.80090614435    
113     1.72453512179     3.8308726051     
114     2.42314820076     3.871564479      
115     7.00636102743     3.87299795147    
116     1.0025486105      3.90376482736    
117     2.72514678271     3.95042507934    
118     1.00079317204     4.06013134249    
119     5.65653327305     4.07688510165    
120     1.00068930406     4.07988537108    
121     2.86745444755     4.12683226137    
122     3.53322085884     4.25408216582    
123     1.65767129593     4.32578574959    
124     4.45290430125     4.34065517664    
125     2.46450960466     4.37635384196    
126     3.16802873472     4.46752645448    
127     3.76515130169     4.55207366316    
128     7.20397867811     4.55934144018    
129     3.05348717111     4.63633025439    
130     1.42442760304     4.69839093757    
131     1.42460474213     4.70254440776    
132     1.71720523572     4.75483663687    
133     2.14551090892     4.77890713985    
134     2.53970555941     4.78090354319    
135     2.86164778629     4.79127467269    
136     1.24514977589     4.79887847614    
137     1.41679806708     4.82259347832    
138     1.90821529915     4.87680543046    
139     2.68775019098     4.89544764131    
140     1.05822607242     4.94659930926    
141     2.99103129484     4.94811550097    
142     1.06764649249     4.96658712387    
143     3.69002663897     5.00557929763    
144     3.24607226748     5.02666666487    
145     1.04300885243     5.07404817057    
146     1.0068536946      5.09519751872    
147     11.5400629341     5.09556285033    
148     1.42895414291     5.11627140371    
149     1.8157860714      5.15711139515    
150     1.0002964951      5.15741156253    
151     1.00075036253     5.18366413071    
152     5.79932362272     5.19269330791    
153     1.71021611779     5.20800371698    
154     1.33031113624     5.23559439877    
155     2.40558777441     5.27291683294    
156     1.00002122268     5.32544350345    
157     23.8598570406     5.32546578662    
158     1.37241149369     5.35847483609    
159     2.45139533342     5.40881513457    
160     1.00154778303     5.41047045563    
161     1.58511078003     5.47499726759    
162     1.33344288616     5.55406468943    
163     1.70987758708     5.58321107342    
164     1.00075534028     5.60608820975    
165     5.35051129529     5.6078837837     
166     1.005755516       5.61959724002    
167     1.00008157713     5.63765784146    
168     1.31949029563     5.80406423462    
169     1.59248451307     5.82632830295    
170     2.86135837884     5.83099540953    
171     1.8577826963      5.85405006219    
172     2.82466910531     5.90457892496    
173     1.02884358465     5.9845414186     
174     1.00108691471     6.01575994997    
175     1.0016301507      6.04514826549    
176     1.00168894151     6.07787231512    
177     4.0433676603      6.16218077557    
178     4.05478040291     6.19709325701    
179     1.00026166728     6.27359605472    
