0       108.945276464     0.0              
1       1.00120752773     0.008584450106   
2       1.00011200622     0.032407778444   
3       1.00085156182     0.052418250726   
4       1.00067958041     0.073156764671   
5       1.00088098729     0.095918927344   
6       1.00094579638     0.121560487303   
7       1.00020407072     0.148107043497   
8       5.52132033541     0.260067043126   
9       3.1413146116      0.482941044254   
10      2.58609483212     0.510292041544   
11      3.00209733778     0.542115027259   
12      1.39285847324     0.600107815097   
13      1.00081197898     0.600568833249   
14      1.49800503352     0.681357863899   
15      1.49856142062     0.682364164284   
16      1.67022663475     0.828884421498   
17      9.72909339658     0.864710138332   
18      1.51040653044     0.874160448684   
19      4.46239160725     0.966541969888   
20      2.12366904673     1.0873040082     
21      2.07522688474     1.14833779311    
22      3.26525791677     1.23062447737    
23      1.0009233755      1.29004713304    
24      1.0000283504      1.31424553017    
25      1.00044634933     1.3317305143     
26      1.00005810164     1.35690075717    
27      39.3609884399     1.3762185787     
28      1.00031189843     1.39532555278    
29      1.87510180453     1.40007280387    
30      1.00085576541     1.40473279482    
31      5.04396500378     1.46645679618    
32      3.97415374128     1.56798602606    
33      3.10962747112     1.57191048521    
34      1.00092547739     1.64428546645    
35      3.55645744666     1.65203326785    
36      1.0002674356      1.65715727302    
37      1.44352165047     1.70310516581    
38      1.39042359066     1.72897274076    
39      1.82469786673     1.75865616782    
40      1.0028393716      1.78259540609    
41      2.63720379871     1.81199682936    
42      1.00005985174     1.83668770322    
43      2.51327986444     1.83808648697    
44      19.0601304394     1.85586133955    
45      1.86586836651     1.85616169419    
46      1.0036287156      1.88440289468    
47      1.00028949174     1.89889856372    
48      1.00051568262     1.91446532286    
49      1.89870143225     1.94593327591    
50      1.45344705466     1.95712541845    
51      1.01975442418     1.96040010791    
52      1.79551211314     1.98854768165    
53      31.2131211436     2.01985909076    
54      1.00089044566     2.02338956852    
55      1.96872145217     2.02507335212    
56      1.00077765171     2.04962416036    
57      1.41366381096     2.07329412807    
58      1.00115987143     2.07447569774    
59      1.0006862349      2.0974771704     
60      1.377632847       2.13021957087    
61      2.75015194328     2.13616000136    
62      1.00180482559     2.14407857796    
63      1.12572348344     2.17211979171    
64      1.0478829288      2.18748356804    
65      1.00101551464     2.20137777878    
66      8.18829400894     2.20656619915    
67      1.00160463505     2.21488737082    
68      1.09396366821     2.22621246335    
69      1.0019475428      2.22640233841    
70      1.00220252059     2.24308250695    
71      1.00059587711     2.24388207945    
72      1.51368660966     2.2644900777     
73      1.91765587088     2.32693163453    
74      1.00268143694     2.32884349291    
75      2.59821662983     2.40732106618    
76      3.15365272399     2.41844729548    
77      3.57821240082     2.50553441083    
78      6.66857273232     2.51851407541    
79      2.19969761469     2.56678353728    
80      2.8286126012      2.65511813553    
81      1.00108278514     2.70008744146    
82      1.00019426877     2.71805553966    
83      30.5050172581     2.73385374415    
84      1.00411709946     2.73506377635    
85      3.66068296315     2.78181049264    
86      1.83252778709     2.84157320069    
87      3.7528142166      2.93192339578    
88      9.26100984122     2.96936997903    
89      1.86892846965     3.01762633314    
90      2.12518886219     3.16123629624    
91      1.8063675986      3.1982727943     
92      1.60827721044     3.22555675483    
93      8.77311192501     3.24019361302    
94      1.00065506406     3.24230733068    
95      1.00083404712     3.25465133067    
96      1.70790583575     3.2723583203     
97      1.94770465598     3.30315138682    
98      3.92270175017     3.3595817723     
99      3.03169964382     3.44846471906    
100     2.60723779777     3.49432312809    
101     1.00067747899     3.51845942726    
102     4.75908330417     3.52362240456    
103     1.00162146215     3.53086452785    
104     2.05517241752     3.55462599231    
105     1.81953727207     3.60331349764    
106     2.17256665917     3.61433526289    
107     1.00265055488     3.61805989913    
108     1.00088729286     3.67891591024    
109     1.97412827516     3.67990091053    
110     3.55147194894     3.74238867216    
111     2.12981372618     3.80646537349    
112     1.00143637971     3.83124608223    
113     7.28828305609     3.84382493067    
114     1.00142271019     3.84436482937    
115     1.81590710257     3.86495358731    
116     2.10730289307     3.89585767322    
117     4.67027556958     3.96822900302    
118     1.00118860508     4.1024181482     
119     4.54836053062     4.11083154222    
120     3.45004308482     4.14057648206    
121     3.20867703976     4.26009796584    
122     3.83286437778     4.29270788445    
123     3.25128582554     4.33710653529    
124     2.39953483119     4.43713268121    
125     3.16256283987     4.50205834316    
126     9.93127434636     4.52041639681    
127     3.12466032653     4.57503309741    
128     3.30917973871     4.66383348878    
129     2.26219433158     4.69168576373    
130     2.58316657691     4.71335633204    
131     1.00123275847     4.71599520219    
132     2.55285568535     4.78980061303    
133     1.57691674436     4.82569963962    
134     3.14829953532     4.83437940176    
135     1.18675001614     4.8404295628     
136     3.07094779726     4.84618330153    
137     1.49581976769     4.85425149369    
138     2.14935794573     4.88249662651    
139     2.00786257461     4.93216318684    
140     2.96793214905     4.94593643182    
141     3.3304453759      4.98365528168    
142     1.2130080644      4.99115384866    
143     1.92850518253     5.03255410261    
144     1.00097627565     5.05543816732    
145     1.12424615454     5.07008139212    
146     12.3740218655     5.09028117771    
147     1.00388868896     5.10212571149    
148     4.50364964962     5.11063881801    
149     1.18741852221     5.12507381691    
150     1.00006335196     5.16913550505    
151     7.18102411435     5.17282627182    
152     2.1010385749      5.19649792481    
153     1.71692115259     5.23025561383    
154     1.92077737806     5.26821939129    
155     4.38872550696     5.32311875107    
156     24.7042212122     5.34223078099    
157     1.00158360157     5.37227560734    
158     1.00087187932     5.39029632378    
159     1.00395755803     5.407452678      
160     1.00153066933     5.42468018855    
161     2.06526168592     5.4747736869     
162     1.54713839046     5.67302254014    
163     1.00229267271     5.69248248709    
164     1.0002093218      5.70545896837    
165     6.2339134416      5.71048503994    
166     1.00070059485     5.72026192042    
167     1.02383351987     5.74826399818    
168     3.37663240477     5.75928499101    
169     1.00051042993     5.76615045385    
170     2.94838472155     5.91697829091    
171     1.00262353381     5.94775415497    
172     2.78981421281     5.9487361124     
173     3.29989466204     5.98700773463    
174     1.1106728289      6.06268043752    
175     1.10960237946     6.06284316082    
176     1.06745136872     6.11219682053    
177     1.01146719271     6.14431828835    
178     1.00231547513     6.17155899332    
179     1.0002912422      6.19781586832    
180     1.00070795003     6.22355629814    
181     1.000612337       6.24718694261    
182     1.00019356863     6.26909054792    
