 0            105         
 0            10          
 0            124         
 0            127         
 0            5           
 0            182         
 0            113         
 0            3           
 0            172         
 0            170         
 0            86          
 0            171         
 0            173         
 0            22          
 0            4           
 0            7           
 0            20          
 0            162         
 0            6           
 0            117         
 0            177         
 0            15          
 0            1           
 0            14          
 0            181         
 0            180         
 0            179         
 0            175         
 0            174         
 0            19          
 0            9           
 0            89          
 0            61          
 0            178         
 0            12          
 0            2           
 0            52          
 0            136         
 0            133         
 0            33          
 0            135         
 0            92          
 0            132         
 0            119         
 0            134         
 0            137         
 0            99          
 0            120         
 0            146         
 0            83          
 0            140         
 0            80          
 0            88          
 0            93          
 0            98          
 0            27          
 0            32          
 0            156         
 0            102         
 0            53          
 0            130         
 0            100         
 0            176         
 0            148         
 0            126         
 0            145         
 0            152         
 0            151         
 0            16          
 0            153         
 0            44          
 0            154         
 0            155         
 0            41          
 0            66          
 0            76          
 0            78          
 0            77          
 0            165         
 0            87          
 0            168         
 0            18          
 0            8           
 0            121         
 0            122         
 0            21          
 0            139         
 0            90          
 0            31          
 94           93          
 105          106         
 108          109         
 109          27          
 118          119         
 40           44          
 10           11          
 10           9           
 124          126         
 114          113         
 127          126         
 127          27          
 111          113         
 111          156         
 11           66          
 11           17          
 164          165         
 49           50          
 49           27          
 49           44          
 49           53          
 113          156         
 113          115         
 113          83          
 113          112         
 113          117         
 113          116         
 113          110         
 113          53          
 172          173         
 172          170         
 172          171         
 170          83          
 86           83          
 173          83          
 22           83          
 22           27          
 84           83          
 20           27          
 162          165         
 117          83          
 117          27          
 81           83          
 25           27          
 15           14          
 175          174         
 19           27          
 19           44          
 19           17          
 39           27          
 39           44          
 39           53          
 48           44          
 48           53          
 9            83          
 144          146         
 89           88          
 157          156         
 61           44          
 61           62          
 61           60          
 61           27          
 61           53          
 12           13          
 52           44          
 52           53          
 136          134         
 136          137         
 136          133         
 136          135         
 136          138         
 136          53          
 133          134         
 33           32          
 33           27          
 33           44          
 33           53          
 135          134         
 92           93          
 132          134         
 132          156         
 119          126         
 119          156         
 119          120         
 134          137         
 134          68          
 147          148         
 147          146         
 143          156         
 143          66          
 143          146         
 99           156         
 99           102         
 120          27          
 158          156         
 129          128         
 129          156         
 129          130         
 128          156         
 128          126         
 128          148         
 131          130         
 70           71          
 68           69          
 68           66          
 64           66          
 64           53          
 69           66          
 67           66          
 146          148         
 146          100         
 146          156         
 146          140         
 146          149         
 146          130         
 146          145         
 146          154         
 146          141         
 146          155         
 146          152         
 146          104         
 146          165         
 146          138         
 146          126         
 146          151         
 83           77          
 83           85          
 83           87          
 83           116         
 83           82          
 83           91          
 83           121         
 83           44          
 83           80          
 83           31          
 83           93          
 83           27          
 83           41          
 83           32          
 83           17          
 83           35          
 83           88          
 83           79          
 83           106         
 83           76          
 83           78          
 83           53          
 140          141         
 140          156         
 140          139         
 80           53          
 88           85          
 88           93          
 88           78          
 88           87          
 88           29          
 88           27          
 88           53          
 93           91          
 93           95          
 93           90          
 93           97          
 93           96          
 93           98          
 93           8           
 93           27          
 93           53          
 98           27          
 98           53          
 138          156         
 27           77          
 27           115         
 27           28          
 27           37          
 27           26          
 27           161         
 27           123         
 27           29          
 27           8           
 27           30          
 27           44          
 27           21          
 27           23          
 27           31          
 27           38          
 27           43          
 27           41          
 27           32          
 27           97          
 27           24          
 27           17          
 27           35          
 27           53          
 32           44          
 32           53          
 156          165         
 156          168         
 156          148         
 156          159         
 156          141         
 156          154         
 156          161         
 156          152         
 156          151         
 156          125         
 156          153         
 156          155         
 156          126         
 156          160         
 156          110         
 17           44          
 17           35          
 17           16          
 17           18          
 17           53          
 35           44          
 35           36          
 35           34          
 35           53          
 102          100         
 102          101         
 102          104         
 102          103         
 102          122         
 102          110         
 53           77          
 53           85          
 53           87          
 53           66          
 53           47          
 53           50          
 53           51          
 53           59          
 53           54          
 53           55          
 53           125         
 53           44          
 53           56          
 53           58          
 53           73          
 53           57          
 53           43          
 53           45          
 53           46          
 53           31          
 53           75          
 53           79          
 53           72          
 53           63          
 53           60          
 53           76          
 53           78          
 149          148         
 149          151         
 150          151         
 148          142         
 148          151         
 47           44          
 126          139         
 126          125         
 126          141         
 126          155         
 126          123         
 142          141         
 141          151         
 50           44          
 50           51          
 152          151         
 51           44          
 54           55          
 55           66          
 55           44          
 151          153         
 151          31          
 151          155         
 44           37          
 44           31          
 44           42          
 44           38          
 44           73          
 44           57          
 44           43          
 44           41          
 44           45          
 44           46          
 42           43          
 58           57          
 73           74          
 43           41          
 43           45          
 45           66          
 65           66          
 66           75          
 66           72          
 66           71          
 66           63          
 66           96          
 66           60          
 75           76          
 75           78          
 79           78          
 76           78          
 78           77          
 78           85          
 165          167         
 165          163         
 165          168         
 165          166         
 168          169         
 168          167         
 28           29          
 123          122         
 29           30          
 121          122         
 107          106         
