 0            6           
 0            160         
 0            132         
 0            94          
 0            9           
 0            180         
 0            110         
 0            177         
 0            175         
 0            31          
 0            173         
 0            174         
 0            178         
 0            2           
 0            10          
 0            172         
 0            115         
 0            169         
 0            15          
 0            112         
 0            91          
 0            35          
 0            14          
 0            11          
 0            13          
 0            171         
 0            89          
 0            182         
 0            183         
 0            181         
 0            36          
 0            5           
 0            85          
 0            64          
 0            1           
 0            3           
 0            179         
 0            45          
 0            141         
 0            143         
 0            46          
 0            4           
 0            95          
 0            138         
 0            119         
 0            140         
 0            139         
 0            92          
 0            123         
 0            120         
 0            155         
 0            168         
 0            135         
 0            37          
 0            83          
 0            96          
 0            33          
 0            47          
 0            154         
 0            34          
 0            101         
 0            61          
 0            124         
 0            153         
 0            148         
 0            156         
 0            100         
 0            147         
 0            129         
 0            146         
 0            56          
 0            149         
 0            57          
 0            150         
 0            176         
 0            145         
 0            48          
 0            134         
 0            12          
 0            50          
 0            8           
 0            51          
 0            70          
 0            130         
 0            71          
 0            79          
 0            113         
 0            66          
 0            80          
 0            81          
 0            86          
 0            164         
 0            87          
 0            88          
 0            159         
 0            167         
 0            25          
 0            27          
 0            22          
 0            20          
 0            166         
 0            29          
 0            133         
 0            98          
 0            152         
 30           33          
 106          105         
 118          117         
 118          119         
 117          119         
 121          122         
 121          154         
 121          48          
 121          61          
 42           48          
 6            7           
 6            5           
 160          155         
 111          110         
 132          154         
 132          129         
 132          48          
 107          92          
 107          110         
 107          154         
 94           154         
 94           92          
 94           110         
 94           93          
 94           61          
 180          181         
 163          164         
 163          154         
 58           48          
 58           56          
 58           59          
 58           60          
 58           33          
 58           61          
 110          154         
 110          48          
 110          92          
 110          109         
 110          112         
 110          108         
 110          61          
 177          175         
 175          85          
 175          181         
 175          176         
 175          173         
 175          174         
 175          178         
 175          2           
 175          172         
 31           92          
 31           33          
 31           34          
 173          92          
 178          92          
 2            92          
 2            33          
 10           61          
 93           92          
 172          92          
 115          33          
 115          114         
 169          170         
 169          164         
 15           14          
 15           16          
 112          92          
 112          33          
 112          155         
 116          92          
 116          33          
 116          119         
 91           92          
 35           92          
 35           33          
 35           34          
 14           13          
 89           92          
 89           83          
 182          181         
 183          143         
 183          181         
 183          1           
 181          179         
 181          7           
 36           33          
 36           48          
 36           34          
 36           61          
 43           33          
 43           48          
 43           61          
 44           48          
 44           34          
 44           61          
 5            92          
 5            138         
 157          154         
 157          155         
 85           86          
 85           83          
 114          129         
 114          154         
 114          113         
 114          48          
 64           65          
 64           48          
 64           92          
 64           62          
 64           71          
 64           66          
 64           63          
 64           33          
 64           61          
 3            4           
 179          154         
 179          155         
 45           92          
 45           33          
 45           48          
 45           61          
 141          140         
 141          144         
 141          154         
 141          139         
 141          143         
 141          142         
 141          138         
 141          61          
 143          140         
 46           47          
 46           33          
 46           48          
 46           61          
 142          140         
 4            61          
 95           92          
 95           96          
 95           61          
 138          140         
 138          154         
 138          155         
 119          154         
 119          124         
 119          120         
 119          129         
 140          139         
 139          99          
 122          147         
 122          129         
 122          155         
 92           86          
 92           153         
 92           164         
 92           87          
 92           88          
 92           101         
 92           176         
 92           90          
 92           22          
 92           48          
 92           156         
 92           37          
 92           12          
 92           96          
 92           33          
 92           52          
 92           51          
 92           47          
 92           34          
 92           130         
 92           40          
 92           83          
 92           79          
 92           82          
 92           68          
 92           104         
 92           105         
 92           80          
 92           81          
 92           108         
 92           61          
 123          154         
 123          129         
 123          124         
 151          154         
 151          129         
 151          150         
 127          124         
 127          154         
 127          126         
 127          105         
 127          128         
 127          129         
 128          154         
 128          129         
 128          155         
 128          147         
 125          124         
 125          129         
 74           73          
 74           71          
 75           76          
 75           71          
 77           76          
 77           71          
 77           61          
 76           71          
 78           71          
 78           155         
 78           61          
 155          153         
 155          164         
 155          156         
 155          124         
 155          100         
 155          159         
 155          147         
 155          167         
 155          17          
 155          146         
 155          148         
 155          136         
 155          134         
 155          149         
 155          150         
 155          168         
 155          135         
 155          152         
 155          133         
 155          144         
 155          129         
 155          154         
 155          71          
 155          101         
 155          61          
 168          71          
 135          154         
 135          134         
 135          136         
 135          149         
 135          19          
 135          133         
 37           33          
 37           61          
 83           22          
 83           48          
 83           96          
 83           7           
 83           81          
 83           88          
 83           87          
 83           25          
 83           82          
 83           84          
 83           52          
 83           80          
 83           33          
 83           61          
 96           48          
 96           98          
 96           32          
 96           101         
 96           97          
 96           113         
 96           84          
 96           27          
 96           33          
 96           61          
 84           33          
 84           61          
 144          147         
 144          154         
 33           86          
 33           87          
 33           62          
 33           28          
 33           67          
 33           38          
 33           24          
 33           18          
 33           103         
 33           32          
 33           126         
 33           25          
 33           27          
 33           26          
 33           131         
 33           48          
 33           29          
 33           23          
 33           12          
 33           19          
 33           20          
 33           52          
 33           51          
 33           47          
 33           97          
 33           65          
 33           34          
 33           69          
 33           40          
 33           63          
 33           81          
 33           61          
 47           48          
 47           56          
 47           61          
 154          153         
 154          164         
 154          156         
 154          161         
 154          159         
 154          147         
 154          136         
 154          32          
 154          149         
 154          158         
 154          150         
 154          131         
 154          145         
 154          134         
 154          152         
 154          129         
 154          162         
 154          101         
 154          108         
 34           20          
 34           48          
 34           7           
 34           40          
 34           32          
 34           27          
 34           167         
 34           61          
 40           38          
 40           48          
 40           41          
 40           39          
 40           99          
 40           61          
 101          153         
 101          103         
 101          99          
 101          100         
 101          102         
 101          108         
 7            71          
 61           86          
 61           153         
 61           87          
 61           88          
 61           71          
 61           67          
 61           56          
 61           25          
 61           57          
 61           62          
 61           55          
 61           54          
 61           131         
 61           48          
 61           50          
 61           59          
 61           49          
 61           60          
 61           52          
 61           51          
 61           65          
 61           70          
 61           69          
 61           12          
 61           79          
 61           82          
 61           68          
 61           73          
 61           72          
 61           63          
 61           80          
 61           81          
 153          150         
 148          147         
 148          150         
 147          146         
 147          137         
 147          145         
 147          149         
 147          150         
 67           68          
 67           71          
 67           48          
 129          145         
 129          133         
 129          134         
 129          152         
 129          131         
 129          136         
 129          164         
 129          126         
 129          130         
 137          136         
 136          164         
 136          150         
 56           48          
 56           57          
 56           59          
 56           55          
 56           54          
 149          150         
 57           48          
 55           54          
 54           71          
 54           48          
 150          134         
 150          152         
 150          12          
 150          145         
 48           19          
 48           62          
 48           71          
 48           18          
 48           103         
 48           32          
 48           22          
 48           12          
 48           53          
 48           50          
 48           59          
 48           49          
 48           60          
 48           52          
 48           51          
 48           65          
 48           69          
 48           66          
 48           63          
 53           52          
 50           49          
 50           52          
 59           71          
 59           60          
 52           51          
 52           65          
 52           90          
 65           71          
 70           69          
 70           73          
 70           71          
 69           71          
 71           79          
 71           82          
 71           68          
 71           73          
 71           72          
 71           113         
 71           66          
 71           63          
 71           80          
 79           80          
 79           81          
 82           81          
 73           72          
 80           81          
 81           86          
 81           87          
 86           87          
 86           88          
 164          162         
 164          21          
 164          165         
 164          161         
 164          159         
 164          166         
 87           88          
 159          158         
 17           18          
 24           25          
 18           20          
 25           23          
 25           27          
 25           26          
 25           20          
 22           23          
 22           20          
 21           20          
 19           20          
 104          105         
