0       74.8455856294     0.0              
1       1.00026073894     0.003131440521   
2       3.01260287296     0.082297919471   
3       1.00152067541     0.163419886869   
4       1.70870032579     0.165973275788   
5       2.57098131016     0.242197814778   
6       1.76796132271     0.273104756302   
7       3.52257017196     0.329460573919   
8       1.00121575053     0.405694475584   
9       1.00037829013     0.438673564496   
10      1.89890513085     0.489410278661   
11      1.00070744637     0.543992430992   
12      4.9294728766      0.661216126904   
13      1.014952749       0.802086196582   
14      1.3413612041      0.809454247857   
15      1.3203095302      0.831337068027   
16      1.00040397793     0.835488103928   
17      1.02064982992     0.905072258799   
18      1.83686459418     0.911314916454   
19      1.86923252368     0.96256695229    
20      3.30121555529     0.986819652935   
21      1.00024714138     0.998149614062   
22      2.53118902545     1.05008812128    
23      1.26082253824     1.07700656295    
24      1.00092210613     1.11538080011    
25      3.38695017365     1.12706504489    
26      1.00026678238     1.14285987881    
27      2.53171668945     1.19938122853    
28      1.00000422926     1.25353494482    
29      1.07479548125     1.28192107954    
30      1.00046442246     1.30849609827    
31      1.85136673092     1.35057308642    
32      2.2185068257      1.41547440541    
33      26.276817771      1.4190228595     
34      7.34952751144     1.4386264299     
35      1.57993942441     1.46946708367    
36      2.06468873733     1.52648652775    
37      1.6101154675      1.58463960459    
38      1.00060224968     1.63177468467    
39      1.0021087044      1.65430165692    
40      3.03570881985     1.65705690513    
41      1.00194554698     1.67683537031    
42      1.00005588846     1.72636542283    
43      1.1921002545      1.75351119027    
44      1.12068844958     1.7799959528     
45      1.82135932272     1.81103209925    
46      1.5867127534      1.86414655854    
47      2.27286869292     1.86734072898    
48      16.9206396164     1.90589810008    
49      1.00002326132     1.913060547      
50      1.1945952758      1.91862309989    
51      1.66904879547     1.94722120558    
52      2.75681391579     1.95439788377    
53      1.00024442192     1.97043165317    
54      1.0401638351      2.00973841283    
55      1.00105999635     2.01015748619    
56      1.90821862061     2.02249262418    
57      1.00197339388     2.02868809395    
58      1.27849330209     2.05219852167    
59      1.27904649163     2.05260898137    
60      1.00014350375     2.05728133106    
61      23.5573734409     2.07664971104    
62      1.19892351868     2.09169815245    
63      1.34056964987     2.1142247502     
64      2.90563409516     2.13391445721    
65      1.71559492957     2.14338499095    
66      1.22655637536     2.17725278504    
67      1.38381371123     2.21248827879    
68      1.09307084902     2.21454207534    
69      1.41661659718     2.25114264721    
70      1.32194344996     2.26246998679    
71      8.37614078006     2.27065184184    
72      1.0010258244      2.2822398383     
73      1.174610782       2.28561115057    
74      1.00147015066     2.29708829296    
75      1.00146712533     2.33497791803    
76      1.00037980116     2.34259688901    
77      1.00079421172     2.34943725989    
78      1.27822143072     2.379709412      
79      1.89318993741     2.43700374423    
80      2.17742647586     2.44857488788    
81      3.33719724038     2.4988827915     
82      1.66668071118     2.51180403299    
83      7.19431945671     2.57047055897    
84      1.5186588686      2.57113156387    
85      1.35907641366     2.61997926459    
86      2.73272002423     2.65786888965    
87      2.91363364828     2.6779866582     
88      2.09888005781     2.67803347158    
89      1.70672396917     2.76488989059    
90      1.37642212006     2.82199996537    
91      1.4032773261      2.87129445297    
92      28.0585280353     2.88035827206    
93      1.00006011801     2.95166553377    
94      3.1341695368      2.95597536065    
95      2.58161802453     3.10452694399    
96      7.3559556665      3.16214485029    
97      1.10378575357     3.19007296291    
98      1.27624939268     3.23267126485    
99      1.70986575008     3.3320087099     
100     1.61436492482     3.37988005323    
101     4.82444768112     3.38693298025    
102     1.00011329072     3.41107603226    
103     1.78750771726     3.44826882848    
104     1.13003839137     3.50093589231    
105     1.69254270531     3.51155976725    
106     1.00006616024     3.52178636045    
107     1.85359625258     3.57072630693    
108     2.30623836738     3.62304433021    
109     1.00021148641     3.66574435761    
110     4.93540475682     3.66799786003    
111     1.00122633664     3.69149106042    
112     3.30443032106     3.76169890993    
113     2.68664696702     3.89178607962    
114     2.97641866025     3.94658483746    
115     2.11623381266     3.97525770412    
116     2.19807883461     4.07795871967    
117     1.00048497446     4.13001191967    
118     1.00072558486     4.13113038491    
119     3.29990141606     4.13953188833    
120     1.45324676131     4.16931764944    
121     2.32743459006     4.25061835031    
122     2.2898444591      4.26449954694    
123     2.02326911865     4.34313881363    
124     2.45108088121     4.36589723123    
125     1.02229578611     4.38152503501    
126     1.28691001387     4.42846921013    
127     2.40948904882     4.43404384087    
128     2.26713857849     4.47280803347    
129     8.25365215422     4.51226225528    
130     1.54987189317     4.52180066841    
131     1.93970510906     4.56443632742    
132     1.88009110239     4.60721233294    
133     1.76741396918     4.65272757649    
134     2.41689646363     4.70492365091    
135     3.12579866137     4.71002200234    
136     2.40748601108     4.76468439281    
137     1.00009546546     4.77691054925    
138     1.87750128815     4.82428400305    
139     1.01889755668     4.84503356495    
140     1.30181144645     4.85235105778    
141     1.97256844739     4.85717377203    
142     1.00046865373     4.85740652815    
143     1.05218079998     4.87002329543    
144     1.32685414473     4.8930891833     
145     1.53960232068     4.92641993431    
146     1.00020211962     4.948090409      
147     3.62042416342     4.94953563162    
148     1.06485663258     4.97080557104    
149     1.89996609331     5.00106068308    
150     4.69506070198     5.01527153952    
151     1.00082686406     5.03264398429    
152     1.85191323027     5.07311246476    
153     3.69693493801     5.15953894971    
154     19.1555660226     5.16608720509    
155     16.8355928818     5.17125240603    
156     1.86711335507     5.24947194396    
157     1.00002900117     5.29022879483    
158     1.0000027188      5.35449963124    
159     2.00388506381     5.35524808354    
160     1.00405107436     5.39745165506    
161     1.00010362277     5.43948164258    
162     1.00058411343     5.46577615554    
163     1.00048134761     5.49227795815    
164     6.56860499728     5.50052778622    
165     1.00040186243     5.52665751609    
166     1.07901427538     5.55743431642    
167     2.00286590239     5.65130487757    
168     2.13209057514     5.72394089021    
169     1.71900488087     5.79023818415    
170     1.00135821874     5.79098981976    
171     1.00035320736     5.848951149      
172     2.25870489809     5.9140897182     
173     1.77516904737     5.97513136775    
174     1.00118943697     6.00929240084    
175     4.26108040746     6.03332957269    
176     1.39891014799     6.03410330422    
177     1.00025590424     6.05915482835    
178     1.80630193934     6.09377407079    
179     2.42803673633     6.16900616616    
180     1.00105576263     6.21361444731    
181     3.08199840925     6.22233765227    
182     1.00054179682     6.23702001306    
183     2.00609401628     6.27950203056    
