0       104.071354356     0.0              
1       1.00181656841     0.022354137269   
2       1.00013700358     0.022748305916   
3       4.63816746669     0.09617078332    
4       1.00028513664     0.165567684677   
5       1.0013557132      0.190186653196   
6       1.00042150581     0.21502545734    
7       1.01094766827     0.240839103279   
8       1.03873811855     0.269522222069   
9       7.68985756866     0.405916932759   
10      1.32083057631     0.555987891108   
11      1.32423113124     0.556670617421   
12      1.54147857038     0.641782582699   
13      2.99760652946     0.643461872214   
14      1.50113740332     0.731134342044   
15      4.4857795271      0.858403814483   
16      2.46465329087     1.01406166868    
17      2.27654776141     1.09460240117    
18      2.04360101131     1.16955399077    
19      1.98526380854     1.23964035957    
20      2.75346907318     1.26283245631    
21      1.00162336774     1.26753064698    
22      1.0047505062      1.31756553497    
23      3.51581727059     1.32536352031    
24      1.00366920576     1.33137211108    
25      1.80230165376     1.3534710218     
26      1.00001346389     1.39853545252    
27      1.00012993414     1.42013514537    
28      1.00050468326     1.44277971284    
29      33.3554952216     1.47067224729    
30      1.90373699947     1.49745024883    
31      9.81281280601     1.55693394915    
32      2.51628527382     1.56006857297    
33      1.62360840104     1.6120610092     
34      1.00000336596     1.65711944781    
35      2.44459951021     1.66380851784    
36      1.00182938233     1.6713675677     
37      1.35770245639     1.70923472234    
38      1.76950036389     1.74578436126    
39      1.65334518667     1.78242612891    
40      1.00355806579     1.80630507154    
41      1.4003929878      1.82253995122    
42      2.40901078533     1.84865844588    
43      1.75987189743     1.87886356123    
44      1.00216799922     1.89836339318    
45      14.5013907881     1.90383344283    
46      2.36958531081     1.91982863801    
47      1.00059190921     1.93857196576    
48      2.26486151913     1.94544641678    
49      1.54484077402     1.95232086779    
50      1.00098906846     1.96650981557    
51      1.00123775218     1.96747754173    
52      1.00171473723     1.98325327579    
53      1.49532790135     2.0020157034     
54      1.55328441456     2.02989175954    
55      1.54778461471     2.0421025612     
56      27.7679061257     2.04376986649    
57      1.42613321117     2.05301756854    
58      1.83794230658     2.05440324454    
59      1.16296052905     2.05821909666    
60      2.88906354989     2.11836567441    
61      1.00015989543     2.13207824926    
62      1.00456586926     2.15964458809    
63      1.65522725342     2.15981498879    
64      1.97791821527     2.19002085315    
65      1.084301456       2.21340881707    
66      1.26120524359     2.21909458277    
67      1.00126639856     2.22306398276    
68      1.02175480917     2.2407354714     
69      1.00124718854     2.25791598133    
70      1.00114305634     2.26190822625    
71      8.49843557154     2.26569748836    
72      1.36740424688     2.26997698017    
73      1.73539543048     2.28034520725    
74      1.00002591819     2.30794225566    
75      3.02655989961     2.3798959165     
76      2.02982703664     2.38056403703    
77      1.6924265822      2.45293340067    
78      5.63515373568     2.46642239482    
79      3.49126957559     2.51011425727    
80      3.63674862609     2.59709763417    
81      3.11507836755     2.62188812691    
82      22.4005828974     2.64753324469    
83      2.21561851845     2.68108458034    
84      1.00035719113     2.70851197706    
85      1.0001295975      2.72552133727    
86      1.58425080746     2.74825541192    
87      2.9752996785      2.80325963367    
88      7.15515847182     2.84989512137    
89      2.15193838656     2.86681459989    
90      1.69013751915     2.90831671976    
91      2.0139015802      2.96265094843    
92      2.61551277803     3.03051723956    
93      1.00048582462     3.0686873704     
94      1.00066196485     3.08855122318    
95      6.91126130668     3.09126565012    
96      2.75163553875     3.12582927827    
97      2.42770681824     3.19055120839    
98      4.04392370418     3.3388789243     
99      1.00065084991     3.3987914059     
100     4.47334472176     3.4057099083     
101     1.00053633968     3.41600852389    
102     2.88037423791     3.45716236392    
103     1.00008650869     3.5205478423     
104     3.3208077143      3.52957697269    
105     1.00006227204     3.53627346264    
106     2.2872916846      3.62141260308    
107     1.00027537266     3.65799187487    
108     6.33174059734     3.66793789209    
109     1.00303968801     3.67575413465    
110     1.93903773383     3.7000036988     
111     4.25946959407     3.77154437201    
112     3.1153740642      3.90142607779    
113     3.08665761386     3.91377848991    
114     2.15237302951     4.01853545543    
115     4.2522440643      4.0396386924     
116     1.49334764303     4.08132319719    
117     1.82468766706     4.09499045668    
118     1.53255220829     4.10919026516    
119     4.45020486568     4.16148108987    
120     3.89021958178     4.20423172254    
121     1.82812416987     4.23105831636    
122     5.0259902907      4.38183231803    
123     1.00009829058     4.47642127728    
124     7.23957535404     4.49939016784    
125     1.10527920725     4.50879769076    
126     2.29198281542     4.55108749253    
127     1.00007371702     4.59628618401    
128     1.00027234248     4.61586297716    
129     20.0021731669     4.62265616014    
130     1.65664355502     4.64269940179    
131     2.52844655336     4.68785923817    
132     2.6113712849      4.758919887      
133     2.87105384509     4.78638492168    
134     1.84096500099     4.80492105342    
135     1.33833279783     4.85082700142    
136     1.29963221487     4.86617991705    
137     2.31468547351     4.8743142097     
138     1.00116361232     4.88021812575    
139     1.90644240633     4.88378343266    
140     1.0012505587      4.88890182022    
141     2.12821068034     4.91126550741    
142     1.5564847993      4.94578250943    
143     1.11585161852     4.97894754109    
144     1.89942170214     4.98220181991    
145     1.67111243516     5.01735829268    
146     1.00281182163     5.04732971565    
147     6.53065502657     5.05395099991    
148     2.89760741373     5.08002399197    
149     2.27613477682     5.12782400927    
150     1.00022823749     5.16452270198    
151     19.2851657069     5.17581708494    
152     1.00011545876     5.18775524548    
153     1.01620842603     5.25151169649    
154     1.78844781874     5.28446307188    
155     13.2936602985     5.31618962203    
156     3.48952022455     5.3596502264     
157     1.60273685697     5.43622174615    
158     1.00044777162     5.55958155247    
159     3.6935021596      5.56370918168    
160     1.43874816581     5.63119253938    
161     1.24074329781     5.6598722876     
162     6.59530282479     5.67367174807    
163     1.00012623112     5.6810081535     
164     1.00010636971     5.69934102155    
165     1.00151346563     5.7872728375     
166     2.37177331394     5.78741777172    
167     3.14783742046     5.88767929531    
168     2.14726067296     5.93788196245    
169     1.67073617292     5.96531553854    
170     3.32375210043     5.97365880612    
171     1.00132537904     5.98201237264    
172     1.23291875515     5.9966614023     
173     2.32372597449     6.05969430573    
174     2.17125996695     6.07829063947    
175     4.20910505286     6.12202594474    
176     1.00320310852     6.16623425239    
177     1.16657841543     6.16972596867    
178     2.14201481412     6.182572496      
179     1.00264374003     6.18770567659    
180     1.00038076147     6.2219129613     
181     1.00037739425     6.24257039447    
182     1.00025348817     6.26259060394    
183     1.00117641794     6.28256737059    
