 0            174         
 0            180         
 0            157         
 0            6           
 0            183         
 0            108         
 0            4           
 0            170         
 0            15          
 0            168         
 0            171         
 0            135         
 0            167         
 0            8           
 0            172         
 0            16          
 0            166         
 0            14          
 0            111         
 0            91          
 0            7           
 0            10          
 0            5           
 0            11          
 0            181         
 0            90          
 0            179         
 0            177         
 0            178         
 0            32          
 0            173         
 0            89          
 0            60          
 0            176         
 0            2           
 0            130         
 0            53          
 0            137         
 0            136         
 0            43          
 0            1           
 0            182         
 0            141         
 0            115         
 0            139         
 0            138         
 0            82          
 0            154         
 0            114         
 0            129         
 0            131         
 0            133         
 0            83          
 0            88          
 0            95          
 0            155         
 0            42          
 0            151         
 0            100         
 0            106         
 0            56          
 0            120         
 0            98          
 0            12          
 0            13          
 0            124         
 0            29          
 0            145         
 0            149         
 0            54          
 0            147         
 0            169         
 0            45          
 0            132         
 0            9           
 0            46          
 0            86          
 0            71          
 0            112         
 0            75          
 0            78          
 0            79          
 0            162         
 0            80          
 0            81          
 0            36          
 0            159         
 0            3           
 0            23          
 0            96          
 0            87          
 0            20          
 0            161         
 0            18          
 0            17          
 0            134         
 0            148         
 0            104         
 93           95          
 103          104         
 118          119         
 118          117         
 117          116         
 117          29          
 116          115         
 40           45          
 174          175         
 174          173         
 110          108         
 110          95          
 157          155         
 109          108         
 175          129         
 175          178         
 175          31          
 175          71          
 152          151         
 58           45          
 58           55          
 58           57          
 58           59          
 58           29          
 58           56          
 108          151         
 108          82          
 108          106         
 108          111         
 108          107         
 108          102         
 108          56          
 170          169         
 170          168         
 170          171         
 170          167         
 170          172         
 15           82          
 15           31          
 168          82          
 135          137         
 167          29          
 85           82          
 16           29          
 166          165         
 166          162         
 111          82          
 111          29          
 91           82          
 30           82          
 30           29          
 30           31          
 10           11          
 90           88          
 179          178         
 177          178         
 177          176         
 32           29          
 32           45          
 32           31          
 38           29          
 38           45          
 38           56          
 41           45          
 41           31          
 41           56          
 173          82          
 127          129         
 89           79          
 89           88          
 113          112         
 113          151         
 113          129         
 60           45          
 60           82          
 60           61          
 60           29          
 60           56          
 2            1           
 130          129         
 53           45          
 53           56          
 137          139         
 137          138         
 137          136         
 137          140         
 137          56          
 136          139         
 43           29          
 43           45          
 43           56          
 140          139         
 141          139         
 141          151         
 141          129         
 115          120         
 115          151         
 115          114         
 115          155         
 139          138         
 126          124         
 126          155         
 126          129         
 82           79          
 82           80          
 82           81          
 82           100         
 82           169         
 82           86          
 82           84          
 82           87          
 82           83          
 82           88          
 82           95          
 82           29          
 82           46          
 82           42          
 82           31          
 82           35          
 82           77          
 82           104         
 82           75          
 82           78          
 82           56          
 154          151         
 154          155         
 153          151         
 153          155         
 119          120         
 119          151         
 119          104         
 119          122         
 119          155         
 122          151         
 122          155         
 122          129         
 122          124         
 121          120         
 121          155         
 67           66          
 69           70          
 69           71          
 72           70          
 72           73          
 72           71          
 72           56          
 70           71          
 73           71          
 73           129         
 73           56          
 129          98          
 129          162         
 129          120         
 129          159         
 129          3           
 129          124         
 129          128         
 129          125         
 129          144         
 129          132         
 129          149         
 129          147         
 129          131         
 129          133         
 129          148         
 129          142         
 129          155         
 129          151         
 129          71          
 129          100         
 131          71          
 133          132         
 133          151         
 133          134         
 83           56          
 88           87          
 88           95          
 88           78          
 88           81          
 88           23          
 88           29          
 88           56          
 95           94          
 95           97          
 95           92          
 95           96          
 95           29          
 95           56          
 92           29          
 92           56          
 142          151         
 155          162         
 155          134         
 155          148         
 155          156         
 155          25          
 155          151         
 42           29          
 42           45          
 42           56          
 151          162         
 151          160         
 151          159         
 151          124         
 151          150         
 151          144         
 151          149         
 151          147         
 151          156         
 151          146         
 151          132         
 151          148         
 151          102         
 31           20          
 31           45          
 31           35          
 31           33          
 31           3           
 31           29          
 31           56          
 35           34          
 35           36          
 35           29          
 35           56          
 100          98          
 100          101         
 100          99          
 100          102         
 56           79          
 56           98          
 56           80          
 56           81          
 56           71          
 56           64          
 56           55          
 56           54          
 56           44          
 56           37          
 56           62          
 56           63          
 56           156         
 56           45          
 56           50          
 56           57          
 56           51          
 56           59          
 56           29          
 56           48          
 56           46          
 56           49          
 56           65          
 56           39          
 56           9           
 56           76          
 56           77          
 56           68          
 56           66          
 56           52          
 56           75          
 56           78          
 125          124         
 12           13          
 13           147         
 124          145         
 124          143         
 124          123         
 124          147         
 64           71          
 64           29          
 64           45          
 29           79          
 29           80          
 29           28          
 29           17          
 29           22          
 29           26          
 29           21          
 29           27          
 29           25          
 29           23          
 29           96          
 29           24          
 29           37          
 29           156         
 29           45          
 29           18          
 29           19          
 29           9           
 29           33          
 29           48          
 29           46          
 29           97          
 29           49          
 29           39          
 29           78          
 145          147         
 143          144         
 144          147         
 55           57          
 55           45          
 55           54          
 149          147         
 54           45          
 62           63          
 63           71          
 63           45          
 147          146         
 147          9           
 147          148         
 45           44          
 45           9           
 45           47          
 45           33          
 45           57          
 45           51          
 45           59          
 45           48          
 45           46          
 45           49          
 45           39          
 45           52          
 47           48          
 50           51          
 50           48          
 57           59          
 48           46          
 48           49          
 49           71          
 65           66          
 65           71          
 71           76          
 71           68          
 71           66          
 71           74          
 71           112         
 71           61          
 71           75          
 76           75          
 76           78          
 77           78          
 75           78          
 78           79          
 78           80          
 162          164         
 162          163         
 162          160         
 162          159         
 162          161         
 80           81          
 159          158         
 22           23          
 21           20          
 25           23          
 23           24          
 23           20          
 87           19          
 19           20          
 105          104         
