0       86.149286246      0.0              
1       1.00092861339     0.007998346607   
2       1.00132648856     0.036784080323   
3       1.00056032767     0.089503621949   
4       2.49345955549     0.089914268905   
5       1.00078045089     0.147193995362   
6       1.04265544334     0.205436204881   
7       2.5060437362      0.206828247505   
8       1.00069629925     0.265073078573   
9       1.00257972358     0.296046682348   
10      1.0001240638      0.325366088579   
11      1.00141485562     0.358271399606   
12      4.89902219859     0.459592778082   
13      1.00220858729     0.652315967376   
14      1.61559315567     0.655543843453   
15      3.6502303462      0.701299614142   
16      1.19922746978     0.711378721794   
17      1.89983745113     0.844039971919   
18      5.99301026802     1.00328672697    
19      1.00096669755     1.11658296767    
20      1.00042341501     1.14164909759    
21      1.38315086243     1.16809903097    
22      1.00162555919     1.1959638519     
23      1.00181388505     1.21900427329    
24      1.31940127809     1.24625415369    
25      1.00239509978     1.28815999212    
26      2.48164861434     1.30064493293    
27      1.00022639597     1.30426229631    
28      32.1669967047     1.30616816258    
29      1.42702710178     1.32428793613    
30      3.80519153277     1.40258237546    
31      1.55389528402     1.4806423734     
32      1.38173775045     1.51368363048    
33      1.26324636716     1.54222144054    
34      6.64992719914     1.55948284398    
35      1.70719141528     1.56949341685    
36      1.72326475179     1.60244591576    
37      1.40915755365     1.63452019569    
38      1.00070205843     1.67116982799    
39      2.51066326243     1.67976925837    
40      1.00140685104     1.6889199631     
41      2.45934365183     1.74796998428    
42      1.49391244545     1.79633681797    
43      1.00019761402     1.82676401599    
44      1.9956433483      1.86571873904    
45      3.06463094167     1.89229900087    
46      1.00112769127     1.89486624655    
47      15.4884556095     1.90966339374    
48      1.03698130482     1.91972415055    
49      1.00197789827     1.92285615283    
50      1.82713735381     1.94468729103    
51      2.04046155445     1.95843694207    
52      1.00014932605     1.9670232647     
53      1.00577273665     1.99079771987    
54      1.05905014937     1.99454728424    
55      1.34760117093     1.99660782191    
56      1.5330556415      2.00972905015    
57      1.29334003674     2.02319295233    
58      1.00013461631     2.02689944839    
59      1.16323419056     2.0435680072     
60      1.00045092399     2.04577535163    
61      1.00093949445     2.06569275891    
62      1.40634755668     2.08914963212    
63      23.7077847378     2.1049264897     
64      1.00095773644     2.11394012486    
65      1.00154710058     2.13497768267    
66      1.00179979138     2.16364544667    
67      1.12477150341     2.1686982955     
68      1.48052450702     2.18003200169    
69      1.28081674772     2.18637165667    
70      1.0005680056      2.21354663566    
71      1.54226451145     2.23460291881    
72      1.53606625975     2.25731040346    
73      8.31510512176     2.264213317      
74      1.00010743577     2.28298585631    
75      1.00031658495     2.28721179361    
76      1.07698388451     2.29672914072    
77      1.22090824563     2.30267256726    
78      1.109866482       2.33388473201    
79      1.75218843376     2.34052736317    
80      1.41726415383     2.38809237732    
81      2.09135135624     2.39190748041    
82      3.76072235336     2.4161519419     
83      2.50330971744     2.47360543962    
84      1.17830273091     2.47722542456    
85      2.9879658954      2.51599177058    
86      1.00049954638     2.5685062696     
87      6.39461954693     2.57377932856    
88      2.28968932258     2.62720837375    
89      1.40907780802     2.70345950274    
90      3.4341805627      2.77676513395    
91      24.4489697211     2.78235165529    
92      1.00081244956     2.84337944809    
93      2.28492912114     2.89376262762    
94      4.25424387946     2.99893730891    
95      1.47813732859     3.10684401897    
96      1.47039790945     3.10881055538    
97      2.32837087595     3.15485132592    
98      1.00021968013     3.18884270733    
99      7.58577279613     3.18976287109    
100     1.87697243755     3.21859579269    
101     1.00012662197     3.24835861525    
102     1.00109600257     3.32193145137    
103     1.20074989192     3.34227620629    
104     4.64517182969     3.34795117565    
105     1.00168640894     3.36221969448    
106     2.52967391558     3.40184737155    
107     2.93971245313     3.46945663383    
108     2.08132332478     3.48256365421    
109     1.96665964872     3.54978445907    
110     1.88349393442     3.56679414698    
111     1.36513220087     3.6089868578     
112     2.8948388855      3.60920428253    
113     1.28095844892     3.64375367942    
114     1.72392605846     3.66049760777    
115     1.9816658045      3.67664948733    
116     1.87673480173     3.74415157037    
117     2.8277560919      3.80414282134    
118     5.69658781592     3.84707228111    
119     1.41516628749     3.85501445166    
120     1.00014069205     3.87956263835    
121     1.59217187119     3.93624530698    
122     4.15183836255     3.98551610701    
123     1.4461294921      3.9885592575     
124     2.53973128859     4.0585294823     
125     1.23878416884     4.05854436895    
126     3.25674236451     4.12589749183    
127     2.82988339272     4.13852839675    
128     3.00332040947     4.22338785066    
129     4.59401679447     4.26668030137    
130     1.84516102831     4.30291544801    
131     2.7764844591      4.3761440244     
132     1.00012054627     4.41716668164    
133     1.33910713947     4.44222513416    
134     1.00062047281     4.46619901432    
135     21.3942517689     4.49538977739    
136     1.94177255046     4.49628550457    
137     2.22403490671     4.55458838423    
138     2.72229429422     4.56013445881    
139     1.21393681241     4.607862009      
140     1.45502926275     4.64736491672    
141     2.71349569244     4.65673761049    
142     2.70373552746     4.71243158056    
143     2.26605952519     4.71501380652    
144     2.89520265858     4.76948744544    
145     1.03588377163     4.77113284207    
146     1.02124622333     4.82176563054    
147     1.0009830198      4.83617946979    
148     1.94082660987     4.84052880716    
149     1.67590993792     4.8469677065     
150     1.00328263082     4.8475328376     
151     1.22313026322     4.86269438014    
152     2.17303451428     4.94414610097    
153     8.23503571276     4.99470792036    
154     1.00073149486     5.00205293945    
155     3.59690114827     5.06115632788    
156     16.6815211102     5.08900036367    
157     1.00024046751     5.11789227013    
158     1.00248099689     5.14517098756    
159     2.20772981728     5.19143047021    
160     1.59473199681     5.25320596628    
161     11.9089889356     5.29253856693    
162     1.8048327771      5.31198709142    
163     1.32708232791     5.37491794168    
164     1.00262364089     5.47984076699    
165     1.00058912011     5.49823786299    
166     4.74284957996     5.51394674755    
167     1.00289327737     5.51629172331    
168     1.00145904207     5.53435269925    
169     1.67278514306     5.57920572075    
170     3.37595236532     5.60841165135    
171     1.15209373028     5.62218470908    
172     3.07566931148     5.75534030848    
173     3.33957322713     5.90631925912    
174     2.16526679342     5.95365825827    
175     3.05539402126     6.00263010806    
176     1.00116770364     6.08036035256    
177     3.77428966821     6.09059881295    
178     2.46675969246     6.13066507287    
179     1.24680527926     6.15467396944    
180     1.00145391892     6.1601895217     
181     1.81270429848     6.19871637047    
182     1.40265535215     6.21475875354    
183     1.00161178849     6.22046492987    
184     1.00032170229     6.26213988473    
