 0            174         
 0            133         
 0            172         
 0            2           
 0            5           
 0            118         
 0            11          
 0            177         
 0            178         
 0            93          
 0            176         
 0            146         
 0            18          
 0            9           
 0            184         
 0            17          
 0            169         
 0            6           
 0            117         
 0            7           
 0            179         
 0            1           
 0            180         
 0            10          
 0            86          
 0            8           
 0            182         
 0            181         
 0            35          
 0            175         
 0            84          
 0            51          
 0            183         
 0            3           
 0            137         
 0            42          
 0            148         
 0            151         
 0            41          
 0            4           
 0            96          
 0            138         
 0            122         
 0            149         
 0            150         
 0            91          
 0            162         
 0            123         
 0            159         
 0            135         
 0            136         
 0            142         
 0            97          
 0            87          
 0            99          
 0            161         
 0            90          
 0            156         
 0            104         
 0            119         
 0            63          
 0            124         
 0            94          
 0            107         
 0            108         
 0            103         
 0            129         
 0            28          
 0            139         
 0            144         
 0            152         
 0            153         
 0            47          
 0            143         
 0            30          
 0            163         
 0            73          
 0            81          
 0            82          
 0            83          
 0            166         
 0            85          
 0            88          
 0            170         
 0            33          
 0            26          
 0            12          
 0            171         
 0            15          
 0            36          
 0            14          
 0            24          
 0            21          
 0            141         
 0            155         
 0            112         
 101          99          
 111          155         
 111          112         
 113          114         
 113          112         
 114          115         
 114          122         
 115          91          
 115          47          
 43           47          
 174          173         
 174          175         
 133          135         
 116          118         
 116          99          
 172          161         
 172          63          
 121          118         
 121          122         
 173          87          
 173          135         
 173          34          
 157          156         
 157          28          
 55           47          
 55           56          
 55           54          
 55           53          
 55           28          
 55           63          
 118          156         
 118          135         
 118          91          
 118          119         
 118          117         
 118          120         
 118          106         
 118          63          
 177          181         
 177          175         
 177          178         
 177          176         
 177          18          
 178          91          
 178          179         
 93           91          
 93           135         
 146          148         
 18           34          
 18           91          
 18           28          
 18           45          
 92           91          
 17           28          
 169          170         
 169          166         
 6            7           
 117          91          
 117          28          
 89           91          
 89           28          
 7            91          
 32           91          
 32           28          
 32           34          
 179          180         
 86           87          
 182          181         
 182          183         
 35           28          
 35           47          
 35           34          
 62           28          
 62           47          
 62           63          
 37           47          
 37           34          
 37           63          
 175          91          
 132          135         
 84           83          
 84           87          
 131          156         
 131          47          
 131          135         
 131          63          
 51           50          
 51           47          
 51           91          
 51           52          
 51           28          
 51           63          
 3            4           
 137          138         
 137          135         
 137          34          
 42           47          
 42           63          
 148          149         
 148          150         
 148          151         
 148          147         
 148          63          
 151          149         
 41           28          
 41           47          
 41           135         
 41           63          
 147          149         
 4            63          
 96           95          
 96           99          
 138          149         
 138          156         
 138          135         
 122          156         
 122          127         
 122          124         
 122          123         
 122          161         
 149          150         
 127          126         
 127          129         
 127          161         
 127          135         
 91           83          
 91           94          
 91           85          
 91           88          
 91           107         
 91           104         
 91           31          
 91           15          
 91           47          
 91           97          
 91           30          
 91           99          
 91           28          
 91           44          
 91           90          
 91           34          
 91           39          
 91           87          
 91           79          
 91           112         
 91           81          
 91           82          
 91           106         
 91           63          
 162          156         
 162          161         
 159          156         
 159          161         
 159          153         
 126          124         
 126          156         
 126          112         
 126          128         
 126          161         
 128          156         
 128          161         
 128          135         
 128          129         
 125          124         
 125          161         
 66           67          
 74           75          
 74           73          
 76           75          
 76           77          
 76           73          
 76           135         
 75           73          
 77           73          
 77           135         
 77           63          
 135          94          
 135          166         
 135          107         
 135          124         
 135          170         
 135          33          
 135          129         
 135          144         
 135          134         
 135          139         
 135          130         
 135          143         
 135          29          
 135          152         
 135          153         
 135          136         
 135          142         
 135          155         
 135          156         
 135          140         
 135          161         
 135          141         
 135          73          
 135          104         
 136          73          
 142          156         
 142          143         
 142          144         
 142          141         
 97           99          
 97           63          
 87           15          
 87           85          
 87           99          
 87           82          
 87           88          
 87           26          
 87           28          
 87           63          
 99           98          
 99           104         
 99           109         
 99           95          
 99           100         
 99           12          
 99           28          
 99           63          
 100          28          
 100          63          
 140          156         
 140          141         
 161          166         
 161          141         
 161          155         
 161          160         
 161          144         
 161          12          
 161          156         
 161          163         
 90           28          
 90           47          
 90           63          
 156          166         
 156          170         
 156          129         
 156          144         
 156          152         
 156          153         
 156          160         
 156          154         
 156          143         
 156          155         
 156          158         
 156          110         
 156          106         
 34           47          
 34           39          
 34           31          
 34           36          
 34           33          
 34           28          
 34           63          
 39           47          
 39           40          
 39           38          
 39           28          
 39           63          
 104          94          
 104          107         
 104          102         
 104          103         
 104          105         
 104          106         
 63           83          
 63           94          
 63           85          
 63           88          
 63           73          
 63           72          
 63           56          
 63           59          
 63           61          
 63           64          
 63           58          
 63           57          
 63           160         
 63           65          
 63           47          
 63           48          
 63           54          
 63           49          
 63           53          
 63           28          
 63           45          
 63           44          
 63           50          
 63           68          
 63           69          
 63           30          
 63           80          
 63           79          
 63           78          
 63           67          
 63           70          
 63           71          
 63           81          
 63           82          
 94           153         
 130          129         
 130          153         
 107          108         
 108          153         
 60           59          
 129          145         
 129          153         
 72           73          
 72           28          
 72           47          
 28           83          
 28           85          
 28           19          
 28           21          
 28           27          
 28           20          
 28           23          
 28           22          
 28           29          
 28           26          
 28           12          
 28           25          
 28           64          
 28           31          
 28           47          
 28           24          
 28           16          
 28           30          
 28           36          
 28           45          
 28           44          
 28           109         
 28           50          
 28           141         
 28           69          
 28           71          
 28           82          
 145          144         
 144          153         
 56           47          
 56           57          
 56           59          
 56           54          
 152          153         
 59           47          
 58           57          
 57           73          
 57           47          
 153          143         
 153          30          
 153          154         
 153          155         
 47           36          
 47           61          
 47           30          
 47           46          
 47           48          
 47           54          
 47           49          
 47           53          
 47           45          
 47           44          
 47           50          
 47           68          
 47           69          
 47           73          
 47           52          
 47           71          
 46           45          
 48           49          
 48           45          
 54           53          
 45           44          
 45           50          
 45           73          
 50           73          
 68           69          
 68           67          
 68           73          
 73           80          
 73           79          
 73           78          
 73           67          
 73           70          
 73           95          
 73           52          
 73           71          
 73           81          
 80           81          
 80           82          
 79           78          
 79           82          
 81           82          
 82           83          
 82           85          
 83           85          
 166          167         
 166          168         
 166          165         
 166          170         
 166          164         
 170          171         
 27           26          
 29           26          
 26           25          
 15           14          
 15           16          
 13           14          
 109          110         
 110          112         
