 0            173         
 0            14          
 0            106         
 0            165         
 0            175         
 0            103         
 0            176         
 0            89          
 0            140         
 0            114         
 0            150         
 0            143         
 0            4           
 0            16          
 0            104         
 0            174         
 0            169         
 0            100         
 0            144         
 0            132         
 0            172         
 0            160         
 0            142         
 0            138         
 0            39          
 0            139         
 0            9           
 0            5           
 0            131         
 0            127         
 0            74          
 0            157         
 0            178         
 0            181         
 0            183         
 0            137         
 0            180         
 0            182         
 0            179         
 0            66          
 0            3           
 0            22          
 0            123         
 0            47          
 0            135         
 0            7           
 0            19          
 0            88          
 0            117         
 0            92          
 0            91          
 0            147         
 0            1           
 0            18          
 0            32          
 0            153         
 0            134         
 0            118         
 0            184         
 0            8           
 0            6           
 0            12          
 0            10          
 0            11          
 0            27          
 0            26          
 0            13          
 0            177         
 0            36          
 0            161         
 0            148         
 0            17          
 0            2           
 0            85          
 0            158         
 0            146         
 0            145         
 0            82          
 0            60          
 98           96          
 107          148         
 107          108         
 112          113         
 112          111         
 111          110         
 16           15          
 16           17          
 132          134         
 101          127         
 101          96          
 160          158         
 128          129         
 128          127         
 15           38          
 162          165         
 162          153         
 61           59          
 61           62          
 61           32          
 61           49          
 61           60          
 127          153         
 127          88          
 127          126         
 127          129         
 127          125         
 127          60          
 181          182         
 181          179         
 181          183         
 181          180         
 183          184         
 137          134         
 179          32          
 66           60          
 87           88          
 135          32          
 135          134         
 29           32          
 91           88          
 91           32          
 86           88          
 86           32          
 37           32          
 37           38          
 13           14          
 36           32          
 36           49          
 36           38          
 44           32          
 44           49          
 44           60          
 48           49          
 48           60          
 171          153         
 171          134         
 171          172         
 85           84          
 151          153         
 68           88          
 68           67          
 68           69          
 68           49          
 68           60          
 175          174         
 176          134         
 176          38          
 47           49          
 140          142         
 140          139         
 140          134         
 140          143         
 140          141         
 143          142         
 50           32          
 50           49          
 50           60          
 141          142         
 174          172         
 100          99          
 144          142         
 144          153         
 144          134         
 172          153         
 172          173         
 172          158         
 142          139         
 142          134         
 124          123         
 124          134         
 88           84          
 88           83          
 88           89          
 88           35          
 88           92          
 88           18          
 88           96          
 88           32          
 88           57          
 88           38          
 88           90          
 88           81          
 88           108         
 88           79          
 88           82          
 88           60          
 157          153         
 157          158         
 156          153         
 156          158         
 113          114         
 113          153         
 155          153         
 155          158         
 155          134         
 115          114         
 78           77          
 72           73          
 120          119         
 120          73          
 120          134         
 71           73          
 119          73          
 119          134         
 119          60          
 134          106         
 134          165         
 134          114         
 134          169         
 134          136         
 134          131         
 134          121         
 134          138         
 134          150         
 134          130         
 134          145         
 134          146         
 134          74          
 134          117         
 134          148         
 134          118         
 134          133         
 134          158         
 134          123         
 134          153         
 134          104         
 134          125         
 74           73          
 117          153         
 117          118         
 117          116         
 92           96          
 92           60          
 90           118         
 90           89          
 90           96          
 90           30          
 90           32          
 90           60          
 96           95          
 96           97          
 96           94          
 96           99          
 96           93          
 96           32          
 96           60          
 93           32          
 93           60          
 32           33          
 32           21          
 32           130         
 32           28          
 32           31          
 32           30          
 32           34          
 32           25          
 32           35          
 32           49          
 32           19          
 32           24          
 32           18          
 32           40          
 32           56          
 32           27          
 32           95          
 32           26          
 32           38          
 32           46          
 32           42          
 32           60          
 27           49          
 27           60          
 153          165         
 153          169         
 153          123         
 153          138         
 153          145         
 153          146         
 153          159         
 153          152         
 153          150         
 153          148         
 153          154         
 153          158         
 38           49          
 38           42          
 38           35          
 38           40          
 38           39          
 38           60          
 42           43          
 42           41          
 42           60          
 104          106         
 104          103         
 104          20          
 104          102         
 104          105         
 104          125         
 60           84          
 60           83          
 60           89          
 60           51          
 60           73          
 60           52          
 60           62          
 60           63          
 60           65          
 60           64          
 60           159         
 60           97          
 60           49          
 60           18          
 60           54          
 60           59          
 60           53          
 60           58          
 60           56          
 60           57          
 60           67          
 60           46          
 60           80          
 60           81          
 60           70          
 60           79          
 60           82          
 121          123         
 121          146         
 147          146         
 168          167         
 123          122         
 52           49          
 158          118         
 158          159         
 158          161         
 62           49          
 62           64          
 62           63          
 62           59          
 145          146         
 65           64          
 146          18          
 146          148         
 49           51          
 49           18          
 49           55          
 49           40          
 49           59          
 49           53          
 49           58          
 49           56          
 49           57          
 49           67          
 49           46          
 49           45          
 55           56          
 167          165         
 54           53          
 54           56          
 59           58          
 149          148         
 56           57          
 67           73          
 76           77          
 76           73          
 73           70          
 73           77          
 73           75          
 73           99          
 73           69          
 73           79          
 80           79          
 80           82          
 81           82          
 79           82          
 82           84          
 82           83          
 165          166         
 165          163         
 165          169         
 165          164         
 20           21          
 169          170         
 21           22          
 31           30          
 25           24          
 23           22          
 24           22          
 109          108         
