0       93.9221498877     0.0              
1       1.00093407242     0.020230682419   
2       1.00185526708     0.038873080526   
3       1.00462146609     0.059095898294   
4       1.00081008955     0.078018053152   
5       1.0001682306      0.097265654617   
6       1.00039457708     0.11945875386    
7       1.00701391171     0.142267355404   
8       1.03139915473     0.165582290451   
9       1.07297237764     0.18838265284    
10      1.16686045906     0.213080267835   
11      1.26046001342     0.244813371863   
12      1.32332885309     0.280835704887   
13      1.5317643703      0.329244108857   
14      1.52809350363     0.329319010262   
15      1.40583774376     0.434029302838   
16      2.24999233828     0.442063227609   
17      1.49521751598     0.451683938659   
18      11.7610052498     0.718867364332   
19      2.82381170893     0.991380025018   
20      1.49663048483     1.07639948706    
21      1.94836702039     1.08298968724    
22      2.23952683941     1.10490209346    
23      1.00213136754     1.10522004993    
24      1.96400705974     1.12999256633    
25      1.40310054971     1.13429864814    
26      2.31677320646     1.19826781914    
27      4.68862413834     1.29356225601    
28      1.00127263807     1.35598508748    
29      1.00063153889     1.37379589273    
30      2.02802477698     1.40493315608    
31      1.00001372484     1.40508408241    
32      34.4462180455     1.41274012959    
33      1.0009280843      1.43850209356    
34      1.0004656949      1.4592164518     
35      2.30182235254     1.50638299047    
36      2.74852559222     1.55366113223    
37      1.05439603297     1.58321423084    
38      8.66940033502     1.58893445119    
39      1.12253439692     1.6019257255     
40      1.92580660324     1.62738471328    
41      1.00009220655     1.67563994388    
42      2.2440734308      1.68042052609    
43      1.00169732808     1.68554041168    
44      2.12477144713     1.74350660951    
45      1.00034740263     1.77314097616    
46      1.89212154006     1.79228540094    
47      1.18497991242     1.81383977844    
48      1.11690109857     1.83105511752    
49      14.9874193963     1.84531896671    
50      1.81006055433     1.850369943      
51      1.02962903271     1.86839271923    
52      1.06099848396     1.88452573299    
53      1.00058822664     1.90426599845    
54      1.00060442449     1.90610595148    
55      1.00000492681     1.91629741124    
56      2.52395938194     1.91967621365    
57      2.28574417223     1.93836935746    
58      1.61515107178     1.99960537616    
59      2.43719361724     2.0145219911     
60      31.4564327721     2.02014596315    
61      2.45366695201     2.02716609739    
62      2.71126456935     2.04609480612    
63      1.00030304666     2.05038590765    
64      1.39777445451     2.06914459019    
65      1.00077733527     2.07140736166    
66      1.80561091358     2.10899887913    
67      2.65455837139     2.16025391102    
68      2.95043634415     2.17518213568    
69      1.20393520826     2.18691094679    
70      1.49305957927     2.23454749177    
71      1.00061886192     2.24996070303    
72      1.0023588638      2.26047011926    
73      6.96607596991     2.27264122317    
74      2.01714804613     2.27973064122    
75      1.00179286411     2.29814814785    
76      1.14073725615     2.31954186184    
77      1.42861902452     2.32468459236    
78      1.0019441187      2.33002543709    
79      2.69362953875     2.37172379863    
80      1.69256197802     2.37957908355    
81      1.69767851543     2.40780305672    
82      3.8860987006      2.4098905589     
83      1.77221803953     2.42950761155    
84      2.23308843568     2.458146164      
85      1.16292661965     2.45958689254    
86      1.83808053643     2.50499886578    
87      1.00253137208     2.5335879833     
88      15.9641647338     2.55113363758    
89      3.37175906252     2.58631258077    
90      5.58654031596     2.59800356668    
91      2.84043017417     2.68250283845    
92      3.66015137311     2.75384118425    
93      2.82684028852     2.81767628172    
94      1.0005642825      2.84926220449    
95      1.79656611956     2.86657266835    
96      7.79161641995     2.87262545094    
97      2.00156093429     2.89638043175    
98      1.27589668069     2.92068781042    
99      2.98891776386     2.97092792827    
100     2.23967107149     2.98727665808    
101     3.1874529117      3.05536802794    
102     1.40266214578     3.17802170125    
103     2.42186790414     3.20859870208    
104     6.85088771953     3.21992229659    
105     1.00138822049     3.23539130939    
106     4.17713458594     3.29732251847    
107     2.67558846508     3.40406240507    
108     2.99495095525     3.42408968336    
109     1.00119512074     3.42896107182    
110     1.00009044679     3.52519334451    
111     1.35970164003     3.52819658659    
112     1.78614171632     3.53907690522    
113     3.09515318224     3.56219384308    
114     3.79937905861     3.60301791797    
115     1.00056498674     3.60718798351    
116     1.00024637239     3.72049227612    
117     5.25923704913     3.72737880498    
118     6.049944132       3.77792751661    
119     4.59429794321     3.94347858254    
120     3.66517313734     3.94832788679    
121     3.35510868593     4.07708546291    
122     1.00048963673     4.11774615911    
123     4.85324123432     4.11890881617    
124     2.25569743195     4.15018090205    
125     3.48045888674     4.28117718755    
126     1.00044245786     4.32961536483    
127     7.42490243337     4.33554259394    
128     1.00108766348     4.35192587203    
129     1.00170931366     4.35219289554    
130     2.30374864942     4.44353347446    
131     2.24823283049     4.49289368804    
132     2.20277939652     4.53668470123    
133     1.00131351325     4.5654972122     
134     31.7524912682     4.60183591004    
135     3.54347686409     4.60676695045    
136     1.00016717467     4.648871933      
137     2.1865495114      4.68144561806    
138     3.18921786524     4.74040238698    
139     1.31550591575     4.81080053288    
140     2.40926041533     4.81937973989    
141     1.00251514308     4.82053200439    
142     3.01337819611     4.82246127734    
143     1.30558731051     4.83084143386    
144     2.93456501703     4.86677351069    
145     3.01453113641     4.94374743824    
146     6.02806279253     4.98264298919    
147     1.36880775346     4.98611354582    
148     4.16251749331     5.04078932491    
149     1.00068048748     5.04470648117    
150     2.56709181284     5.1216019495     
151     1.00317827795     5.15581990766    
152     1.00003378462     5.17057754436    
153     18.7355955779     5.17716081616    
154     1.00294000712     5.186490348      
155     1.86261558946     5.22718409444    
156     1.23027935127     5.2418649572     
157     1.58978686599     5.25775023457    
158     7.6397770495      5.27622597705    
159     1.9268248146      5.28861410778    
160     1.42948955978     5.31781460803    
161     1.76687747333     5.34713457602    
162     1.69330490628     5.40797380453    
163     1.00207176855     5.42715699079    
164     1.00011121203     5.43749581906    
165     4.48240430683     5.43832198157    
166     1.00399200215     5.44841438422    
167     1.00000316726     5.46139217627    
168     1.00158241495     5.46291117678    
169     3.91509659327     5.50716461252    
170     1.0004681595      5.51235322014    
171     3.12964624277     5.61144946511    
172     5.12721930157     5.65866824751    
173     1.57055364685     5.66725812796    
174     2.37869976269     5.71294985795    
175     1.42296719374     5.71743851194    
176     5.50738708103     5.89949574106    
177     1.24175392486     6.0120611313     
178     1.10096268962     6.05129149153    
179     4.07834927369     6.11794962299    
180     1.00138575367     6.1612368306     
181     4.25072882065     6.16991247317    
182     1.00014324056     6.17557427042    
183     3.14203032777     6.2488304667     
184     1.00016893452     6.24958266407    
