 0            89          
 0            9           
 0            110         
 0            166         
 0            10          
 0            106         
 0            12          
 0            91          
 0            139         
 0            17          
 0            146         
 0            138         
 0            43          
 0            175         
 0            5           
 0            108         
 0            16          
 0            164         
 0            30          
 0            101         
 0            137         
 0            130         
 0            15          
 0            158         
 0            140         
 0            160         
 0            170         
 0            141         
 0            174         
 0            184         
 0            24          
 0            148         
 0            126         
 0            169         
 0            154         
 0            173         
 0            182         
 0            180         
 0            136         
 0            181         
 0            183         
 0            32          
 0            50          
 0            83          
 0            25          
 0            27          
 0            120         
 0            52          
 0            31          
 0            171         
 0            19          
 0            90          
 0            135         
 0            157         
 0            95          
 0            123         
 0            172         
 0            48          
 0            37          
 0            152         
 0            133         
 0            134         
 0            179         
 0            177         
 0            1           
 0            178         
 0            93          
 0            11          
 0            49          
 0            104         
 0            129         
 0            8           
 0            7           
 0            41          
 0            2           
 0            13          
 0            3           
 0            176         
 0            4           
 0            112         
 0            145         
 0            143         
 0            86          
 0            67          
 100          99          
 147          148         
 114          113         
 114          115         
 115          15          
 13           133         
 13           15          
 5            6           
 5            4           
 5            3           
 130          133         
 102          126         
 102          99          
 158          157         
 124          90          
 124          126         
 6            7           
 6            40          
 168          166         
 64           63          
 64           65          
 64           37          
 64           57          
 64           67          
 126          152         
 126          133         
 126          90          
 126          125         
 126          127         
 126          128         
 126          67          
 182          183         
 182          180         
 182          3           
 182          181         
 30           90          
 30           37          
 30           40          
 136          133         
 183          90          
 32           37          
 50           51          
 50           133         
 88           90          
 83           81          
 31           37          
 31           133         
 33           37          
 94           90          
 94           37          
 38           90          
 38           37          
 38           40          
 39           37          
 39           40          
 179          180         
 93           92          
 8            7           
 8            9           
 41           37          
 41           57          
 41           40          
 53           37          
 53           57          
 53           67          
 61           57          
 61           67          
 150          152         
 150          133         
 4            89          
 149          152         
 149          133         
 71           70          
 71           72          
 71           57          
 71           67          
 12           133         
 12           40          
 52           57          
 139          140         
 139          25          
 139          141         
 139          133         
 139          138         
 139          142         
 139          137         
 138          140         
 47           46          
 47           37          
 47           57          
 142          140         
 142          133         
 16           15          
 101          99          
 137          140         
 137          152         
 137          133         
 15           152         
 15           17          
 15           14          
 15           157         
 140          141         
 140          133         
 118          113         
 118          120         
 118          133         
 90           89          
 90           87          
 90           91          
 90           95          
 90           48          
 90           99          
 90           37          
 90           58          
 90           40          
 90           92          
 90           73          
 90           112         
 90           86          
 90           67          
 154          152         
 154          157         
 159          152         
 159          157         
 113          17          
 113          152         
 113          133         
 113          108         
 113          112         
 113          156         
 113          116         
 156          152         
 156          157         
 156          133         
 18           17          
 82           81          
 78           77          
 116          117         
 116          77          
 116          133         
 79           77          
 117          77          
 117          133         
 117          67          
 133          110         
 133          166         
 133          17          
 133          164         
 133          26          
 133          170         
 133          22          
 133          20          
 133          123         
 133          122         
 133          131         
 133          146         
 133          29          
 133          143         
 133          160         
 133          145         
 133          169         
 133          135         
 133          35          
 133          148         
 133          103         
 133          152         
 133          132         
 133          157         
 133          120         
 133          129         
 133          134         
 133          108         
 133          128         
 169          77          
 135          152         
 135          134         
 95           99          
 95           67          
 92           89          
 92           91          
 92           99          
 92           37          
 92           67          
 99           104         
 99           96          
 99           98          
 99           97          
 99           103         
 99           37          
 99           67          
 103          37          
 103          67          
 157          152         
 157          155         
 49           37          
 49           57          
 49           67          
 152          166         
 152          164         
 152          120         
 152          160         
 152          143         
 152          145         
 152          155         
 152          151         
 152          146         
 152          148         
 152          153         
 40           57          
 40           44          
 40           42          
 40           170         
 40           37          
 40           67          
 44           43          
 44           45          
 44           37          
 44           67          
 108          110         
 108          106         
 108          105         
 108          107         
 108          109         
 105          67          
 67           89          
 67           110         
 67           87          
 67           91          
 67           77          
 67           51          
 67           65          
 67           66          
 67           69          
 67           68          
 67           96          
 67           57          
 67           48          
 67           59          
 67           63          
 67           60          
 67           62          
 67           37          
 67           56          
 67           58          
 67           70          
 67           54          
 67           85          
 67           73          
 67           74          
 67           84          
 67           86          
 122          120         
 122          145         
 144          145         
 161          162         
 120          119         
 120          121         
 51           57          
 37           89          
 37           22          
 37           21          
 37           29          
 37           36          
 37           24          
 37           27          
 37           28          
 37           34          
 37           57          
 37           19          
 37           35          
 37           48          
 37           42          
 37           104         
 37           54          
 65           57          
 65           68          
 65           66          
 65           63          
 143          145         
 69           68          
 145          146         
 145          48          
 145          162         
 145          148         
 57           59          
 57           48          
 57           55          
 57           42          
 57           63          
 57           60          
 57           62          
 57           56          
 57           58          
 57           70          
 57           54          
 57           75          
 55           56          
 162          164         
 162          166         
 59           60          
 59           56          
 63           62          
 56           58          
 70           77          
 80           81          
 80           77          
 77           74          
 77           81          
 77           76          
 77           97          
 77           72          
 77           75          
 77           28          
 77           84          
 85           84          
 85           86          
 73           74          
 84           86          
 86           89          
 86           87          
 166          23          
 166          167         
 166          164         
 166          165         
 164          163         
 164          165         
 20           21          
 22           21          
 21           25          
 24           25          
 27           25          
 27           28          
 34           35          
 26           25          
 23           25          
 111          112         
