0       94.9712412793     0.0              
1       1.0001352753      0.014379571862   
2       1.00003346846     0.033887830219   
3       3.20045025564     0.077102757975   
4       2.27679801633     0.134910913848   
5       3.23747373016     0.138145156544   
6       1.96261370245     0.182898746425   
7       1.69796841726     0.194935027807   
8       1.47887365682     0.208657714338   
9       1.00204083372     0.211255295086   
10      1.05245704643     0.257837977293   
11      1.12794731114     0.289535503154   
12      4.66563821076     0.389018426628   
13      3.48302264975     0.585223033258   
14      1.0000345144      0.655948685551   
15      7.16878518624     0.660523288901   
16      1.5271197755      0.679204822994   
17      4.68615009894     0.771735397995   
18      1.00092916616     0.773631527079   
19      2.57023542934     0.906900227604   
20      1.43412229756     0.988003095144   
21      2.51320105709     0.9987963877     
22      2.02680365175     1.0104177153     
23      1.42336400817     1.0521138298     
24      1.81488379986     1.07301544155    
25      4.01592113312     1.07492954697    
26      1.33229966382     1.09234749435    
27      2.78970062403     1.14115175225    
28      2.17056078254     1.15232666747    
29      1.91914294228     1.21160401441    
30      3.4639262202      1.2676542343     
31      2.46379481281     1.319672137      
32      1.5860989521      1.35900024357    
33      1.00094312416     1.38499702344    
34      1.00023953348     1.40930440212    
35      1.58302917013     1.40952835732    
36      1.00199996226     1.44010348561    
37      27.2835554475     1.44462827953    
38      2.05959191415     1.48872086451    
39      1.00302889235     1.5240065422     
40      9.1518381379      1.54023205921    
41      2.68210654556     1.55604636749    
42      2.01566596204     1.60511278031    
43      1.05885259601     1.66037990599    
44      2.33780760092     1.66491181554    
45      1.0012017317      1.67149677262    
46      1.00233990963     1.70448934379    
47      1.63690469993     1.70486122927    
48      4.13836471972     1.76657399542    
49      2.52333409871     1.82317548964    
50      1.40783727138     1.85890570718    
51      1.39153844888     1.86148643512    
52      1.14358612665     1.8845792875     
53      1.48673632062     1.90123211702    
54      1.31628004478     1.91748085345    
55      1.00152360115     1.93233380219    
56      1.81222013944     1.9398471622     
57      12.0782911186     1.94504232369    
58      1.52163855675     1.9470144777     
59      1.44795524994     1.9665914581     
60      1.00342375887     1.96907331618    
61      1.00166117783     1.98819639406    
62      1.00105409737     2.01033200647    
63      1.75516450813     2.0149590408     
64      1.90206204487     2.02492654536    
65      2.51893945399     2.03836984965    
66      1.00046168494     2.0429980075     
67      25.7072343598     2.05559118084    
68      1.4046148965      2.08219803266    
69      1.00197795528     2.0839743195     
70      2.28019699329     2.14798468627    
71      1.87040199331     2.16223542771    
72      1.00282819607     2.16709802696    
73      1.46060678537     2.21209504641    
74      1.44388226845     2.21489486096    
75      1.20373599297     2.23959734454    
76      1.00005752465     2.25609962224    
77      8.05959627985     2.26898378753    
78      1.00070970187     2.2696159554     
79      1.00061934822     2.2883832516     
80      1.17779268921     2.33829904636    
81      1.62601854142     2.34824295697    
82      1.00114134904     2.34951178678    
83      1.17244807389     2.35918567783    
84      1.7332945699      2.39673824657    
85      1.21797693485     2.39980695716    
86      3.16584391755     2.41134776575    
87      1.58932705104     2.42352224022    
88      1.0003985568      2.46395888759    
89      4.42281806759     2.49840641856    
90      14.8126736254     2.51251110226    
91      2.35826301249     2.55534010052    
92      3.96049982914     2.56801229483    
93      1.00126421234     2.57811649446    
94      1.83576291124     2.6270937746     
95      3.36912680875     2.69623488766    
96      1.78989821096     2.75318429892    
97      1.54929303681     2.78070120282    
98      1.00082030026     2.79891235609    
99      7.34684510283     2.80489136079    
100     1.00026603563     2.81164784209    
101     1.6161752925      2.83109449404    
102     1.92510749107     2.8608472049     
103     3.93560109367     2.92302810484    
104     3.64506548574     3.01465162382    
105     2.52945539315     3.13604395746    
106     1.98850674984     3.18212142969    
107     1.00168701917     3.20765232282    
108     5.59687570038     3.21188649928    
109     1.00191752581     3.22231801805    
110     4.49176252692     3.28956229397    
111     1.00122965556     3.45850440985    
112     4.07637201413     3.45872007909    
113     9.26760595999     3.61411711255    
114     1.49884441042     3.69580556864    
115     1.50011836531     3.69687937391    
116     3.89010021203     3.77682398484    
117     3.93074156675     3.79645952878    
118     3.13380151136     3.93115023249    
119     1.00079762138     3.98227030141    
120     5.09231089964     3.99111751501    
121     1.0027054904      3.99839072238    
122     3.12163812959     4.04692463301    
123     2.54770600187     4.16379292175    
124     1.81381672797     4.27031807539    
125     1.00119509991     4.3059334129     
126     8.16552061526     4.30924049721    
127     1.00196258555     4.32329078377    
128     1.51877983666     4.34647248794    
129     2.00761357494     4.45058291388    
130     1.91622739029     4.49842656125    
131     1.00013143994     4.52801711057    
132     1.00121045781     4.54823515337    
133     45.9345570186     4.57541771613    
134     2.11842272439     4.59202092347    
135     3.0202113525      4.59374693273    
136     1.67262672884     4.64997691599    
137     2.96756946834     4.71131564325    
138     1.00174673627     4.73491286296    
139     3.65818419632     4.74011560823    
140     2.89173154558     4.74430418846    
141     1.00005334092     4.74559717397    
142     1.17725614816     4.75656255251    
143     2.92755158754     4.87386011993    
144     1.00001011015     4.91634756779    
145     7.30515084183     4.92588026968    
146     2.45441335667     4.94748763993    
147     1.00011714456     4.99950928771    
148     2.81136339466     5.00090076858    
149     1.46911171466     5.06344849815    
150     1.4120153103      5.09265480325    
151     1.00195594873     5.11665115384    
152     18.4288383499     5.13970112516    
153     1.00685046457     5.13989643058    
154     1.85604667785     5.18570800281    
155     1.00102443352     5.21079454336    
156     2.2499291515      5.23246820135    
157     5.90402596512     5.23659021296    
158     1.0192481105      5.25499948044    
159     1.28682638716     5.27121301322    
160     2.90576940743     5.36441976066    
161     1.00286105994     5.49612451983    
162     2.40868065749     5.49760756767    
163     1.00159099043     5.53576009667    
164     4.46912931602     5.54215236988    
165     1.00873505659     5.55727945777    
166     6.60664449134     5.58611200486    
167     1.00018583391     5.58790046317    
168     1.00064237193     5.60339606598    
169     4.14239768204     5.79424484759    
170     4.40215720138     5.9391313179     
171     1.01829128874     6.00515896677    
172     1.00013039395     6.02987830318    
173     1.0015428049      6.05070782233    
174     1.00144644084     6.07244102694    
175     1.00133891505     6.09144782039    
176     1.00029393334     6.10893879664    
177     1.00158540358     6.12770908889    
178     1.00054469919     6.1496683085     
179     1.0010125682      6.18567135441    
180     1.53270035264     6.18759744406    
181     1.00057993004     6.20957707429    
182     3.49604077598     6.21383971329    
183     2.60221822809     6.23629534196    
184     1.00085100485     6.27719094769    
