 0            11          
 0            112         
 0            173         
 0            24          
 0            117         
 0            139         
 0            100         
 0            150         
 0            19          
 0            154         
 0            153         
 0            22          
 0            16          
 0            115         
 0            20          
 0            175         
 0            103         
 0            109         
 0            148         
 0            145         
 0            21          
 0            176         
 0            151         
 0            157         
 0            144         
 0            149         
 0            7           
 0            178         
 0            31          
 0            136         
 0            156         
 0            164         
 0            4           
 0            3           
 0            182         
 0            185         
 0            2           
 0            1           
 0            43          
 0            53          
 0            5           
 0            30          
 0            32          
 0            129         
 0            27          
 0            26          
 0            58          
 0            177         
 0            36          
 0            99          
 0            142         
 0            163         
 0            104         
 0            147         
 0            10          
 0            101         
 0            39          
 0            161         
 0            143         
 0            141         
 0            181         
 0            8           
 0            180         
 0            9           
 0            102         
 0            14          
 0            57          
 0            184         
 0            12          
 0            13          
 0            79          
 0            183         
 0            48          
 0            166         
 0            6           
 0            179         
 0            18          
 0            17          
 0            121         
 0            133         
 0            155         
 0            93          
 0            69          
 108          107         
 120          121         
 119          123         
 119          118         
 118          115         
 118          21          
 22           143         
 22           21          
 56           58          
 16           15          
 16           17          
 145          143         
 137          136         
 137          107         
 176          163         
 176          150         
 176          50          
 135          134         
 135          136         
 15           13          
 15           143         
 171          173         
 171          170         
 66           58          
 66           68          
 66           67          
 66           65          
 66           39          
 66           69          
 136          161         
 136          143         
 136          99          
 136          133         
 136          134         
 136          132         
 136          69          
 4            3           
 3            6           
 3            182         
 3            185         
 3            2           
 3            1           
 3            5           
 103          99          
 185          143         
 43           39          
 43           58          
 53           143         
 53           50          
 53           69          
 98           99          
 26           25          
 26           39          
 26           143         
 41           39          
 97           99          
 97           39          
 52           50          
 49           39          
 49           50          
 181          180         
 181          182         
 102          101         
 102          143         
 14           13          
 12           13          
 12           11          
 48           47          
 48           39          
 48           58          
 48           50          
 54           39          
 54           58          
 54           69          
 64           58          
 64           69          
 158          161         
 158          143         
 17           91          
 124          123         
 124          161         
 124          143         
 74           75          
 74           73          
 74           80          
 74           58          
 74           69          
 24           23          
 139          143         
 27           58          
 150          151         
 150          149         
 150          143         
 150          69          
 150          153         
 150          152         
 150          148         
 153          151         
 37           39          
 37           58          
 37           143         
 152          151         
 152          143         
 20           21          
 109          107         
 148          151         
 148          161         
 148          143         
 21           161         
 21           143         
 21           23          
 21           19          
 21           25          
 21           163         
 151          149         
 151          143         
 126          123         
 126          129         
 126          143         
 138          80          
 138          143         
 164          161         
 164          163         
 162          161         
 162          163         
 123          19          
 123          161         
 123          99          
 123          125         
 123          115         
 123          122         
 123          121         
 123          127         
 127          161         
 127          163         
 127          143         
 127          129         
 18           19          
 90           89          
 86           80          
 83           84          
 83           80          
 82           80          
 84           80          
 84           143         
 84           69          
 143          112         
 143          173         
 143          117         
 143          19          
 143          175         
 143          144         
 143          157         
 143          140         
 143          147         
 143          131         
 143          146         
 143          154         
 143          38          
 143          155         
 143          33          
 143          156         
 143          28          
 143          142         
 143          42          
 143          166         
 143          111         
 143          161         
 143          47          
 143          163         
 143          129         
 143          141         
 143          80          
 143          115         
 143          132         
 99           59          
 99           91          
 99           92          
 99           50          
 99           93          
 99           100         
 99           55          
 99           104         
 99           96          
 99           101         
 99           107         
 99           121         
 99           39          
 99           69          
 142          161         
 142          141         
 104          107         
 104          69          
 101          100         
 101          107         
 101          39          
 101          69          
 107          110         
 107          106         
 107          105         
 107          111         
 107          39          
 107          69          
 111          39          
 111          69          
 163          161         
 163          29          
 163          160         
 163          166         
 57           39          
 57           58          
 57           69          
 161          173         
 161          175         
 161          129         
 161          157         
 161          155         
 161          160         
 161          165         
 161          154         
 161          166         
 161          159         
 50           58          
 50           45          
 50           51          
 50           39          
 50           69          
 45           44          
 45           46          
 45           39          
 45           69          
 115          112         
 115          117         
 115          116         
 115          113         
 115          114         
 115          132         
 69           91          
 69           92          
 69           100         
 69           80          
 69           77          
 69           68          
 69           72          
 69           71          
 69           70          
 69           106         
 69           58          
 69           62          
 69           67          
 69           63          
 69           65          
 69           39          
 69           60          
 69           59          
 69           73          
 69           87          
 69           55          
 69           95          
 69           96          
 69           78          
 69           76          
 69           94          
 69           93          
 131          129         
 125          156         
 168          170         
 129          130         
 129          128         
 77           78          
 77           80          
 77           58          
 39           35          
 39           34          
 39           38          
 39           40          
 39           31          
 39           32          
 39           33          
 39           58          
 39           36          
 39           42          
 39           55          
 39           51          
 39           110         
 39           87          
 157          156         
 68           67          
 68           58          
 155          156         
 71           70          
 156          160         
 156          154         
 156          55          
 156          170         
 156          166         
 165          166         
 58           62          
 58           113         
 58           55          
 58           61          
 58           51          
 58           67          
 58           63          
 58           65          
 58           60          
 58           59          
 58           73          
 58           87          
 58           85          
 166          167         
 61           60          
 170          173         
 170          175         
 170          169         
 62           63          
 62           80          
 62           60          
 67           80          
 67           65          
 60           59          
 73           80          
 88           87          
 88           89          
 88           80          
 80           94          
 80           78          
 80           89          
 80           81          
 80           76          
 80           75          
 80           85          
 80           79          
 95           94          
 95           96          
 95           93          
 96           78          
 94           93          
 93           91          
 93           92          
 173          172         
 173          175         
 173          174         
 175          169         
 175          174         
 35           34          
 34           30          
 31           30          
 32           30          
 32           33          
 28           30          
 29           30          
 122          121         
