0       79.3032943628     0.0              
1       1.0142328687      0.030520450274   
2       1.00123879633     0.04309826882    
3       5.124051398       0.050926963739   
4       1.00352287333     0.057480649481   
5       1.00017164293     0.070929571374   
6       1.52708188744     0.091614530814   
7       1.00140725526     0.146746459463   
8       1.00154245045     0.178397171945   
9       1.06516712358     0.212021910973   
10      1.13966794955     0.245945132103   
11      1.16291019209     0.317042669875   
12      2.22560018547     0.322830675997   
13      2.82764322276     0.361794761728   
14      1.11840659629     0.364790817954   
15      2.21785716175     0.407335565382   
16      2.01298089434     0.430172254953   
17      2.36642486835     0.448543697226   
18      1.44753611722     0.554004127379   
19      4.52593856098     0.563793366592   
20      1.54511482009     0.652414837232   
21      8.16537066343     0.687344733254   
22      2.74081896094     0.703193870691   
23      1.16061876598     0.755606878315   
24      1.17984745825     0.757652435703   
25      1.69301898338     0.826364738212   
26      3.46868110851     0.843960576429   
27      2.48398958695     0.939801419054   
28      1.81404731347     1.01832767824    
29      1.35645839174     1.04481019373    
30      3.65789164027     1.05482039209    
31      2.11782820953     1.07532989499    
32      2.79594755474     1.12912708059    
33      2.20264084578     1.14353286794    
34      2.0374447168      1.20135413156    
35      1.33429886376     1.20479285509    
36      1.9462443612      1.25734555384    
37      2.84460373499     1.31518928788    
38      1.72915129939     1.36357334889    
39      21.7714689488     1.38363381786    
40      1.00098785866     1.38683660197    
41      1.00575177782     1.40451782779    
42      1.70573847119     1.42718374215    
43      2.49151722477     1.47179352133    
44      1.00077534092     1.52569257285    
45      2.22687934146     1.53121767503    
46      1.00091758022     1.53737681762    
47      1.05549155149     1.56985706317    
48      2.36901244824     1.57258534687    
49      1.17140264429     1.60166918818    
50      5.61131204203     1.62389842735    
51      1.71694252968     1.62413399227    
52      1.00037758552     1.64426224702    
53      2.58094256466     1.68052314102    
54      2.1497895122      1.74769284908    
55      3.40452337122     1.80852402568    
56      1.00336018435     1.84854309771    
57      2.50409759486     1.8812173379     
58      16.0674258003     1.9144353623     
59      1.65690418079     1.9248474067     
60      1.64809753929     1.93779411467    
61      1.00035078006     1.93906706406    
62      1.84621025581     1.95589740991    
63      1.00092572817     1.96220822784    
64      1.00074479092     1.97938274565    
65      1.10690888644     2.00550873045    
66      2.05576051726     2.01172180205    
67      2.06215408864     2.01285543483    
68      1.11069988155     2.01775511028    
69      22.7525390991     2.03580709805    
70      1.00024017269     2.05145175465    
71      1.0009298022      2.05215882393    
72      1.00179624552     2.07419706451    
73      1.90714435045     2.1038340527     
74      2.04358792475     2.11749869064    
75      1.0032356328      2.12493565121    
76      1.01009836066     2.14693756462    
77      1.70765227317     2.16714895992    
78      1.6911554243      2.17044574529    
79      1.00010515328     2.19022870455    
80      9.08865834522     2.19864462649    
81      1.00005596732     2.20436185079    
82      1.00060257618     2.21701906482    
83      1.00084934354     2.23671476395    
84      1.79794969887     2.2374529173     
85      1.32254235645     2.25952673605    
86      1.00233326624     2.27701434174    
87      2.27785625833     2.30883021182    
88      1.61888452183     2.32445876462    
89      1.49527952828     2.3377578837     
90      1.00164131078     2.34193251354    
91      2.55255241413     2.39131051621    
92      1.68921713824     2.42525770579    
93      3.15285196264     2.43524880429    
94      1.86177795567     2.45252144294    
95      1.92097076945     2.46274623383    
96      2.50649052216     2.49073614011    
97      1.8615291655      2.54989664086    
98      1.00241282419     2.58353186609    
99      12.793173774      2.59917053057    
100     3.12088806107     2.63693918987    
101     4.78914084742     2.67793010764    
102     2.30648397782     2.71579426623    
103     2.0116089836      2.76511871439    
104     3.44341351103     2.83281610285    
105     1.00067622664     2.88429621347    
106     1.7181711731      2.90623783124    
107     7.06291334832     2.91637461297    
108     1.00101603932     2.92842849619    
109     1.86301419068     2.95201532334    
110     2.243842549       2.99288115576    
111     4.47122354275     3.08360286181    
112     3.65867957368     3.25051557961    
113     2.19423331936     3.32748886649    
114     1.00549936801     3.36033497615    
115     6.60872465577     3.37361274833    
116     1.00400803367     3.37807715299    
117     3.0325909578      3.41887817229    
118     2.63488784184     3.49933059134    
119     1.95802573395     3.51309976356    
120     1.0001584125      3.59776028402    
121     3.16425634317     3.60480810838    
122     1.29949873851     3.61827084022    
123     7.61497676441     3.66522636758    
124     2.7011506941      3.67774889952    
125     1.9495181014      3.72593292697    
126     2.85333065771     3.78749074084    
127     4.30891172088     3.86725732049    
128     1.0007760198      3.9141647471     
129     5.33337172826     3.92435943698    
130     1.00000983645     3.93217432196    
131     1.98448002623     3.965193764      
132     3.21783072032     4.09381956045    
133     1.69820030205     4.15956183498    
134     1.00190940379     4.19137910946    
135     1.00033585074     4.19181475476    
136     7.70937034658     4.19473853113    
137     1.75271723938     4.22586484015    
138     2.74387920997     4.39846576681    
139     2.61869093645     4.47622681451    
140     1.07252261656     4.5535039055     
141     2.69535467087     4.61382444177    
142     3.82255116756     4.61489103779    
143     49.0126823301     4.68133429584    
144     2.04352831413     4.69747873207    
145     2.06397137151     4.74737093289    
146     1.00014925309     4.78149067658    
147     2.05064672003     4.81971211487    
148     3.27524145881     4.9101594009     
149     1.00005189685     4.94612630689    
150     4.36305800895     4.95324737078    
151     2.77199403801     4.95337732471    
152     1.00077296473     4.95727631739    
153     1.24496552977     4.97082616892    
154     2.53075278955     5.07116203215    
155     2.19822241944     5.12448378108    
156     7.1842457294      5.13367474532    
157     2.17974534281     5.17578600086    
158     1.20554893834     5.21577249078    
159     1.00087853879     5.23800697305    
160     1.6332553673      5.26820066594    
161     16.7000212234     5.28186286958    
162     1.00180813841     5.31019357726    
163     7.52568168315     5.3253740324     
164     1.48130150833     5.33702063922    
165     1.00236216478     5.39953335238    
166     4.01019539599     5.40773468179    
167     1.00178910985     5.41838847048    
168     1.00271921513     5.52149250241    
169     1.00154788584     5.53061568087    
170     2.05784087484     5.53162347929    
171     1.00062497622     5.54061782733    
172     1.00009735119     5.55426392717    
173     3.51325788968     5.56153947521    
174     1.00276206971     5.57282168669    
175     3.83761564449     5.57944446898    
176     5.88175667936     5.83143657881    
177     1.19556253027     5.9752004643     
178     1.09975988493     6.01106101029    
179     1.02583558036     6.04217336891    
180     1.00236182477     6.08730745794    
181     1.95748785829     6.09115926272    
182     3.11767909292     6.12144826765    
183     1.00028597483     6.17764023844    
184     1.00111722463     6.20346193628    
185     3.42542388659     6.26320591898    
