0       69.123198651      0.0              
1       1.00171815444     0.013360163731   
2       1.00037829449     0.034937198913   
3       1.00353914057     0.057529709901   
4       1.02091541796     0.125213428857   
5       5.06559292309     0.127344748355   
6       2.63874693553     0.242197814778   
7       2.17595902462     0.271382023972   
8       2.19082500202     0.296324192056   
9       2.35348835215     0.332998916322   
10      1.03551310356     0.333274553495   
11      1.96205081994     0.36469307162    
12      1.27518518965     0.372006819375   
13      3.52412162495     0.504137393041   
14      9.62730185377     0.58645403786    
15      1.73584959507     0.607015597234   
16      1.13927886017     0.663150081198   
17      1.14697950341     0.664982544087   
18      2.42417711432     0.721186686358   
19      3.35446577753     0.742216754025   
20      3.12280761468     0.830834854102   
21      3.16639949928     0.914734914636   
22      2.64804383961     0.994739353062   
23      1.51769500012     1.03504192691    
24      3.98214189767     1.04895523752    
25      1.67473543534     1.0665226132     
26      2.33283307261     1.15771807065    
27      2.79914408698     1.17307435684    
28      1.82993756686     1.20591375463    
29      1.31730131604     1.21291216746    
30      2.10617000264     1.26996494266    
31      1.93376066204     1.3182493848     
32      1.87076037852     1.35904368638    
33      23.6452173469     1.42108264815    
34      3.66334613313     1.42282410584    
35      1.00066354415     1.46782898993    
36      2.61277533854     1.50493664432    
37      1.20231706845     1.56987541402    
38      3.14874974632     1.58189821314    
39      1.00044647694     1.58747162674    
40      1.2980382163      1.63743386037    
41      4.39007820028     1.65500573014    
42      1.86986367184     1.6670034373     
43      3.31492617886     1.71949846196    
44      2.29462826292     1.79435829734    
45      1.59919147012     1.83504474089    
46      1.00067265998     1.85988616658    
47      1.00118361667     1.8810308334     
48      2.33127042995     1.89131217485    
49      1.98909851566     1.91315379925    
50      1.65817593405     1.94478391384    
51      13.3297885008     1.95005809632    
52      2.28972583731     1.95452708869    
53      1.00099142854     1.96365345046    
54      2.02986494148     1.98668263665    
55      1.58182562623     1.99200213448    
56      1.00108802462     2.01290262271    
57      1.00051871494     2.02926183872    
58      1.34628511458     2.03364020039    
59      1.90848578726     2.03653776127    
60      1.16173897141     2.04017759507    
61      1.21911196554     2.0825463242     
62      20.4397858449     2.09875311585    
63      1.00060547493     2.10346441426    
64      1.22188621871     2.10610056924    
65      1.00027434202     2.12381999477    
66      1.01168980305     2.14818804358    
67      1.79916114226     2.17268866788    
68      1.78526485968     2.17837780415    
69      1.00124070599     2.20382555672    
70      9.65927519229     2.20784476615    
71      2.163705954       2.22481105805    
72      1.13720082226     2.22815428229    
73      1.00217317548     2.24759756368    
74      1.00000472356     2.26397550504    
75      1.82340156043     2.27070801789    
76      1.00118395447     2.27607919769    
77      1.00031720425     2.29081717277    
78      1.94307320128     2.30809243297    
79      2.03833869397     2.31513878271    
80      1.59341510684     2.34800252346    
81      2.24654482985     2.38432483661    
82      2.46446569645     2.4056118161     
83      2.09601426519     2.42327544009    
84      3.60108846998     2.459051722      
85      2.44370942138     2.47125840408    
86      2.35075122579     2.51804781416    
87      1.00274072002     2.59488916623    
88      1.00004150081     2.61637463444    
89      15.867355183      2.66141434769    
90      5.82508815498     2.67684516078    
91      4.12267257395     2.80591638653    
92      3.06897925057     2.88717130392    
93      1.50649156507     2.93406819753    
94      5.10610811896     2.95009822186    
95      1.41783514452     2.95665583992    
96      1.55650183519     2.9793221288     
97      2.23798539927     3.01659831135    
98      4.52554103733     3.05978309129    
99      3.09893978249     3.07559440352    
100     2.93050517468     3.1406975818     
101     3.21989351417     3.22802176009    
102     3.00005630338     3.30171153603    
103     1.93582741174     3.35246975509    
104     1.00022878187     3.38171126386    
105     2.527839255       3.40666748766    
106     8.23981249256     3.41773562157    
107     1.0005933213      3.43333271577    
108     1.00210859452     3.44807792352    
109     2.88019465337     3.48650672168    
110     2.4972999597      3.55956494418    
111     1.86824425341     3.57845304231    
112     1.39979892611     3.63691377668    
113     2.29939610362     3.64708543438    
114     1.20699121088     3.65371818792    
115     1.8652405718      3.70674477849    
116     7.5155504286      3.71580251185    
117     2.83764625414     3.76780538747    
118     3.67074118894     3.86224562062    
119     1.00065240272     3.93205101552    
120     1.00011573415     3.94791457148    
121     5.30151468608     3.9539506885     
122     1.42233660344     3.96788455018    
123     1.55812805526     3.99218771565    
124     4.94173917076     4.06270177147    
125     1.00163873286     4.2113607447     
126     1.00164211239     4.2117617481     
127     7.86666312794     4.23369091352    
128     1.000424199       4.23487650914    
129     1.60015434153     4.26833506067    
130     2.69596237522     4.43244478949    
131     1.00003239072     4.48686075432    
132     2.64788927826     4.53869945542    
133     1.00002597999     4.58764724314    
134     55.5709724603     4.60525160139    
135     1.00356656687     4.61360273361    
136     4.72841354065     4.70480137437    
137     3.19890805642     4.82597714932    
138     1.07428522763     4.88055424581    
139     1.00089078937     4.89147150019    
140     2.17423662418     4.89177185483    
141     3.9035802193      4.89394362109    
142     1.03133215284     4.90150585425    
143     1.91023482819     4.93310638279    
144     2.73694310671     5.02033281475    
145     6.91473668868     5.06149469498    
146     1.07037523905     5.06228378129    
147     1.07415257491     5.07830425569    
148     2.3746830298      5.11424532069    
149     1.29669526475     5.16284865557    
150     2.17450659937     5.20271979732    
151     1.00054167015     5.23478040775    
152     1.19271351587     5.2523571461     
153     6.41834404539     5.25289699799    
154     16.2364690562     5.26388934103    
155     1.00092354661     5.27937876446    
156     3.25907031802     5.28710297192    
157     1.00072600611     5.33523686224    
158     2.3366528093      5.39770014047    
159     1.001517078       5.48948937881    
160     1.0004488398      5.50118354803    
161     2.21131716769     5.50263120494    
162     1.0001265322      5.51169221524    
163     3.91223101773     5.54068355331    
164     1.00010662338     5.54923654483    
165     5.90029093551     5.5568712451     
166     1.0000030366      5.58200160297    
167     1.50990399646     5.73085840953    
168     1.51152538965     5.73252964715    
169     1.41437689441     5.80007966709    
170     1.41564731426     5.80122884191    
171     2.57721734128     5.86069531491    
172     2.63945393434     5.93719118424    
173     2.78788375015     6.02030215846    
174     1.00338238475     6.0702381766     
175     1.00135894874     6.09345049672    
176     1.00107079875     6.11702702493    
177     3.08722122775     6.16828430386    
178     1.01406320239     6.20466129504    
179     1.00028581679     6.21859894861    
180     3.76660919817     6.22613403001    
181     1.00253774704     6.23074140273    
182     1.0000003374      6.2426649575     
183     1.47682256912     6.2614084725     
