 0            18          
 0            12          
 0            105         
 0            165         
 0            17          
 0            102         
 0            143         
 0            99          
 0            141         
 0            5           
 0            148         
 0            138         
 0            7           
 0            106         
 0            13          
 0            163         
 0            174         
 0            137         
 0            171         
 0            14          
 0            150         
 0            140         
 0            144         
 0            172         
 0            142         
 0            169         
 0            170         
 0            132         
 0            127         
 0            145         
 0            152         
 0            179         
 0            180         
 0            178         
 0            177         
 0            183         
 0            30          
 0            22          
 0            61          
 0            181         
 0            24          
 0            121         
 0            96          
 0            19          
 0            3           
 0            36          
 0            89          
 0            158         
 0            153         
 0            92          
 0            176         
 0            90          
 0            154         
 0            134         
 0            173         
 0            167         
 0            175         
 0            168         
 0            2           
 0            100         
 0            10          
 0            34          
 0            1           
 0            11          
 0            9           
 0            43          
 0            122         
 0            156         
 0            182         
 0            130         
 0            4           
 0            6           
 0            45          
 0            21          
 0            136         
 0            84          
 0            62          
 114          113         
 114          62          
 111          116         
 111          110         
 110          106         
 110          14          
 15           134         
 15           14          
 46           51          
 7            8           
 7            6           
 171          134         
 93           127         
 93           94          
 150          153         
 150          141         
 150          154         
 126          125         
 126          127         
 8            9           
 8            134         
 169          170         
 162          165         
 162          161         
 58           59          
 58           60          
 58           57          
 58           51          
 58           62          
 127          154         
 127          134         
 127          89          
 127          128         
 127          125         
 127          129         
 127          62          
 179          180         
 180          182         
 180          178         
 180          177         
 180          183         
 180          181         
 177          134         
 30           33          
 147          51          
 147          145         
 61           62          
 87           89          
 19           18          
 19           33          
 19           134         
 35           33          
 101          89          
 101          33          
 101          106         
 20           89          
 20           33          
 20           14          
 40           33          
 40           41          
 167          168         
 100          98          
 100          134         
 10           9           
 11           9           
 11           12          
 43           109         
 43           33          
 43           51          
 43           41          
 44           33          
 44           51          
 44           62          
 56           51          
 56           62          
 149          154         
 149          134         
 6            85          
 117          116         
 117          154         
 117          134         
 48           47          
 48           49          
 48           70          
 48           51          
 48           62          
 17           16          
 143          141         
 143          134         
 45           51          
 141          140         
 141          142         
 141          134         
 141          138         
 141          139         
 141          137         
 138          140         
 21           33          
 21           134         
 139          140         
 139          134         
 13           134         
 13           14          
 137          154         
 137          134         
 14           154         
 14           134         
 14           16          
 14           5           
 14           18          
 14           153         
 140          142         
 140          134         
 118          116         
 118          121         
 118          106         
 118          134         
 80           70          
 80           134         
 152          154         
 152          153         
 151          154         
 151          153         
 116          5           
 116          154         
 116          134         
 116          115         
 116          106         
 116          112         
 116          113         
 116          124         
 124          154         
 124          153         
 124          134         
 124          121         
 4            5           
 76           75          
 77           70          
 72           71          
 72           70          
 72           134         
 73           70          
 71           70          
 71           51          
 71           134         
 71           62          
 134          105         
 134          165         
 134          102         
 134          5           
 134          163         
 134          172         
 134          144         
 134          135         
 134          132         
 134          123         
 134          131         
 134          148         
 134          133         
 134          32          
 134          136         
 134          26          
 134          130         
 134          156         
 134          145         
 134          25          
 134          158         
 134          31          
 134          90          
 134          91          
 134          154         
 134          109         
 134          153         
 134          121         
 134          36          
 134          173         
 134          95          
 134          70          
 134          106         
 134          129         
 89           85          
 89           86          
 89           99          
 89           88          
 89           92          
 89           90          
 89           94          
 89           91          
 89           33          
 89           50          
 89           41          
 89           38          
 89           98          
 89           81          
 89           113         
 89           84          
 89           62          
 158          154         
 92           94          
 92           62          
 98           97          
 98           99          
 98           94          
 98           33          
 98           62          
 94           97          
 94           96          
 94           95          
 94           91          
 94           33          
 94           62          
 91           33          
 91           62          
 109          106         
 153          155         
 153          154         
 153          146         
 153          156         
 34           33          
 34           51          
 34           62          
 154          165         
 154          163         
 154          121         
 154          144         
 154          136         
 154          155         
 154          148         
 154          156         
 154          157         
 41           51          
 41           38          
 41           42          
 41           33          
 41           62          
 38           39          
 38           37          
 38           33          
 38           62          
 106          104         
 106          102         
 106          108         
 106          105         
 106          107         
 106          103         
 106          24          
 62           85          
 62           86          
 62           99          
 62           70          
 62           67          
 62           60          
 62           65          
 62           63          
 62           64          
 62           51          
 62           90          
 62           54          
 62           59          
 62           55          
 62           33          
 62           52          
 62           50          
 62           49          
 62           79          
 62           82          
 62           81          
 62           68          
 62           75          
 62           66          
 62           83          
 62           84          
 123          121         
 115          145         
 159          161         
 121          120         
 121          119         
 121          122         
 67           68          
 67           70          
 67           51          
 33           37          
 33           28          
 33           29          
 33           32          
 33           22          
 33           27          
 33           103         
 33           26          
 33           51          
 33           36          
 33           31          
 33           90          
 33           42          
 33           97          
 33           79          
 144          145         
 60           59          
 60           51          
 136          145         
 63           64          
 64           70          
 145          146         
 145          148         
 145          90          
 145          161         
 145          156         
 155          156         
 51           54          
 51           90          
 51           53          
 51           42          
 51           59          
 51           55          
 51           52          
 51           50          
 51           49          
 51           78          
 51           79          
 51           69          
 53           52          
 161          165         
 161          163         
 161          160         
 54           55          
 54           70          
 54           52          
 59           70          
 59           57          
 55           70          
 52           50          
 52           49          
 78           79          
 78           75          
 78           70          
 70           82          
 70           68          
 70           75          
 70           74          
 70           66          
 70           47          
 70           69          
 70           83          
 82           83          
 82           81          
 82           84          
 81           68          
 75           74          
 83           84          
 84           85          
 84           86          
 165          23          
 165          166         
 165          163         
 165          164         
 163          160         
 163          164         
 28           29          
 28           27          
 22           24          
 27           24          
 27           26          
 25           24          
 23           24          
 112          113         
