0       78.2105255465     0.0              
1       1.00064615982     0.000229011052   
2       3.44626505782     0.026744857669   
3       1.00361436251     0.063384191021   
4       1.00147376528     0.08045684292    
5       1.0002142377      0.097430063203   
6       1.00246374369     0.114557954888   
7       1.00256356894     0.132522682528   
8       1.05611318399     0.149892318501   
9       1.17630920766     0.172097589222   
10      3.59131352006     0.239334334039   
11      2.91917621901     0.26718567272    
12      3.47575042575     0.294077524393   
13      1.73878880211     0.377695206628   
14      1.71879550325     0.37885056081    
15      2.06868295146     0.491602642804   
16      6.61986018679     0.510111529157   
17      2.27635225803     0.645734006354   
18      10.9328271038     0.660397080033   
19      1.00031567667     0.677967451772   
20      2.4680056357      0.719402160369   
21      1.86354747786     0.77463333338    
22      1.00014367752     0.775284226595   
23      2.48228586956     0.866685288399   
24      4.67652928379     0.880476884223   
25      4.35951117688     0.992667954689   
26      2.79097488459     1.08220696755    
27      2.33272218858     1.09527426678    
28      1.6652656251      1.10280822467    
29      2.01326830104     1.14414855749    
30      4.71436430498     1.1626338499     
31      1.82402192132     1.16877988474    
32      2.46393550535     1.19949507867    
33      4.42250898407     1.32427782444    
34      2.84404030804     1.43265229378    
35      1.00004850263     1.48976236855    
36      1.00113712318     1.50889368558    
37      25.838508284      1.51583142828    
38      2.62873100056     1.56038091183    
39      1.00170598554     1.58814686291    
40      5.32848137563     1.59343490215    
41      4.25859323937     1.62371791497    
42      1.00322686716     1.68695792078    
43      3.00729367689     1.69094567161    
44      1.00020394734     1.69574160862    
45      3.59919606241     1.75630239115    
46      3.41033683666     1.80894272454    
47      1.77729134833     1.84554067487    
48      2.38433696394     1.87185241515    
49      1.0013806715      1.89314051816    
50      2.23320031811     1.91092510792    
51      1.00026679358     1.93050470987    
52      17.0230687233     1.93782557326    
53      2.20733958052     1.95119472515    
54      2.19678227172     1.96331040202    
55      1.00030942831     1.96466461944    
56      1.00031604423     1.98396296661    
57      2.41934151257     1.9897442316     
58      2.97765799065     2.0009071626     
59      1.51820506601     2.05332503881    
60      2.07622934236     2.05725998416    
61      2.79474307107     2.07592429093    
62      1.0               2.07595125543    
63      1.00087561383     2.11728110206    
64      1.00009480279     2.13577201207    
65      1.00027598193     2.13604989629    
66      26.5820450203     2.13663562528    
67      1.30590430374     2.1995617942     
68      1.00400864787     2.21830849252    
69      1.00292058994     2.22777528118    
70      10.061874195      2.22795129948    
71      1.00002425104     2.235971742      
72      1.00039139508     2.24743502763    
73      1.00192132498     2.26418410546    
74      1.88418371685     2.2677887356     
75      1.61653006591     2.27619829093    
76      1.00030170986     2.29961808794    
77      1.33734568382     2.30141085308    
78      1.43188207602     2.30852498859    
79      1.60157872885     2.31313404659    
80      2.58593312522     2.34014162093    
81      2.04509476638     2.34107002386    
82      2.84431202115     2.37910720469    
83      2.53466336423     2.39400958836    
84      1.00368258602     2.39761758907    
85      2.76084230806     2.44896587322    
86      3.25703768734     2.45459021977    
87      3.04176864968     2.47051725467    
88      1.47738645783     2.47985558742    
89      2.89754928579     2.51093667471    
90      3.07359035158     2.56676518643    
91      3.91394712706     2.61916396279    
92      1.36906960384     2.62596014183    
93      10.6167991385     2.66498414868    
94      3.36786851101     2.6971430672     
95      3.36726591534     2.7082902689     
96      3.79034397367     2.78261792979    
97      6.62465855814     2.83145814037    
98      2.00238730255     2.83461148954    
99      4.33568511083     2.89017859536    
100     3.22189815501     2.95873734999    
101     5.69505015817     3.08453238826    
102     4.20470264254     3.20924060713    
103     3.63571498777     3.2850014479     
104     2.09904180171     3.33517378582    
105     2.93020517844     3.36623419916    
106     1.00038441112     3.38880139581    
107     13.1454755174     3.39592854544    
108     1.00160698171     3.4001420538     
109     1.78489064241     3.41600211045    
110     1.00071123996     3.43061203925    
111     3.13513565161     3.46193096191    
112     1.00106613006     3.51713079336    
113     1.36222724621     3.51843236913    
114     1.38864587894     3.51890586305    
115     8.84667777352     3.56589804528    
116     2.19558797727     3.57812010556    
117     1.79078052581     3.6436591632     
118     2.70820156123     3.64596191329    
119     5.18758805471     3.75399375552    
120     1.00128353938     3.85143561569    
121     6.16354104942     3.85948995109    
122     1.00180058195     3.86331142081    
123     2.17172226094     3.88627754937    
124     1.0020174144      4.06628037338    
125     1.00018814455     4.07954616134    
126     10.5550745216     4.08788100251    
127     1.00093151444     4.09312943763    
128     1.00124785307     4.10481808286    
129     3.37406528484     4.27590225606    
130     1.00021276763     4.33739462483    
131     3.2865121774      4.38182258085    
132     1.00052189414     4.42860010033    
133     76.0685813793     4.45856843362    
134     3.24341492492     4.4738456052     
135     1.00054137859     4.51281558941    
136     1.0005729956      4.53124807633    
137     1.00109592449     4.55067703283    
138     3.08154897014     4.59349713655    
139     3.31073084613     4.70219939316    
140     4.0202295427      4.72388428637    
141     1.35042411943     4.73380067072    
142     4.63017683239     4.7475725113     
143     1.00028002485     4.74862955738    
144     1.0012607294      4.75805683555    
145     3.42408945358     4.78508697395    
146     2.41389393883     4.86375872911    
147     3.73256678859     4.93808564099    
148     3.10029614012     4.99951621609    
149     7.1186128704      5.00739958904    
150     3.00375428254     5.05528012535    
151     3.30711379809     5.10919827672    
152     1.20160578635     5.11133521383    
153     3.35053050329     5.19456134896    
154     9.26950318045     5.23324886125    
155     25.0200274616     5.23454877515    
156     1.00091753898     5.23571892236    
157     2.21934163147     5.26590849567    
158     1.00001396265     5.30312737865    
159     3.01227133201     5.36622001594    
160     3.19844918597     5.42974333632    
161     3.42999643559     5.50110228       
162     1.00139428546     5.58873093251    
163     2.60139269555     5.59477697397    
164     1.16640752305     5.59771048753    
165     1.40390200407     5.60831334326    
166     4.32188393866     5.63845441791    
167     7.13621423783     5.67038338911    
168     1.00093041111     5.67347662991    
169     1.00018446951     5.68762419467    
170     3.05012114011     5.8158363013     
171     3.15652297348     5.89386390437    
172     1.55292801722     5.95433611599    
173     1.56111653451     5.95446232486    
174     3.33905293714     6.02249564613    
175     3.67487491586     6.12521637011    
176     1.00187309961     6.15813310361    
177     1.00205423275     6.16538711749    
178     3.50836156876     6.16539123707    
179     1.00048035318     6.17285347686    
180     1.32672203914     6.18272248607    
181     1.00005585171     6.20583837063    
182     1.001412683       6.22078831669    
183     1.00307869247     6.23729920805    
184     1.00036860547     6.27399115964    
185     3.99474080638     6.28078265734    
