 0            3           
 0            105         
 0            167         
 0            21          
 0            103         
 0            174         
 0            94          
 0            142         
 0            16          
 0            145         
 0            11          
 0            107         
 0            17          
 0            166         
 0            4           
 0            161         
 0            134         
 0            18          
 0            2           
 0            140         
 0            159         
 0            171         
 0            139         
 0            172         
 0            173         
 0            138         
 0            126         
 0            148         
 0            180         
 0            178         
 0            177         
 0            175         
 0            176         
 0            147         
 0            182         
 0            6           
 0            30          
 0            154         
 0            121         
 0            98          
 0            24          
 0            181         
 0            33          
 0            93          
 0            160         
 0            47          
 0            96          
 0            5           
 0            151         
 0            155         
 0            133         
 0            170         
 0            13          
 0            7           
 0            14          
 0            183         
 0            131         
 0            1           
 0            46          
 0            9           
 0            184         
 0            185         
 0            41          
 0            8           
 0            179         
 0            149         
 0            15          
 0            12          
 0            48          
 0            25          
 19           18          
 112          114         
 112          113         
 117          115         
 117          118         
 118          107         
 118          18          
 130          133         
 110          107         
 11           10          
 11           12          
 134          133         
 125          126         
 2            154         
 2            185         
 124          126         
 10           185         
 10           133         
 172          173         
 165          167         
 165          163         
 60           61          
 60           59          
 60           52          
 60           66          
 126          155         
 126          133         
 126          93          
 126          128         
 126          100         
 126          127         
 126          66          
 180          178         
 178          179         
 178          177         
 178          175         
 178          176         
 175          133         
 143          142         
 49           52          
 92           93          
 92           91          
 24           23          
 24           37          
 24           133         
 36           37          
 101          93          
 101          37          
 101          107         
 101          133         
 20           37          
 20           18          
 39           37          
 39           40          
 13           14          
 131          133         
 1            185         
 184          185         
 41           111         
 41           37          
 41           52          
 41           40          
 50           37          
 50           52          
 50           66          
 51           52          
 146          155         
 146          133         
 12           91          
 102          155         
 102          107         
 102          133         
 83           82          
 83           84          
 83           70          
 83           66          
 21           22          
 174          133         
 47           52          
 142          140         
 142          139         
 142          133         
 142          145         
 142          144         
 142          141         
 145          140         
 145          155         
 25           52          
 25           133         
 141          140         
 141          133         
 17           18          
 161          155         
 161          133         
 18           133         
 18           16          
 18           23          
 18           155         
 18           154         
 140          139         
 140          133         
 139          133         
 119          115         
 119          121         
 119          107         
 119          133         
 69           70          
 69           133         
 157          155         
 157          154         
 157          107         
 156          155         
 156          154         
 115          16          
 115          155         
 115          133         
 115          116         
 115          107         
 115          114         
 115          113         
 115          153         
 153          155         
 153          154         
 153          133         
 15           16          
 76           77          
 72           70          
 81           80          
 81           70          
 81           133         
 68           70          
 80           70          
 80           133         
 80           66          
 133          105         
 133          167         
 133          103         
 133          16          
 133          166         
 133          171         
 133          159         
 133          136         
 133          138         
 133          123         
 133          137         
 133          148         
 133          132         
 133          34          
 133          147         
 133          90          
 133          104         
 133          135         
 133          129         
 133          149         
 133          31          
 133          160         
 133          89          
 133          151         
 133          99          
 133          155         
 133          111         
 133          154         
 133          121         
 133          33          
 133          170         
 133          70          
 133          107         
 133          109         
 93           53          
 93           91          
 93           94          
 93           45          
 93           96          
 93           95          
 93           97          
 93           90          
 93           37          
 93           66          
 160          155         
 96           97          
 96           66          
 95           97          
 95           94          
 95           66          
 97           98          
 97           100         
 97           99          
 97           37          
 97           66          
 99           37          
 99           66          
 111          107         
 154          155         
 154          29          
 154          150         
 46           37          
 46           52          
 46           66          
 155          167         
 155          166         
 155          121         
 155          159         
 155          147         
 155          150         
 155          152         
 155          148         
 155          151         
 155          158         
 40           52          
 40           43          
 40           38          
 40           37          
 40           66          
 43           44          
 43           42          
 43           37          
 43           66          
 107          106         
 107          103         
 107          108         
 107          104         
 107          105         
 107          30          
 107          109         
 66           91          
 66           88          
 66           94          
 66           70          
 66           73          
 66           59          
 66           63          
 66           129         
 66           64          
 66           65          
 66           150         
 66           52          
 66           45          
 66           58          
 66           61          
 66           57          
 66           37          
 66           54          
 66           53          
 66           82          
 66           79          
 66           86          
 66           75          
 66           74          
 66           67          
 66           85          
 66           87          
 123          121         
 116          149         
 162          163         
 121          122         
 121          120         
 73           74          
 37           27          
 37           28          
 37           34          
 37           32          
 37           26          
 37           52          
 37           33          
 37           89          
 37           45          
 37           38          
 37           35          
 37           48          
 59           52          
 147          149         
 64           65          
 149          148         
 149          150         
 149          151         
 149          163         
 90           52          
 152          151         
 52           58          
 52           45          
 52           55          
 52           56          
 52           38          
 52           61          
 52           57          
 52           54          
 52           53          
 52           82          
 52           79          
 52           48          
 55           54          
 163          167         
 163          164         
 56           57          
 58           57          
 58           70          
 58           54          
 61           62          
 61           70          
 57           70          
 54           53          
 82           70          
 78           79          
 78           77          
 78           70          
 70           85          
 70           74          
 70           77          
 70           71          
 70           67          
 86           85          
 86           75          
 86           87          
 86           89          
 75           74          
 85           87          
 87           91          
 87           88          
 167          169         
 167          166         
 167          168         
 166          164         
 27           28          
 27           26          
 32           30          
 26           30          
 31           30          
 29           30          
 114          113         
