 0            5           
 0            104         
 0            169         
 0            24          
 0            103         
 0            7           
 0            48          
 0            139         
 0            15          
 0            141         
 0            10          
 0            108         
 0            171         
 0            4           
 0            161         
 0            172         
 0            19          
 0            176         
 0            137         
 0            164         
 0            39          
 0            132         
 0            174         
 0            175         
 0            135         
 0            155         
 0            127         
 0            142         
 0            133         
 0            182         
 0            179         
 0            180         
 0            163         
 0            178         
 0            143         
 0            99          
 0            177         
 0            29          
 0            129         
 0            121         
 0            36          
 0            12          
 0            32          
 0            91          
 0            162         
 0            152         
 0            96          
 0            183         
 0            148         
 0            158         
 0            173         
 0            13          
 0            184         
 0            14          
 0            6           
 0            94          
 0            2           
 0            47          
 0            3           
 0            185         
 0            1           
 0            42          
 0            8           
 0            181         
 0            145         
 0            11          
 0            49          
 0            130         
 20           19          
 113          112         
 116          114         
 116          117         
 117          108         
 117          19          
 22           132         
 22           19          
 18           19          
 10           9           
 10           11          
 172          132         
 95           127         
 95           93          
 176          158         
 176          152         
 176          1           
 125          127         
 125          124         
 125          132         
 9            1           
 9            132         
 174          175         
 167          166         
 60           62          
 60           59          
 60           51          
 60           64          
 127          132         
 127          91          
 127          128         
 127          124         
 127          126         
 127          64          
 182          179         
 179          181         
 179          180         
 179          178         
 179          177         
 163          158         
 163          132         
 140          139         
 144          145         
 99           98          
 90           91          
 90           89          
 36           35          
 36           132         
 33           35          
 12           13          
 101          91          
 101          35          
 101          108         
 101          132         
 25           35          
 25           19          
 41           35          
 41           40          
 13           14          
 94           93          
 94           132         
 2            1           
 185          1           
 185          132         
 42           109         
 42           35          
 42           51          
 42           40          
 50           35          
 50           51          
 50           64          
 52           51          
 160          158         
 160          132         
 118          114         
 118          158         
 118          132         
 83           84          
 83           72          
 83           64          
 24           23          
 7            132         
 48           51          
 139          137         
 139          136         
 139          132         
 139          141         
 139          138         
 130          132         
 138          137         
 138          132         
 21           19          
 161          158         
 161          132         
 19           132         
 19           23          
 19           15          
 19           17          
 19           158         
 19           152         
 137          132         
 137          136         
 136          132         
 119          114         
 119          121         
 119          132         
 70           72          
 70           132         
 155          158         
 155          152         
 154          158         
 154          152         
 114          15          
 114          158         
 114          132         
 114          115         
 114          108         
 114          111         
 114          112         
 114          153         
 153          158         
 153          152         
 153          132         
 16           15          
 79           78          
 73           72          
 82           72          
 82           132         
 77           78          
 77           72          
 69           72          
 69           132         
 69           64          
 132          104         
 132          169         
 132          103         
 132          15          
 132          171         
 132          157         
 132          164         
 132          134         
 132          135         
 132          123         
 132          131         
 132          142         
 132          133         
 132          37          
 132          143         
 132          129         
 132          102         
 132          146         
 132          145         
 132          31          
 132          162         
 132          148         
 132          100         
 132          158         
 132          38          
 132          173         
 132          109         
 132          152         
 132          121         
 132          32          
 132          124         
 132          72          
 132          108         
 132          105         
 91           53          
 91           89          
 91           92          
 91           46          
 91           96          
 91           93          
 91           35          
 91           64          
 162          158         
 96           98          
 96           64          
 93           89          
 93           92          
 93           45          
 93           98          
 93           64          
 98           97          
 98           100         
 98           35          
 98           64          
 100          35          
 100          64          
 109          108         
 152          151         
 152          149         
 152          158         
 152          150         
 152          147         
 47           35          
 47           51          
 47           64          
 158          169         
 158          171         
 158          121         
 158          164         
 158          157         
 158          143         
 158          149         
 158          142         
 158          148         
 158          159         
 158          156         
 40           51          
 40           44          
 40           38          
 40           39          
 40           35          
 40           64          
 44           45          
 44           43          
 44           35          
 44           64          
 108          104         
 108          106         
 108          103         
 108          107         
 108          111         
 108          112         
 108          102         
 108          110         
 108          105         
 64           89          
 64           88          
 64           92          
 64           72          
 64           74          
 64           59          
 64           26          
 64           63          
 64           65          
 64           66          
 64           51          
 64           46          
 64           58          
 64           62          
 64           57          
 64           35          
 64           55          
 64           53          
 64           67          
 64           81          
 64           85          
 64           76          
 64           75          
 64           68          
 64           49          
 64           86          
 64           87          
 123          121         
 115          145         
 121          122         
 121          120         
 74           75          
 74           72          
 35           27          
 35           28          
 35           37          
 35           30          
 35           26          
 35           51          
 35           32          
 35           34          
 35           46          
 35           38          
 35           151         
 59           51          
 143          145         
 65           66          
 66           72          
 145          147         
 145          142         
 145          148         
 145          166         
 145          146         
 149          148         
 51           53          
 51           67          
 51           49          
 51           81          
 51           46          
 51           54          
 51           56          
 51           38          
 51           62          
 51           57          
 51           55          
 54           55          
 166          165         
 166          169         
 56           57          
 56           55          
 58           57          
 58           72          
 58           55          
 62           61          
 62           72          
 57           72          
 55           53          
 67           72          
 80           81          
 80           78          
 80           72          
 72           86          
 72           76          
 72           75          
 72           78          
 72           71          
 72           68          
 85           75          
 85           86          
 85           76          
 85           87          
 76           75          
 86           87          
 87           89          
 87           88          
 169          170         
 169          171         
 169          168         
 27           28          
 27           26          
 28           29          
 30           29          
 26           29          
 31           29          
 111          112         
