0       79.4127624923     0.0              
1       5.27203084553     0.005006971719   
2       1.00231930579     0.007448944797   
3       1.00688376559     0.058123865302   
4       1.00093068287     0.075068248543   
5       1.00025988631     0.092276471986   
6       1.00017643596     0.108344134275   
7       3.38601137417     0.147581984643   
8       1.14616740771     0.192670758314   
9       3.66008100256     0.249013842693   
10      2.33168573838     0.270856965118   
11      1.14434604179     0.273940655989   
12      1.62608440472     0.364055286151   
13      2.39956301562     0.3723918126     
14      1.70662445359     0.381651873382   
15      6.92984277029     0.54729708101    
16      1.00137187366     0.548863269402   
17      1.00400502341     0.652625684689   
18      1.00035694749     0.666995144857   
19      13.2197196123     0.676277676061   
20      1.00017459794     0.679317924116   
21      1.00046210769     0.693227864161   
22      2.47254315375     0.725910343506   
23      1.8407283514      0.784440174423   
24      1.85879906627     0.786969969399   
25      3.56222209188     0.882111981909   
26      3.88098152456     1.07066091587    
27      2.40193219704     1.09211829605    
28      2.29010932981     1.1074779528     
29      3.4960841977      1.13325826762    
30      1.65406010298     1.13709771367    
31      2.22459221653     1.15999207732    
32      4.54256170473     1.27374296956    
33      1.00600818477     1.362833323      
34      1.00024591618     1.37862778241    
35      25.511121793      1.40846026327    
36      3.86548021602     1.41113087289    
37      2.45485130848     1.47354097113    
38      3.81425309427     1.54064888553    
39      1.44902483942     1.58294945437    
40      5.29049445999     1.59623846177    
41      1.33657170422     1.5970556361     
42      3.8347772596      1.62701320231    
43      1.00005550049     1.66975943452    
44      3.1680563562      1.67313299383    
45      1.92655615399     1.68834209875    
46      3.87302026143     1.75442274038    
47      3.58848810316     1.81232639554    
48      1.90872377901     1.84855133687    
49      2.48202607632     1.87820405435    
50      2.38382370113     1.90801631183    
51      13.8645169759     1.92581026427    
52      1.00132770903     1.92815055869    
53      2.42075828791     1.95119472515    
54      1.00170132967     1.96638622825    
55      2.62453225711     1.96949126602    
56      1.39593581809     1.97944828438    
57      2.7259036802      1.99673403078    
58      2.33018648184     2.00233328536    
59      1.66595379164     2.05575034633    
60      2.20499050364     2.05932876098    
61      1.000551098       2.07681749019    
62      2.90031432558     2.07867429603    
63      1.00019849265     2.11297651828    
64      25.5185630684     2.13476458817    
65      1.0008880092      2.13660529021    
66      1.73764742469     2.13793404115    
67      2.37597926474     2.16535507125    
68      1.20486239054     2.18750940902    
69      2.15544604203     2.2052471854     
70      1.06965717009     2.22483577552    
71      1.00469420989     2.23483773472    
72      11.2120348098     2.23604214932    
73      1.0011852914      2.24319822962    
74      1.32792437839     2.25685163235    
75      2.60088548578     2.26375304787    
76      2.17944902733     2.27363666285    
77      1.04185680509     2.29243204708    
78      1.63604121843     2.29727292493    
79      1.00177165217     2.29961808794    
80      1.79916886878     2.31305839617    
81      2.05209212936     2.32167430486    
82      2.22965502389     2.35421447154    
83      2.34818181135     2.39143148198    
84      1.00135163133     2.3930201408     
85      3.87074759975     2.43916427527    
86      3.19727336085     2.44830374479    
87      3.80075430882     2.48321566447    
88      1.98229003071     2.49399510027    
89      4.09683300405     2.60610377919    
90      1.02125724039     2.6110543876     
91      9.03709095434     2.62721211883    
92      2.54132259576     2.66504406981    
93      5.90992941698     2.69406761549    
94      2.60433391893     2.71031934798    
95      2.19398005991     2.74119707796    
96      4.03383502692     2.80005160647    
97      1.00246851683     2.84027441032    
98      5.51121041559     2.84297423149    
99      2.34996901838     2.86435820829    
100     5.33568164712     2.94037714293    
101     6.29139149685     3.10124850946    
102     3.44229750896     3.22840862585    
103     3.95741486103     3.29978473248    
104     3.48778038685     3.36292162598    
105     2.08044849445     3.40699711237    
106     1.00051138236     3.4265294328     
107     1.00012607505     3.4386116147     
108     11.5875379288     3.44606651649    
109     2.85108319345     3.45879259301    
110     1.00056507244     3.47923709553    
111     2.09195919489     3.51782332708    
112     2.34550441122     3.52816920077    
113     1.0000283012      3.53150650312    
114     9.80501774806     3.59393616935    
115     2.16399513937     3.60187365856    
116     1.52547518386     3.64962384302    
117     2.42811596005     3.65393675958    
118     3.78014824961     3.71524150032    
119     3.67987025562     3.8079784287     
120     1.00216385521     3.85285916372    
121     5.80042033197     3.85991529745    
122     1.00071071209     3.8647117494     
123     2.25278057344     3.88911621902    
124     2.13627614552     4.06854820069    
125     2.11855257666     4.06886512727    
126     1.00300328009     4.09584442633    
127     9.59948182472     4.09676430922    
128     1.00006799771     4.10913792781    
129     3.59650553973     4.28618444015    
130     3.64591357027     4.39025629187    
131     1.00027238609     4.43884015238    
132     81.5419755273     4.47605079621    
133     3.62334660496     4.49182147442    
134     1.00000514561     4.54308277931    
135     3.47256282812     4.60030913851    
136     1.83820791541     4.71435298887    
137     3.35385278336     4.72272481261    
138     1.33545900216     4.73226856246    
139     4.66806722725     4.74028357463    
140     1.00506760907     4.74800928012    
141     1.71414044016     4.76731352577    
142     4.47357114342     4.87390468627    
143     3.72818795667     4.94762040268    
144     1.00015805579     4.9818578352     
145     8.33203920895     4.98876468107    
146     1.58375905883     5.00105394195    
147     1.87196610109     5.03442982106    
148     4.01594861304     5.10721544926    
149     2.23976666124     5.12955947484    
150     1.00173667443     5.19240681003    
151     1.26939756435     5.20494530534    
152     10.1915056556     5.21850639208    
153     3.00393722907     5.23246726509    
154     1.26447004103     5.25909658733    
155     2.2748295801      5.28808212055    
156     1.0028536208      5.31662573547    
157     1.63096679271     5.33382216194    
158     22.6009758003     5.34017323938    
159     1.00144990264     5.35027594098    
160     1.63743746519     5.36577566335    
161     2.61784916216     5.39439717574    
162     2.73617226094     5.4353156264     
163     2.92967967613     5.479588162      
164     3.24994543994     5.53791969144    
165     1.00395077974     5.59771048753    
166     2.56838576548     5.60277775487    
167     1.00079236786     5.60619288446    
168     1.00011615019     5.67978164299    
169     6.10202985606     5.68920498883    
170     1.00416961737     5.69315060763    
171     4.77098372269     5.72976185296    
172     3.00819977021     5.8465052436     
173     2.92529077398     5.90973626125    
174     1.47669159214     5.96018441775    
175     1.47999463919     5.96145568185    
176     6.31399827605     6.05436638149    
177     1.47201727099     6.14758548766    
178     1.00248878179     6.15813310361    
179     3.21597604851     6.16539123707    
180     1.00083062328     6.16608913091    
181     1.00065922089     6.17285347686    
182     1.42108596676     6.18293052472    
183     1.0031160922      6.20785846154    
184     1.00116652466     6.2243749705     
185     3.43101913875     6.26186050249    
