0       59.1193914697     0.0              
1       2.60685741888     0.0437686364     
2       1.00166756855     0.045799026254   
3       1.00194076861     0.097548969184   
4       1.00033462222     0.121691190256   
5       2.70746187905     0.16629572634    
6       1.62899972833     0.186695124171   
7       1.00162792744     0.206828247505   
8       1.65877155823     0.209171163474   
9       1.00012438924     0.218151842012   
10      1.00080747518     0.25222149539    
11      1.95485247479     0.292183267844   
12      2.65653725381     0.389835226457   
13      1.28620783341     0.450524464899   
14      8.58556952616     0.466759719082   
15      1.3587146591      0.488600219958   
16      1.01961163205     0.536853203512   
17      1.70913215066     0.538880784563   
18      1.39008303525     0.65153287318    
19      3.94278551391     0.66287631656    
20      1.54888213041     0.688806059678   
21      2.74937075017     0.777251137508   
22      1.59766421679     0.893079045725   
23      1.34325671677     0.928335137369   
24      6.59086802537     0.939406688646   
25      2.02780728157     0.968692763751   
26      4.1548887312      1.06375126119    
27      1.14863995228     1.06839851891    
28      2.26741626146     1.11957115925    
29      2.35855767878     1.13213399752    
30      2.49953696345     1.22090864153    
31      22.9699442177     1.26359869769    
32      1.6404982968      1.27840970164    
33      2.46974685558     1.33049276857    
34      1.03178185381     1.42203277248    
35      3.79164165946     1.42828703986    
36      1.17732044246     1.44127307106    
37      2.96215037682     1.50488608587    
38      1.00325683671     1.54885096395    
39      1.89261961777     1.55549059906    
40      1.2263930883      1.5641945169     
41      1.00089967592     1.58166789132    
42      4.34188120734     1.58406323828    
43      1.55321306258     1.59891169293    
44      1.91195562246     1.62858613183    
45      3.6329045213      1.70309655215    
46      2.97473441625     1.76344236764    
47      2.79045609514     1.81667592017    
48      2.14669635947     1.85985807856    
49      1.4969698464      1.8898014135     
50      1.36227099409     1.91092173736    
51      1.51656031188     1.93235964318    
52      1.00073025941     1.94861624426    
53      2.55376724323     1.95243733947    
54      11.585593375      1.96226665094    
55      1.0008294428      1.96284638782    
56      1.74956197114     1.9821563447     
57      2.16931053048     1.98515876755    
58      1.47591053928     2.02655827248    
59      1.77301577012     2.03622429888    
60      1.77480036876     2.03647222254    
61      1.46598580088     2.04259840851    
62      1.56712169532     2.07787622156    
63      24.691655764      2.11331507263    
64      2.76865702173     2.13181534532    
65      2.48387269894     2.15365547169    
66      1.19796528319     2.17355040855    
67      1.68238689768     2.19515197395    
68      1.00176118116     2.20147103103    
69      2.88192681516     2.20883159217    
70      3.31339568418     2.2629662086     
71      1.00317242583     2.26908790049    
72      1.07390604781     2.2862358283     
73      1.23905277801     2.30056222016    
74      2.00524191685     2.3110296916     
75      1.0020574011      2.31293518336    
76      1.00055288548     2.32283977073    
77      9.07929575356     2.33311437106    
78      1.50779869516     2.33668454656    
79      1.00183681057     2.35285276398    
80      1.2932086369      2.36685595628    
81      1.34921494779     2.39286247334    
82      1.74307646676     2.39306246009    
83      2.20510589039     2.40258018171    
84      2.5120697936      2.44022375565    
85      1.55283240941     2.48350927798    
86      3.1938777829      2.55412332718    
87      2.50873108548     2.59135082382    
88      3.21682988315     2.63572204203    
89      1.29912027187     2.64105614563    
90      2.18974673318     2.67942813575    
91      13.6656552788     2.70246331405    
92      12.1785709346     2.79914529946    
93      1.48692822026     2.86137188925    
94      2.34512500686     2.91853589304    
95      2.91758797491     3.00708321128    
96      2.69615822311     3.07154298649    
97      1.00167856176     3.110681967      
98      5.12194136172     3.11692237761    
99      1.26471886446     3.12824185254    
100     1.51328246926     3.15320499302    
101     3.35559532584     3.2161397756     
102     2.13825935514     3.33880843505    
103     1.86938388051     3.39446192911    
104     1.28892394821     3.39860601322    
105     1.00025411638     3.46153613787    
106     1.77392288876     3.4635902387     
107     4.30163592172     3.47026936089    
108     6.80932022213     3.52127777991    
109     3.25093782575     3.56645379031    
110     3.33012664461     3.63883162717    
111     2.69951742211     3.70798659699    
112     1.00092231132     3.74907193734    
113     1.00258074811     3.76608125074    
114     11.5970772391     3.76764130658    
115     3.07051337008     3.82205001534    
116     1.44390903401     3.87057634221    
117     2.03426335178     3.93355250782    
118     1.00231604039     3.96864189702    
119     4.16782584711     3.97645055582    
120     1.00000964465     3.98762214728    
121     2.69027983826     4.02450088425    
122     3.82335756985     4.11631329521    
123     1.0011706688      4.17107605356    
124     1.00160927329     4.18801219765    
125     7.21731647517     4.20573724079    
126     1.49921682764     4.20574688435    
127     1.00097723764     4.22591811377    
128     1.00064373161     4.22690138197    
129     2.67812324689     4.28347647346    
130     1.00083277131     4.37654371703    
131     83.1060813441     4.41211776514    
132     1.00086139659     4.41414899763    
133     1.00059082022     4.45297910347    
134     2.65797772754     4.55360155821    
135     3.06650282068     4.59021261628    
136     1.00075788335     4.59048909609    
137     5.24962728689     4.60808886664    
138     2.05115176927     4.61742588861    
139     1.00022284728     4.64305546435    
140     1.84389904148     4.73576552184    
141     2.41901213771     4.79685033333    
142     3.61911982922     4.87045959612    
143     2.41122193294     4.95215792983    
144     8.04296011718     4.98372756154    
145     1.00129586961     4.9906179291     
146     2.05924164593     5.024222632      
147     2.60861274603     5.07210841142    
148     1.00009545241     5.07302595363    
149     2.00110550069     5.11463742955    
150     1.43296084897     5.16588478405    
151     1.22923387301     5.20162867109    
152     8.91454267058     5.2223359137     
153     15.8831318568     5.23897282667    
154     2.96825852832     5.24779958282    
155     2.2206289052      5.31010444459    
156     1.00076087877     5.34512197525    
157     1.00392970854     5.3930470779     
158     2.21653539428     5.39675170143    
159     1.30811108212     5.41680861258    
160     1.00137978958     5.41973089092    
161     1.00061278312     5.49277099665    
162     3.57187256157     5.50416537298    
163     1.00270812612     5.52464734962    
164     2.51404053622     5.52942231423    
165     2.03438783832     5.53621774425    
166     1.00151767335     5.53819251981    
167     1.00266610957     5.55288967363    
168     1.72872750082     5.60823450953    
169     2.80738895195     5.67706290922    
170     2.83349979993     5.68083194795    
171     2.65455633206     5.76720113332    
172     1.84471542724     5.8277697805     
173     1.80256567091     5.87517656542    
174     2.97248854195     5.94249532728    
175     3.33173512711     5.9739267659     
176     1.85773975036     6.00709235931    
177     1.71404170285     6.04672175677    
178     1.0012146205      6.068607573      
179     3.21968436862     6.07613628779    
180     1.00001895673     6.08359908934    
181     1.82438650105     6.10735332113    
182     2.27642572085     6.15678057147    
183     2.10077780723     6.22666114866    
184     5.41509230889     6.25155893766    
185     1.00096591925     6.26358005151    
