 0            2           
 0            111         
 0            162         
 0            17          
 0            142         
 0            174         
 0            168         
 0            137         
 0            19          
 0            138         
 0            175         
 0            114         
 0            12          
 0            164         
 0            173         
 0            171         
 0            172         
 0            14          
 0            155         
 0            135         
 0            169         
 0            11          
 0            134         
 0            160         
 0            159         
 0            170         
 0            147         
 0            125         
 0            143         
 0            154         
 0            182         
 0            179         
 0            180         
 0            177         
 0            178         
 0            13          
 0            99          
 0            181         
 0            24          
 0            26          
 0            119         
 0            48          
 0            121         
 0            6           
 0            30          
 0            91          
 0            158         
 0            152         
 0            107         
 0            95          
 0            4           
 0            92          
 0            31          
 0            153         
 0            131         
 0            33          
 0            8           
 0            7           
 0            9           
 0            185         
 0            5           
 0            183         
 0            45          
 0            10          
 0            1           
 0            184         
 0            35          
 0            3           
 0            77          
 0            176         
 0            144         
 0            18          
 0            96          
 0            62          
 0            46          
 0            149         
 0            63          
 97           98          
 105          106         
 105          107         
 104          108         
 104          103         
 103          131         
 103          14          
 15           131         
 15           14          
 175          96          
 175          131         
 175          176         
 175          174         
 172          131         
 93           125         
 93           92          
 155          153         
 155          152         
 155          184         
 128          125         
 128          127         
 128          131         
 43           131         
 43           184         
 43           42          
 160          159         
 159          158         
 167          165         
 60           54          
 60           58          
 60           59          
 60           61          
 60           31          
 60           63          
 125          124         
 125          131         
 125          91          
 125          123         
 125          127         
 125          122         
 125          126         
 125          107         
 125          129         
 125          63          
 182          179         
 182          184         
 179          176         
 179          180         
 179          177         
 179          178         
 179          181         
 168          131         
 177          153         
 139          137         
 145          144         
 145          53          
 99           98          
 89           91          
 89           88          
 89           126         
 181          54          
 121          119         
 121          31          
 121          131         
 20           19          
 20           31          
 6            8           
 6            5           
 122          91          
 122          31          
 122          114         
 122          131         
 21           91          
 21           31          
 21           14          
 44           31          
 44           131         
 44           42          
 8            7           
 8            9           
 185          184         
 5            131         
 5            92          
 183          152         
 183          184         
 1            131         
 1            184         
 1            2           
 184          131         
 35           42          
 35           54          
 35           131         
 35           34          
 35           31          
 35           36          
 49           31          
 49           54          
 49           63          
 50           54          
 50           131         
 50           63          
 140          153         
 140          131         
 96           98          
 96           92          
 110          108         
 110          153         
 110          152         
 110          114         
 110          131         
 70           64          
 70           54          
 70           131         
 70           77          
 70           17          
 70           71          
 70           31          
 70           72          
 70           63          
 17           16          
 174          138         
 174          131         
 48           54          
 48           131         
 48           63          
 137          135         
 137          134         
 137          131         
 137          138         
 137          136         
 137          24          
 137          63          
 138          135         
 46           31          
 46           54          
 46           131         
 46           63          
 136          135         
 136          131         
 12           131         
 12           14          
 173          131         
 171          153         
 171          131         
 14           153         
 14           131         
 14           16          
 14           19          
 14           114         
 14           13          
 14           152         
 135          134         
 135          131         
 134          131         
 115          108         
 115          119         
 115          114         
 115          131         
 79           77          
 79           131         
 154          153         
 154          152         
 154          114         
 154          131         
 151          153         
 151          152         
 151          114         
 108          19          
 108          153         
 108          131         
 108          102         
 108          114         
 108          106         
 108          107         
 108          109         
 109          153         
 109          152         
 109          114         
 109          131         
 18           19          
 72           74          
 72           77          
 36           77          
 85           77          
 85           131         
 75           74          
 75           77          
 75           131         
 78           74          
 78           77          
 78           131         
 78           63          
 131          141         
 131          91          
 131          158         
 131          92          
 131          101         
 131          34          
 131          152         
 131          153         
 131          114         
 131          126         
 131          63          
 131          19          
 131          111         
 131          117         
 131          142         
 131          116         
 131          119         
 131          170         
 131          118         
 131          169         
 131          149         
 131          144         
 131          143         
 131          47          
 131          52          
 131          77          
 131          80          
 131          162         
 131          164         
 131          11          
 131          130         
 131          132         
 131          28          
 131          29          
 131          133         
 131          32          
 131          25          
 131          41          
 131          146         
 131          22          
 131          94          
 131          37          
 131          24          
 131          30          
 131          33          
 131          127         
 131          147         
 131          106         
 131          107         
 131          129         
 91           51          
 91           45          
 91           87          
 91           42          
 91           88          
 91           86          
 91           90          
 91           47          
 91           95          
 91           92          
 91           98          
 91           107         
 91           142         
 91           31          
 91           63          
 158          157         
 158          153         
 95           98          
 95           63          
 92           88          
 92           87          
 92           98          
 92           90          
 92           94          
 92           40          
 92           26          
 92           84          
 92           37          
 92           24          
 92           31          
 92           63          
 98           100         
 98           101         
 98           31          
 98           63          
 101          31          
 101          63          
 152          150         
 152          153         
 152          146         
 152          162         
 152          147         
 45           54          
 45           58          
 45           31          
 45           63          
 153          162         
 153          164         
 153          119         
 153          120         
 153          169         
 153          156         
 153          149         
 153          146         
 153          150         
 153          143         
 153          147         
 42           54          
 42           39          
 42           40          
 42           41          
 42           37          
 42           31          
 42           63          
 39           40          
 39           38          
 39           31          
 39           63          
 114          111         
 114          116         
 114          117         
 114          142         
 114          113         
 114          112         
 114          107         
 114          24          
 114          129         
 63           88          
 63           111         
 63           87          
 63           90          
 63           77          
 63           69          
 63           58          
 63           26          
 63           66          
 63           68          
 63           67          
 63           54          
 63           94          
 63           56          
 63           59          
 63           57          
 63           61          
 63           31          
 63           53          
 63           51          
 63           64          
 63           65          
 63           47          
 63           83          
 63           81          
 63           82          
 63           76          
 63           80          
 63           62          
 63           84          
 63           86          
 117          119         
 142          144         
 102          144         
 119          118         
 119          120         
 69           54          
 69           31          
 69           77          
 69           82          
 69           141         
 69           68          
 69           67          
 31           28          
 31           29          
 31           32          
 31           25          
 31           26          
 31           27          
 31           54          
 31           47          
 31           37          
 31           30          
 31           100         
 31           33          
 31           65          
 170          169         
 170          144         
 58           59          
 58           54          
 149          144         
 66           65          
 66           67          
 68           67          
 67           77          
 144          146         
 144          150         
 144          143         
 144          147         
 144          165         
 144          141         
 54           56          
 54           47          
 54           52          
 54           55          
 54           37          
 54           59          
 54           57          
 54           61          
 54           53          
 54           51          
 54           64          
 54           73          
 54           65          
 54           62          
 147          148         
 52           53          
 165          162         
 165          164         
 165          166         
 165          163         
 55           57          
 55           53          
 56           57          
 56           77          
 56           53          
 59           77          
 59           61          
 57           77          
 57           61          
 53           51          
 53           64          
 64           65          
 64           77          
 73           65          
 73           74          
 73           77          
 77           23          
 77           83          
 77           81          
 77           82          
 77           74          
 77           76          
 77           80          
 77           84          
 83           81          
 83           82          
 83           84          
 83           86          
 81           82          
 74           76          
 74           71          
 84           86          
 86           88          
 86           87          
 88           87          
 88           90          
 162          161         
 162          164         
 162          163         
 164          166         
 164          163         
 28           29          
 28           26          
 29           24          
 25           24          
 26           27          
 26           24          
 22           24          
 23           24          
 106          107         
