 0            14          
 0            3           
 0            121         
 0            168         
 0            20          
 0            145         
 0            173         
 0            43          
 0            141         
 0            100         
 0            142         
 0            13          
 0            172         
 0            116         
 0            18          
 0            163         
 0            50          
 0            138         
 0            6           
 0            16          
 0            113         
 0            143         
 0            160         
 0            2           
 0            134         
 0            8           
 0            7           
 0            125         
 0            130         
 0            146         
 0            156         
 0            177         
 0            180         
 0            182         
 0            181         
 0            178         
 0            94          
 0            179         
 0            24          
 0            26          
 0            123         
 0            22          
 0            11          
 0            21          
 0            91          
 0            161         
 0            93          
 0            186         
 0            150         
 0            157         
 0            40          
 0            10          
 0            185         
 0            9           
 0            175         
 0            12          
 0            184         
 0            46          
 0            1           
 0            4           
 0            176         
 0            37          
 0            5           
 0            171         
 0            148         
 0            99          
 0            170         
 0            153         
 0            183         
 0            149         
 15           16          
 110          109         
 110          111         
 104          107         
 104          103         
 103          134         
 103          16          
 13           134         
 13           16          
 101          102         
 172          134         
 172          173         
 172          174         
 172          171         
 172          170         
 6            134         
 97           130         
 97           89          
 97           95          
 113          116         
 127          130         
 127          126         
 127          134         
 174          176         
 174          134         
 8            7           
 167          157         
 167          166         
 58           57          
 58           59          
 58           56          
 58           47          
 58           62          
 130          128         
 130          134         
 130          91          
 130          131         
 130          132         
 130          129         
 130          62          
 177          180         
 177          176         
 180          171         
 180          182         
 180          181         
 180          178         
 180          179         
 182          69          
 159          157         
 139          141         
 178          39          
 178          148         
 94           95          
 87           91          
 87           86          
 87           134         
 30           39          
 30           134         
 38           39          
 11           10          
 11           12          
 132          91          
 132          39          
 132          116         
 132          134         
 17           16          
 32           39          
 32           33          
 10           9           
 175          176         
 12           91          
 12           134         
 4            134         
 176          134         
 37           39          
 37           47          
 37           33          
 42           39          
 42           47          
 42           62          
 45           39          
 45           47          
 102          107         
 102          134         
 170          95          
 108          107         
 108          134         
 76           60          
 76           134         
 76           69          
 76           75          
 76           77          
 76           62          
 20           19          
 20           134         
 173          134         
 43           44          
 43           134         
 141          143         
 141          144         
 141          134         
 141          142         
 141          140         
 141          138         
 142          143         
 183          47          
 183          134         
 140          143         
 140          134         
 18           134         
 18           16          
 50           49          
 50           134         
 138          157         
 138          134         
 138          137         
 16           134         
 16           19          
 16           100         
 16           116         
 16           14          
 16           157         
 16           153         
 143          144         
 143          134         
 144          134         
 105          107         
 105          116         
 105          134         
 68           69          
 68           134         
 156          157         
 156          153         
 156          116         
 156          134         
 155          157         
 155          153         
 107          100         
 107          157         
 107          134         
 107          106         
 107          116         
 107          109         
 107          111         
 107          112         
 112          157         
 112          153         
 112          116         
 112          134         
 99           100         
 77           134         
 67           69          
 71           69          
 71           134         
 78           69          
 78           134         
 66           69          
 66           134         
 66           62          
 134          92          
 134          147         
 134          91          
 134          161         
 134          89          
 134          98          
 134          118         
 134          153         
 134          157         
 134          116         
 134          129         
 134          62          
 134          100         
 134          121         
 134          124         
 134          145         
 134          119         
 134          123         
 134          125         
 134          122         
 134          160         
 134          149         
 134          148         
 134          47          
 134          146         
 134          44          
 134          69          
 134          70          
 134          168         
 134          163         
 134          135         
 134          136         
 134          29          
 134          28          
 134          133         
 134          41          
 134          25          
 134          137         
 134          152         
 134          22          
 134          96          
 134          31          
 134          24          
 134          21          
 134          1           
 134          40          
 134          126         
 134          150         
 134          111         
 134          120         
 91           49          
 91           86          
 91           83          
 91           90          
 91           93          
 91           89          
 91           95          
 91           92          
 91           39          
 91           62          
 161          157         
 93           95          
 93           62          
 89           86          
 89           88          
 89           90          
 89           34          
 89           95          
 89           26          
 89           85          
 89           39          
 89           62          
 95           96          
 95           98          
 95           39          
 95           62          
 98           39          
 98           62          
 118          116         
 39           29          
 39           28          
 39           41          
 39           25          
 39           26          
 39           27          
 39           47          
 39           46          
 39           44          
 39           31          
 39           21          
 39           40          
 39           33          
 39           61          
 39           35          
 39           62          
 46           47          
 46           62          
 157          168         
 157          163         
 157          123         
 157          160         
 157          164         
 157          149         
 157          152         
 157          154         
 157          146         
 157          150         
 157          158         
 157          153         
 33           47          
 33           35          
 33           34          
 33           31          
 33           62          
 35           34          
 35           36          
 35           62          
 116          119         
 116          145         
 116          115         
 116          121         
 116          117         
 116          111         
 116          137         
 116          24          
 116          114         
 116          120         
 62           86          
 62           83          
 62           90          
 62           79          
 62           59          
 62           63          
 62           64          
 62           65          
 62           47          
 62           54          
 62           57          
 62           55          
 62           52          
 62           49          
 62           60          
 62           61          
 62           69          
 62           82          
 62           81          
 62           80          
 62           70          
 62           85          
 62           84          
 124          123         
 145          148         
 106          148         
 164          166         
 123          125         
 123          122         
 79           80          
 79           69          
 153          88          
 153          154         
 153          151         
 153          23          
 153          152         
 153          168         
 153          150         
 59           47          
 149          148         
 63           61          
 64           65          
 65           69          
 148          152         
 148          146         
 148          150         
 148          166         
 148          147         
 47           49          
 47           60          
 47           72          
 47           61          
 47           44          
 47           51          
 47           48          
 47           57          
 47           55          
 47           52          
 51           52          
 166          168         
 166          163         
 166          165         
 53           55          
 53           52          
 54           55          
 54           52          
 57           56          
 57           69          
 55           69          
 55           56          
 52           49          
 52           60          
 52           69          
 60           61          
 60           69          
 72           61          
 72           74          
 72           69          
 69           81          
 69           80          
 69           74          
 69           73          
 69           70          
 69           85          
 82           80          
 82           85          
 82           81          
 82           84          
 81           80          
 74           73          
 74           75          
 85           84          
 84           86          
 84           83          
 168          169         
 168          163         
 163          162         
 29           28          
 28           24          
 25           24          
 26           24          
 26           27          
 22           24          
 23           24          
 109          111         
