0       66.1253028136     0.0              
1       2.59534593253     0.013130216416   
2       1.00005322797     0.05041388911    
3       1.00092963539     0.069362821221   
4       2.54425564127     0.105190036082   
5       1.00074684215     0.141508604165   
6       2.52776042503     0.178129773927   
7       1.08120451811     0.220241965737   
8       1.08323153179     0.220876006136   
9       1.00013011781     0.281127820369   
10      1.41846657292     0.284741064178   
11      1.83692176313     0.296151169809   
12      3.71944778943     0.324111115527   
13      3.25969917504     0.442976275744   
14      1.62073609099     0.506027530013   
15      1.00026582022     0.533732436445   
16      11.4860628517     0.53571919623    
17      1.00222023453     0.551966434638   
18      3.06219070993     0.591504639643   
19      1.56779337218     0.664615901707   
20      2.45934373595     0.671604202855   
21      3.9248568036      0.813405671512   
22      3.30481414928     0.936664548185   
23      1.97398888817     1.00318972965    
24      6.68395083202     1.02869553081    
25      2.8848964213      1.05891150687    
26      4.10674988871     1.153207508      
27      2.03507397971     1.16763688929    
28      3.42524563936     1.26015810162    
29      2.74278603688     1.27320854803    
30      2.30099950194     1.34376117808    
31      2.40365147311     1.40004546485    
32      1.1950369874      1.42954313643    
33      4.09425369448     1.43850733666    
34      1.37022024617     1.45142745463    
35      2.29398275938     1.46152978172    
36      1.00032080235     1.46662682237    
37      3.30684284016     1.5164662177     
38      1.0007155095      1.56245380824    
39      19.891752066      1.56816204436    
40      2.76696395617     1.60038987217    
41      1.8620879838      1.6460141909     
42      2.5069160187      1.69377919179    
43      1.93279494379     1.74521585959    
44      2.51126556688     1.74910923466    
45      1.71344507595     1.79734386737    
46      3.12552829461     1.85143728803    
47      13.0467483796     1.88128287663    
48      1.00026164452     1.89532127259    
49      2.49774851499     1.94856081722    
50      1.48660877861     1.94938211114    
51      1.02018107745     1.97663798364    
52      3.07064587677     1.98399779576    
53      1.00014333932     1.99539029956    
54      1.27612272772     2.00658131858    
55      2.43915769411     2.01306328623    
56      1.05569346169     2.04158124742    
57      1.83485882501     2.04340659467    
58      1.87853252767     2.04881784672    
59      1.54978819832     2.06360076265    
60      3.39869310938     2.10852100816    
61      3.12838165665     2.13053827635    
62      19.6795431311     2.13660379218    
63      1.00023902626     2.13848531549    
64      1.00013777234     2.17557461904    
65      1.35545087072     2.17650564351    
66      1.91158589967     2.20786311699    
67      1.00014647073     2.2290017917     
68      1.00027208386     2.23920748273    
69      8.73131503965     2.25101681285    
70      1.48131309904     2.25204895422    
71      1.00041546218     2.2637867535     
72      1.71269060029     2.27849027394    
73      1.00022649945     2.28941089888    
74      1.23882002875     2.29185830231    
75      1.00360257162     2.29855486249    
76      2.20199822893     2.3080830703     
77      1.012241989       2.31232735845    
78      1.3558191954      2.33000858427    
79      1.59529594144     2.34733515193    
80      2.02244625298     2.36073651143    
81      1.68351612351     2.36838357045    
82      1.97128848126     2.37713991927    
83      1.37697040708     2.39353583697    
84      2.08202643596     2.39909164874    
85      2.33131980232     2.41123541364    
86      2.60039254029     2.45174396635    
87      1.74773723787     2.45532387904    
88      1.34311801427     2.49073614011    
89      6.79282913742     2.51784932544    
90      2.05650525501     2.53310412022    
91      9.95269727014     2.56356202782    
92      1.58875892861     2.59565877817    
93      2.9431290259      2.6446618993     
94      1.51352678029     2.69006076479    
95      6.26971735057     2.70591439631    
96      1.55920219253     2.71304426112    
97      2.69134630078     2.75203493685    
98      4.54507957215     2.84786828933    
99      2.41570610983     3.03644343878    
100     5.46653735681     3.04976952237    
101     1.00011689653     3.17303401665    
102     3.09121173089     3.1813229807     
103     2.68100812224     3.27612344866    
104     1.75665392625     3.28513991017    
105     2.96909984313     3.36016023351    
106     1.58172421793     3.40435555045    
107     9.34587776887     3.41900971788    
108     1.59693175409     3.43841353559    
109     1.18240554155     3.48972668629    
110     1.0002393742      3.48985156098    
111     2.56641652907     3.49103151559    
112     5.42854785548     3.59018969466    
113     1.42323007286     3.6619726037     
114     1.00009984823     3.68124361186    
115     1.00183504098     3.69710599748    
116     14.7990411399     3.69962956628    
117     1.00666499664     3.71109800138    
118     1.3364370955      3.72774343438    
119     1.41874738213     3.74959531091    
120     1.60371605972     3.77774279102    
121     3.4022704409      3.84022886737    
122     1.35541739163     3.94627891203    
123     4.39969222522     3.96516764213    
124     1.07387115314     3.96821121394    
125     2.91334879929     4.0058761816     
126     1.00027208386     4.15631270563    
127     1.64768212126     4.15913695675    
128     1.00187756187     4.18636062165    
129     1.00108251104     4.20122368208    
130     7.5499086517      4.20716635961    
131     1.00043738833     4.21560063239    
132     5.8950396785      4.28102551221    
133     1.00116400778     4.37019601015    
134     104.872450176     4.37219297525    
135     1.00005740285     4.39600085518    
136     1.00090108263     4.42049530011    
137     3.04523468105     4.48355001857    
138     4.66824435426     4.51680951962    
139     1.00060480872     4.59612907831    
140     1.10411816976     4.61142066841    
141     4.24965658565     4.61223718736    
142     1.00175383808     4.62279875369    
143     3.00570265657     4.62552001539    
144     1.36053180874     4.6353571915     
145     4.37176376773     4.78136381232    
146     3.50809309179     4.90906452961    
147     1.23723551102     4.96346897835    
148     9.75549200734     4.96726161103    
149     2.90316663581     5.01322504586    
150     3.661110719       5.10332151243    
151     1.00564081909     5.1638386649     
152     2.39652261755     5.19070842066    
153     11.0323144851     5.21433400928    
154     1.00411104722     5.2240861723     
155     1.00089411869     5.23932467603    
156     4.02546733182     5.28994772731    
157     18.0974676213     5.30580004806    
158     1.00269975454     5.34060785479    
159     1.00433533328     5.35708092093    
160     2.14137112461     5.39133183571    
161     2.22062248416     5.43433909932    
162     1.00108494888     5.49086681566    
163     3.12132968322     5.49417839406    
164     1.02437437732     5.51911400827    
165     1.00278905775     5.52752936845    
166     2.25426087025     5.52753573507    
167     1.13105200369     5.53768599906    
168     4.88360002038     5.57746463758    
169     1.00283301462     5.58309291645    
170     2.4685892635      5.71347660208    
171     1.86246374247     5.74892275604    
172     3.55461234222     5.7570489968     
173     1.87265487684     5.77501615873    
174     2.07274706258     5.80766699223    
175     1.1978802617      5.83818088863    
176     2.91465449698     5.83903101959    
177     2.36092400067     5.87029299377    
178     3.67200641219     5.95278996373    
179     1.00680543852     5.99580321945    
180     4.99430541088     5.99596144867    
181     1.0848527838      6.01125500493    
182     2.74279748704     6.04893940014    
183     4.09948718974     6.16600805014    
184     1.00071864275     6.2184813534     
185     1.00259650755     6.23771434909    
186     1.00110445181     6.25830549452    
