0       73.7963306263     0.0              
1       4.16873160549     0.044798156221   
2       1.00056652216     0.107270797132   
3       2.73829024845     0.163173461245   
4       2.68418206386     0.251367993873   
5       1.22625461261     0.253462986189   
6       1.0558497125      0.324837284655   
7       1.82626740272     0.327059983868   
8       1.26129642761     0.357304422459   
9       4.63494910148     0.362146423827   
10      1.53952982028     0.38082795792    
11      1.24336248787     0.467100894985   
12      1.72568702404     0.471396865107   
13      2.05011713645     0.48675502383    
14      3.58862450379     0.512236482035   
15      3.30849206697     0.625528603164   
16      1.00002878036     0.678864021598   
17      1.00001634428     0.694990668743   
18      11.2408201157     0.699446553366   
19      1.70537970658     0.716317345976   
20      3.0868743315      0.763128477471   
21      1.87367730134     0.846011376916   
22      3.85445391301     0.858367112794   
23      4.56804156852     1.03841548622    
24      2.84214903074     1.11879667872    
25      5.85932031678     1.1397634547     
26      1.94638384371     1.16298626101    
27      1.00161048764     1.24104625895    
28      4.40680254678     1.24206342004    
29      1.00129238081     1.37656949179    
30      3.29517309503     1.38371321335    
31      1.6450279472      1.39279351076    
32      1.00161902881     1.43574984141    
33      4.25690483546     1.44488219529    
34      2.19234960533     1.45503133576    
35      2.58504480022     1.4937722153     
36      1.4251762967      1.4956050527     
37      1.96885711504     1.53989799894    
38      1.86980142091     1.57212283069    
39      3.43159558262     1.61636521848    
40      19.1932295875     1.65558359448    
41      1.7038050007      1.65773775891    
42      1.00037598707     1.65835944058    
43      1.62802643929     1.68299638543    
44      1.00033760002     1.70006304522    
45      1.78069286809     1.72104555049    
46      3.11957832797     1.77199947873    
47      1.60337282905     1.81182081105    
48      2.01132798014     1.83990696564    
49      3.94058913968     1.88445120609    
50      10.6640928948     1.90450792999    
51      1.7226435754      1.92438226897    
52      1.00051533004     1.95064682137    
53      2.58938370278     1.95729918971    
54      1.00012507637     1.96492078225    
55      1.45606150845     1.97489764948    
56      2.13740024717     1.97741957981    
57      1.00235491076     1.9946090779     
58      1.34022254516     1.99672579162    
59      1.83537381939     1.99976491616    
60      2.61804554179     2.03388475348    
61      1.0009807768      2.07893982152    
62      1.70135438496     2.07991616134    
63      1.35343347782     2.09048662221    
64      23.248996899      2.10119153111    
65      2.6829329909      2.10789520692    
66      3.54575343598     2.12804555757    
67      2.57336330186     2.17868677245    
68      1.78008684911     2.20773878066    
69      1.06325291767     2.2279576661     
70      8.62556770629     2.23306294591    
71      1.80901693465     2.24632873387    
72      1.00010944099     2.25711715783    
73      1.30848146439     2.2579466909     
74      1.00049577821     2.26777562786    
75      2.48081667276     2.27625933557    
76      1.08137140025     2.28370828036    
77      1.47388641762     2.30193740996    
78      1.80189507884     2.32534335022    
79      2.1214707273      2.33480789184    
80      1.80615314094     2.35103827743    
81      2.20696937042     2.37352517744    
82      2.68403233514     2.38373723508    
83      2.83478171668     2.39979047885    
84      2.27410994958     2.4219545538     
85      2.18609880713     2.46181446034    
86      2.4102531521      2.51594233565    
87      2.98527908425     2.51968253734    
88      1.80983085068     2.58288621597    
89      1.00048724662     2.61061097127    
90      9.17701758868     2.62578449803    
91      3.39401510119     2.65270893182    
92      3.44714108667     2.66181581923    
93      7.39944395955     2.68199088735    
94      3.56333126545     2.80573849569    
95      1.76143412932     2.85968848016    
96      5.80477069748     2.85989932762    
97      2.9145587647      2.90006333386    
98      4.48021903344     2.99473496555    
99      2.90630560762     3.08313697507    
100     2.1415819927      3.17990359907    
101     4.67214977831     3.19064109007    
102     3.03028723223     3.28578309088    
103     2.69831597347     3.34417469945    
104     10.4621375014     3.37703748637    
105     1.64984477371     3.38441247773    
106     2.80433192092     3.43109143165    
107     3.08993809616     3.45110452548    
108     1.00008207962     3.45472172502    
109     1.51920758832     3.53056414981    
110     3.22570623519     3.53959468459    
111     2.07090542764     3.63417781558    
112     1.0007933631      3.6669119769     
113     1.00232962477     3.68364396784    
114     1.00123723835     3.70150846804    
115     20.0689003583     3.71082437718    
116     1.76370994634     3.72817814342    
117     6.54190184116     3.81876755486    
118     3.66177635984     3.96453996836    
119     1.56730614472     4.08180368971    
120     1.18961240323     4.10044636869    
121     4.11642562376     4.10131447599    
122     1.4724940752      4.11830567261    
123     4.09451005206     4.20322120895    
124     1.00060242929     4.24664370722    
125     1.04406973238     4.2593287284     
126     5.9345464561      4.26266521152    
127     1.00090573598     4.27164944787    
128     2.74263883803     4.36504990908    
129     1.27213732481     4.37145997137    
130     1.07217064779     4.44227166666    
131     1.00139662618     4.47260888936    
132     1.00058465334     4.53424797125    
133     4.88950279599     4.55140395097    
134     1.00534385533     4.55177490018    
135     3.17328464613     4.55951184088    
136     1.00119312656     4.56151723239    
137     2.8498453226      4.58579717842    
138     111.631351618     4.6839364643     
139     4.71301037513     4.68603201838    
140     1.00084136895     4.68799677588    
141     1.00241901897     4.75258669227    
142     1.00149518893     4.77480226193    
143     1.0003905603      4.80219511039    
144     2.56294818286     4.87244560689    
145     3.85568256849     4.8792294272     
146     3.07359012778     5.0323644148     
147     1.0007688277      5.16221798573    
148     5.46834799557     5.21641495758    
149     23.9152109584     5.22943300914    
150     1.00359399296     5.28196904232    
151     1.3924895202      5.30120746837    
152     14.3328033002     5.31882221919    
153     1.59130793761     5.33343005308    
154     1.00132013106     5.36352618689    
155     2.86165101007     5.46765955139    
156     2.50949982644     5.51287565745    
157     1.00099607015     5.5505111795     
158     3.14138462057     5.55325875031    
159     1.1451324987      5.58638558224    
160     1.0564204735      5.59880985291    
161     5.74773221406     5.59969668555    
162     1.06023833687     5.61016509326    
163     2.30393356516     5.62917581903    
164     2.60426361823     5.6619556702     
165     1.00378478433     5.71244109015    
166     2.93381009652     5.71616518804    
167     1.02344271506     5.7307393163     
168     1.61172683229     5.73816878673    
169     1.0062776712      5.7408448267     
170     1.25323410599     5.77367317653    
171     5.00290645182     5.77791409412    
172     1.00076171606     5.78973110163    
173     2.12462234461     5.86445012237    
174     2.10553423925     5.91066560044    
175     2.16340458552     5.95486960125    
176     2.201082742       6.0058053659     
177     1.00116360116     6.08131253668    
178     3.75940650576     6.08680674204    
179     2.14223953049     6.11534661189    
180     1.0003262264      6.15360830969    
181     4.97934878141     6.16663759646    
182     1.00249346082     6.16956343262    
183     2.63322395114     6.20136020284    
184     1.00525991514     6.252269752      
185     1.00148593716     6.27451303518    
