 0            19          
 0            23          
 0            122         
 0            177         
 0            103         
 0            115         
 0            181         
 0            89          
 0            146         
 0            102         
 0            147         
 0            21          
 0            16          
 0            117         
 0            18          
 0            174         
 0            154         
 0            152         
 0            185         
 0            20          
 0            170         
 0            144         
 0            140         
 0            26          
 0            136         
 0            151         
 0            150         
 0            139         
 0            131         
 0            167         
 0            153         
 0            7           
 0            4           
 0            2           
 0            1           
 0            3           
 0            148         
 0            6           
 0            171         
 0            5           
 0            169         
 0            30          
 0            125         
 0            180         
 0            13          
 0            179         
 0            90          
 0            165         
 0            93          
 0            80          
 0            164         
 0            161         
 0            41          
 0            12          
 0            183         
 0            11          
 0            8           
 0            14          
 0            22          
 0            45          
 0            182         
 0            184         
 0            9           
 0            39          
 0            15          
 0            96          
 0            98          
 0            157         
 0            46          
 0            166         
 0            62          
 112          113         
 112          111         
 109          107         
 109          110         
 110          136         
 110          20          
 21           136         
 21           20          
 17           16          
 16           136         
 16           15          
 185          136         
 129          131         
 129          117         
 129          136         
 170          169         
 170          117         
 133          131         
 133          134         
 133          136         
 10           9           
 10           136         
 151          150         
 150          136         
 162          161         
 61           60          
 61           63          
 61           59          
 61           51          
 61           62          
 131          136         
 131          130         
 131          132         
 131          128         
 131          62          
 7            4           
 7            9           
 4            15          
 4            2           
 4            1           
 4            3           
 4            6           
 4            5           
 1            161         
 148          146         
 6            169         
 171          169         
 171          136         
 91           90          
 43           40          
 43           136         
 85           86          
 13           12          
 13           14          
 128          40          
 128          117         
 128          136         
 38           40          
 38           20          
 38           37          
 80           81          
 36           40          
 36           37          
 12           11          
 8            9           
 14           90          
 14           136         
 22           23          
 184          136         
 9            136         
 39           40          
 39           136         
 39           37          
 47           40          
 47           51          
 47           62          
 48           51          
 48           136         
 48           62          
 108          107         
 108          136         
 98           107         
 98           95          
 105          99          
 105          107         
 105          157         
 105          117         
 105          136         
 99           57          
 99           136         
 99           73          
 99           100         
 99           62          
 23           136         
 103          104         
 103          117         
 103          136         
 181          136         
 180          136         
 146          144         
 146          145         
 146          136         
 146          147         
 146          143         
 147          144         
 147          136         
 46           40          
 46           51          
 46           136         
 143          144         
 143          136         
 18           136         
 18           20          
 154          155         
 154          136         
 152          161         
 152          136         
 20           161         
 20           136         
 20           104         
 20           102         
 20           117         
 20           19          
 20           157         
 144          145         
 144          136         
 145          136         
 114          107         
 114          117         
 114          136         
 74           73          
 74           136         
 153          161         
 153          157         
 153          117         
 153          136         
 158          161         
 158          157         
 158          117         
 107          102         
 107          161         
 107          136         
 107          104         
 107          106         
 107          117         
 107          113         
 107          111         
 107          160         
 160          161         
 160          157         
 160          136         
 101          102         
 101          73          
 127          136         
 76           77          
 76           73          
 76           136         
 75           73          
 75           136         
 78           77          
 78           73          
 78           136         
 77           136         
 77           73          
 136          132         
 136          137         
 136          92          
 136          121         
 136          90          
 136          165         
 136          86          
 136          135         
 136          157         
 136          45          
 136          161         
 136          117         
 136          130         
 136          62          
 136          102         
 136          122         
 136          126         
 136          119         
 136          125         
 136          139         
 136          123         
 136          140         
 136          166         
 136          169         
 136          167         
 136          49          
 136          73          
 136          81          
 136          72          
 136          177         
 136          174         
 136          138         
 136          176         
 136          29          
 136          116         
 136          142         
 136          24          
 136          87          
 136          156         
 136          141         
 136          25          
 136          149         
 136          42          
 136          26          
 136          94          
 136          41          
 136          134         
 136          164         
 136          113         
 136          111         
 136          120         
 90           45          
 90           84          
 90           88          
 90           83          
 90           89          
 90           93          
 90           86          
 90           95          
 90           92          
 90           40          
 90           62          
 165          161         
 93           95          
 93           62          
 86           88          
 86           94          
 86           84          
 86           83          
 86           89          
 86           35          
 86           95          
 86           87          
 86           71          
 86           26          
 86           40          
 86           62          
 95           94          
 95           97          
 95           96          
 95           40          
 95           62          
 97           40          
 97           62          
 40           44          
 40           29          
 40           28          
 40           24          
 40           30          
 40           31          
 40           51          
 40           179         
 40           42          
 40           45          
 40           41          
 40           37          
 40           34          
 40           62          
 45           51          
 45           117         
 45           62          
 161          177         
 161          174         
 161          44          
 161          125         
 161          140         
 161          166         
 161          156         
 161          159         
 161          167         
 161          164         
 161          163         
 161          157         
 161          179         
 37           51          
 37           34          
 37           35          
 37           62          
 34           35          
 34           33          
 34           32          
 34           62          
 117          122         
 117          115         
 117          32          
 117          119         
 117          116         
 117          121         
 117          26          
 117          113         
 117          111         
 117          118         
 117          120         
 62           88          
 62           84          
 62           89          
 62           67          
 62           63          
 62           64          
 62           66          
 62           65          
 62           51          
 62           56          
 62           60          
 62           52          
 62           59          
 62           55          
 62           57          
 62           58          
 62           73          
 62           70          
 62           69          
 62           68          
 62           71          
 62           83          
 126          125         
 106          169         
 125          124         
 125          123         
 67           68          
 67           73          
 67           66          
 67           65          
 157          155         
 157          159         
 157          27          
 157          156         
 157          177         
 157          164         
 139          140         
 63           51          
 63           65          
 63           64          
 166          169         
 64           58          
 64           65          
 66           65          
 65           73          
 169          156         
 169          167         
 169          164         
 169          173         
 169          168         
 169          172         
 51           57          
 51           50          
 51           79          
 51           58          
 51           49          
 51           54          
 51           53          
 51           60          
 51           52          
 51           55          
 54           55          
 173          174         
 173          175         
 173          177         
 173          172         
 53           52          
 53           55          
 56           52          
 56           57          
 56           55          
 60           59          
 52           73          
 55           155         
 55           57          
 55           73          
 57           58          
 57           73          
 79           58          
 79           81          
 79           73          
 73           69          
 73           68          
 73           81          
 73           82          
 73           72          
 73           71          
 70           68          
 70           71          
 70           69          
 70           83          
 69           68          
 81           82          
 71           83          
 83           88          
 83           84          
 88           89          
 177          179         
 177          176         
 177          178         
 177          174         
 174          175         
 174          172         
 29           28          
 29           30          
 28           26          
 24           26          
 30           26          
 30           31          
 25           26          
 27           26          
 113          111         
