0       64.1168608116     0.0              
1       2.77384230509     0.041999277945   
2       1.00192726399     0.076047771676   
3       1.00103304898     0.088513987127   
4       4.87088438378     0.093825433055   
5       1.00059279488     0.102666794979   
6       2.48257191314     0.130557644151   
7       2.66598012673     0.198308212611   
8       1.00002689061     0.233749310727   
9       3.23782759433     0.23797824409    
10      1.21655597094     0.250137738285   
11      1.00061038751     0.333445703207   
12      1.4548540833      0.336674328298   
13      1.81351924788     0.349218815718   
14      3.50514738782     0.375238815029   
15      2.49975769877     0.459501398367   
16      2.66796057603     0.481830630915   
17      1.00026273136     0.488856382766   
18      3.20143582976     0.578942550393   
19      1.83407973427     0.65307172256    
20      11.5090610831     0.670836463447   
21      3.3742761629      0.732746220294   
22      1.91032411867     0.869826278845   
23      2.70505004832     0.870855049652   
24      2.89239238255     0.982373505495   
25      1.71106338729     1.02813751534    
26      5.53804298915     1.03965922406    
27      1.70451879478     1.05745205298    
28      2.05444799101     1.09790180809    
29      2.43498854081     1.11677696231    
30      2.9023349852      1.1403499327     
31      1.66877799107     1.15542646214    
32      1.63587362784     1.20205034012    
33      1.00180257839     1.21899528513    
34      2.92358042241     1.22388747043    
35      1.84317434234     1.24319555479    
36      1.24710511188     1.27406729265    
37      4.30901280945     1.28042042988    
38      1.98121006406     1.29927273917    
39      3.24503976147     1.34951622758    
40      18.0475672293     1.4157777561     
41      2.84708585221     1.42049579564    
42      1.95701633708     1.47017415294    
43      1.95369840487     1.51048421693    
44      1.97623168432     1.54709078092    
45      5.97846931057     1.63125711595    
46      3.08864983551     1.71748361415    
47      2.30350052988     1.77389223726    
48      2.09203095743     1.81308851734    
49      1.31070657024     1.83814191402    
50      1.00025031727     1.8541854206     
51      9.07772774552     1.85798217285    
52      2.09257987815     1.87745391677    
53      1.0707501076      1.88322507008    
54      1.000285146       1.8976611925     
55      3.10253615145     1.90523335011    
56      1.57030367873     1.91812051146    
57      3.2704192397      1.93463664591    
58      2.76435608407     1.96931337518    
59      1.00013687372     2.01101735433    
60      1.49411620207     2.0112233332     
61      1.94271983475     2.01478564405    
62      19.4656736115     2.03846347641    
63      2.27947422998     2.04228232457    
64      1.88355393027     2.05062072356    
65      2.47059321842     2.07373567185    
66      1.08855606867     2.08413123794    
67      2.11283927573     2.09161950597    
68      2.07203323008     2.12198041625    
69      1.56550324249     2.13045813185    
70      2.09636203539     2.13594054024    
71      3.09081640069     2.174027156      
72      1.31000772691     2.21264781879    
73      9.49937813571     2.22829247539    
74      1.29524049949     2.23095859092    
75      1.32380279838     2.24765261621    
76      1.50086570531     2.27011629678    
77      1.85694825399     2.27850899929    
78      1.58168724714     2.28789451993    
79      2.40011623539     2.32159191332    
80      1.21015640956     2.34674642689    
81      2.39584387561     2.34748570376    
82      1.50746223621     2.36258844869    
83      4.06779186472     2.44505714336    
84      2.50392271342     2.44686413977    
85      1.00177115039     2.48643267985    
86      7.68500494145     2.49777013112    
87      1.13443665987     2.49997859906    
88      2.68583799173     2.53269141348    
89      2.72374590688     2.53922618661    
90      7.59406949419     2.56579596224    
91      1.00159330732     2.57726711252    
92      1.47597955351     2.5978664971     
93      2.5784788114      2.63226983624    
94      2.06991633503     2.66731208437    
95      5.04479103576     2.69060042942    
96      1.57137213884     2.69895006362    
97      2.64504050974     2.7366539332     
98      3.31112507545     2.80635867933    
99      5.44485641387     2.9242036824     
100     1.00345479806     2.92502834688    
101     2.12844712428     3.05504258133    
102     4.62563282199     3.07038164019    
103     3.41289502792     3.18737239273    
104     2.59071799369     3.19876264949    
105     5.04024340744     3.31115088035    
106     1.53515166305     3.38509320277    
107     10.8232136051     3.3909673338     
108     1.54592648363     3.41896144159    
109     1.05127142027     3.45831128126    
110     1.60329302299     3.46123936446    
111     2.65340276803     3.51448974639    
112     1.00052139258     3.51449845368    
113     2.66380277944     3.51552163029    
114     2.80109423395     3.59583405393    
115     1.56809433375     3.65561403612    
116     1.51578043093     3.68958140227    
117     18.6107818421     3.71092034461    
118     1.00120423456     3.71416638427    
119     1.47141876876     3.74117367774    
120     1.4021711701      3.7713560886     
121     1.46440432099     3.79648293547    
122     3.43950074208     3.85743250311    
123     1.10978602037     3.95587949333    
124     1.00070456519     3.96861394944    
125     3.93221862848     3.97069695753    
126     1.12285297422     3.98386111364    
127     1.00086085758     4.04033677351    
128     4.27140858266     4.10578702617    
129     2.54710475578     4.18372605834    
130     1.00189272349     4.21394737112    
131     5.38496910533     4.21889573248    
132     1.00087396934     4.23021324125    
133     1.91622484794     4.27029438782    
134     1.00100026478     4.27467200047    
135     1.00153840679     4.30274944777    
136     99.4537263479     4.3152530203     
137     1.00001310049     4.32043956813    
138     1.00053760426     4.33973754079    
139     2.97970680827     4.39753071639    
140     3.90580808784     4.39994329066    
141     1.00005895339     4.45769761115    
142     1.00080599719     4.47915517859    
143     1.44447098762     4.52811438877    
144     3.41570351132     4.54341777584    
145     1.00059072516     4.54669733389    
146     4.44514220349     4.55488855161    
147     2.73136433464     4.57380321633    
148     1.98622289677     4.62066340824    
149     1.2269006722      4.67492526344    
150     2.90790850095     4.75628242125    
151     1.41573268157     4.75905499041    
152     3.69968032447     4.86865428499    
153     5.84546855714     5.02642117551    
154     1.79558388263     5.14161242178    
155     1.77854926308     5.14709876249    
156     3.04726393825     5.24167807819    
157     12.5704964394     5.28554034135    
158     1.64474672846     5.29856700656    
159     1.0015076776      5.32372264366    
160     2.75863352        5.36180176928    
161     21.2401393291     5.40261273642    
162     1.00036066988     5.41428069014    
163     1.00168930412     5.43316689232    
164     4.02086828063     5.48162566749    
165     2.13401861714     5.55167627086    
166     2.76560861246     5.61668713316    
167     2.71407262564     5.67825159452    
168     1.00017307773     5.71841485176    
169     9.12425729242     5.73152690458    
170     1.9534323783      5.74677757979    
171     1.99246041145     5.7856104008     
172     1.07530013709     5.83888215304    
173     1.73746226077     5.84374269251    
174     2.86817503557     5.84559575328    
175     1.00130813356     5.8488339283     
176     1.19192305323     5.89696407355    
177     5.52417081018     5.90785323991    
178     1.00230279602     5.91675096514    
179     3.61638738032     5.97535026711    
180     2.24436494186     6.06267950125    
181     2.38302554437     6.1220853041     
182     1.00132919084     6.15888267942    
183     1.00063487975     6.17578081105    
184     2.31510241457     6.20647278554    
185     2.24944019613     6.25884047781    
