0       56.8962295533     0.0              
1       4.89803943521     0.006223557796   
2       1.00216272217     0.01573098047    
3       1.00148760093     0.029083654056   
4       2.45636659543     0.058942537662   
5       1.0015213295      0.096210106554   
6       1.59616767694     0.100213586687   
7       1.95836719918     0.11464671305    
8       4.00951631156     0.157084351468   
9       1.80789721863     0.168314693725   
10      1.91789923136     0.209482004303   
11      1.00068879996     0.240666830042   
12      1.21000143826     0.244275954274   
13      3.43004223475     0.270456991608   
14      2.53300540974     0.282379422853   
15      2.33479169071     0.331069830616   
16      1.99676666449     0.398011463895   
17      2.63235091752     0.476865791237   
18      3.51453896334     0.569313600185   
19      9.70997923778     0.599017999641   
20      1.0040582292      0.623065844942   
21      2.38916042154     0.665570894625   
22      1.41209493637     0.754353403287   
23      3.67791801533     0.762318793272   
24      1.51330365998     0.782899452504   
25      1.60619973582     0.856256391178   
26      2.21859103007     0.858468229687   
27      1.89293411806     0.944481633382   
28      2.28055653338     0.994184708149   
29      6.10257193203     1.01211423213    
30      2.21335368249     1.05095360702    
31      1.74315714797     1.11242631416    
32      2.45390491057     1.1158223439     
33      1.91898223242     1.14233893953    
34      1.80431752573     1.158296684      
35      1.13834850411     1.16481085925    
36      1.75282440449     1.1963372354     
37      1.0006857969      1.21697556872    
38      3.21769072339     1.22666069498    
39      1.46493462822     1.23481708354    
40      1.54603911381     1.25832563873    
41      1.58330197339     1.29326714447    
42      4.31124245397     1.30055018264    
43      1.67738734907     1.32433812007    
44      1.31014706045     1.36070687209    
45      16.1938464934     1.37822705989    
46      3.3488798761      1.40326248022    
47      2.23509737283     1.46821211062    
48      2.22275988624     1.52420840149    
49      3.34641518596     1.59011040326    
50      2.54526163748     1.65707600499    
51      1.35222799235     1.69369717475    
52      1.85959144595     1.72185411116    
53      11.8661522382     1.75854681177    
54      2.38170902601     1.76304688822    
55      1.19391053727     1.79690269808    
56      1.46163626014     1.82632471924    
57      3.94684435211     1.85519172098    
58      2.98527621035     1.86964319819    
59      2.05372163823     1.89370078067    
60      1.00013738854     1.89914161878    
61      2.14346963246     1.92980101116    
62      1.8428361919      1.93108894083    
63      1.79632145461     1.95202500723    
64      1.89258447195     1.97559086199    
65      1.89689833965     1.97594177507    
66      2.71598972406     2.00110302977    
67      3.28633941858     2.06976402481    
68      22.1006568252     2.07400194635    
69      2.76465083368     2.09578889272    
70      2.55532929673     2.15017255632    
71      1.13892712499     2.16244552615    
72      2.21591982526     2.17572966495    
73      1.65904549628     2.20050030881    
74      1.6528601137      2.20224963114    
75      1.71404997201     2.21251524329    
76      2.312478302       2.24006622734    
77      1.06444743182     2.27544141222    
78      1.00295567662     2.29940124837    
79      8.47867006062     2.30192168067    
80      2.37874941481     2.30611129079    
81      1.00021709591     2.31587094395    
82      1.98912582794     2.3351471952     
83      3.87231301139     2.34118537202    
84      1.25222460018     2.37280612394    
85      1.54093670436     2.38735871804    
86      2.21172028573     2.3921838666     
87      1.49556119384     2.40687577732    
88      1.60354920503     2.43687416479    
89      1.81787380693     2.47351967751    
90      1.6495208448      2.5345901641     
91      1.357079717       2.56792353666    
92      8.15095254532     2.60399043602    
93      2.32158958816     2.60737972463    
94      2.45992471776     2.6366796565     
95      3.27197631401     2.6620330333     
96      2.67482422523     2.66302210636    
97      7.90368832791     2.70715064401    
98      1.00075987511     2.72646958907    
99      2.62913595457     2.79304383095    
100     2.5921393363      2.86201641584    
101     5.14873635834     2.86464208462    
102     2.1151034668      2.91263178973    
103     2.4368127448      2.95873772449    
104     2.62158640466     3.02377611305    
105     3.96107939112     3.09599717191    
106     1.89881074918     3.17631582173    
107     2.56191994864     3.18148027365    
108     2.28825067808     3.23959440177    
109     1.36565917628     3.27592667447    
110     1.32019255882     3.29919850024    
111     1.00009570313     3.32012189192    
112     1.27257748298     3.34191244292    
113     15.4420011135     3.35245514932    
114     3.03437168509     3.3906978877     
115     1.00061772992     3.45937263417    
116     1.81229661529     3.46026854861    
117     1.81453451139     3.46097262182    
118     1.73760117043     3.51070144395    
119     8.66506005873     3.52041926935    
120     1.15723593923     3.54796463579    
121     1.27357123657     3.59235460275    
122     1.26124253666     3.5959057018     
123     4.03359327173     3.63217614573    
124     1.25223169849     3.7979855981     
125     3.26609009352     3.9030815861     
126     3.73740997461     3.92273566813    
127     1.96870996294     3.96535442751    
128     5.32248188732     4.02284532912    
129     1.00055567283     4.02445692649    
130     2.67329682752     4.07412489122    
131     1.00083495994     4.14065241335    
132     2.98185689807     4.20888188268    
133     1.07188824709     4.26752968331    
134     1.00184765351     4.28842520932    
135     7.67937575949     4.2994019167     
136     105.686299237     4.30304858526    
137     1.00041922755     4.30842407189    
138     1.2682562058      4.34470490839    
139     1.99512345399     4.35443207306    
140     1.64212590201     4.36813116565    
141     1.00075320116     4.42481757934    
142     1.0034527628      4.45018705995    
143     1.00040621783     4.47463197633    
144     1.00010003835     4.4997242281     
145     2.65128842951     4.56187947431    
146     3.19585289405     4.59741242027    
147     1.00194052664     4.59826919872    
148     5.76657950398     4.61101414103    
149     2.52171783832     4.63429743023    
150     1.92985751838     4.73757719959    
151     1.05054608019     4.73882917658    
152     3.70139443594     4.81693205557    
153     3.40712788251     4.97380855564    
154     1.00018207722     5.05925439393    
155     3.82941081975     5.11582517858    
156     18.1036454223     5.15030529167    
157     2.16553964276     5.20750749517    
158     11.4947728475     5.21381512979    
159     2.06226652202     5.25935106485    
160     2.79554026168     5.31595817669    
161     1.37274577657     5.36614436552    
162     1.37008662915     5.36879568803    
163     1.00045292014     5.43058766241    
164     3.24478058183     5.43278058832    
165     2.41766847866     5.45585396633    
166     1.66583493957     5.50677943204    
167     9.25674870312     5.50876001246    
168     1.1590614037      5.5323625689     
169     2.51668531673     5.57154405596    
170     2.79132077574     5.63833813347    
171     2.04917821528     5.71199598854    
172     1.14486733813     5.75069061647    
173     1.00192382223     5.76710956635    
174     3.49197987204     5.76717173451    
175     1.00048828187     5.78670152703    
176     3.08595343946     5.80103821783    
177     1.11901983587     5.85366226016    
178     5.56827938518     5.86072920779    
179     1.20589144359     5.88083124704    
180     4.08033101685     6.01253450818    
181     1.00021175967     6.07531461937    
182     1.00250764048     6.09332915644    
183     1.79421849266     6.12076554133    
184     1.00071582793     6.15213537354    
185     2.43370269605     6.19091520182    
186     1.90631886061     6.23274670061    
187     1.62645232248     6.26215673754    
188     1.0004432459      6.28275256431    
