 0            17          
 0            26          
 0            108         
 0            178         
 0            107         
 0            170         
 0            16          
 0            93          
 0            148         
 0            23          
 0            160         
 0            149         
 0            18          
 0            6           
 0            113         
 0            21          
 0            176         
 0            162         
 0            152         
 0            36          
 0            19          
 0            181         
 0            146         
 0            126         
 0            45          
 0            145         
 0            151         
 0            150         
 0            125         
 0            135         
 0            167         
 0            155         
 0            4           
 0            1           
 0            188         
 0            187         
 0            3           
 0            2           
 0            186         
 0            166         
 0            185         
 0            29          
 0            128         
 0            50          
 0            53          
 0            13          
 0            180         
 0            97          
 0            169         
 0            99          
 0            15          
 0            164         
 0            101         
 0            100         
 0            156         
 0            136         
 0            43          
 0            47          
 0            12          
 0            182         
 0            11          
 0            10          
 0            14          
 0            25          
 0            49          
 0            184         
 0            183         
 0            8           
 0            46          
 0            24          
 0            7           
 0            102         
 0            103         
 0            158         
 0            165         
 0            68          
 20           19          
 115          116         
 115          117         
 115          136         
 122          119         
 122          121         
 122          123         
 121          136         
 121          19          
 18           113         
 18           136         
 18           19          
 5            6           
 5            136         
 6            136         
 6            7           
 36           38          
 36           136         
 132          135         
 132          113         
 132          136         
 139          138         
 139          135         
 139          140         
 139          136         
 9            136         
 9            8           
 9            42          
 151          150         
 150          136         
 172          128         
 172          174         
 65           64          
 65           66          
 65           63          
 65           53          
 65           68          
 135          113         
 135          136         
 135          138         
 135          133         
 135          140         
 135          105         
 135          137         
 135          102         
 135          134         
 135          68          
 4            1           
 4            8           
 4            136         
 1            148         
 1            7           
 1            188         
 1            187         
 1            3           
 1            2           
 1            186         
 1            185         
 187          156         
 186          167         
 166          167         
 166          136         
 98           97          
 185          68          
 44           45          
 44           136         
 22           23          
 22           45          
 13           136         
 13           15          
 13           12          
 13           10          
 13           14          
 105          97          
 105          45          
 105          113         
 105          136         
 41           45          
 41           19          
 41           42          
 15           80          
 43           45          
 43           42          
 12           11          
 10           8           
 14           97          
 14           136         
 25           26          
 183          136         
 8            136         
 8            7           
 8            113         
 46           136         
 46           45          
 46           53          
 46           42          
 52           45          
 52           53          
 52           68          
 55           53          
 55           68          
 120          119         
 120          136         
 143          136         
 103          119         
 103          101         
 114          83          
 114          119         
 114          113         
 114          136         
 83           58          
 83           136         
 83           82          
 83           79          
 83           81          
 83           85          
 83           88          
 83           57          
 83           68          
 26           136         
 107          106         
 107          113         
 107          136         
 16           136         
 50           53          
 50           136         
 50           68          
 148          146         
 148          29          
 148          145         
 148          136         
 148          149         
 148          147         
 148          152         
 149          146         
 149          136         
 48           45          
 48           53          
 48           136         
 147          146         
 147          136         
 21           136         
 21           19          
 162          161         
 162          136         
 152          156         
 152          136         
 19           136         
 19           106         
 19           23          
 19           113         
 19           17          
 19           156         
 19           158         
 146          145         
 146          136         
 145          136         
 118          119         
 118          113         
 118          136         
 77           79          
 77           136         
 155          156         
 155          158         
 155          113         
 155          136         
 17           136         
 153          156         
 153          158         
 153          113         
 153          136         
 119          23          
 119          156         
 119          136         
 119          106         
 119          168         
 119          113         
 119          116         
 119          117         
 119          123         
 123          156         
 123          113         
 123          136         
 24           23          
 88           136         
 85           86          
 85           79          
 85           136         
 87           86          
 87           79          
 87           136         
 84           86          
 84           79          
 84           136         
 86           136         
 86           79          
 86           68          
 136          133         
 136          137         
 136          97          
 136          169         
 136          92          
 136          124         
 136          158         
 136          49          
 136          156         
 136          113         
 136          138         
 136          68          
 136          23          
 136          108         
 136          129         
 136          170         
 136          109         
 136          128         
 136          125         
 136          127         
 136          126         
 136          165         
 136          167         
 136          159         
 136          53          
 136          160         
 136          54          
 136          56          
 136          62          
 136          79          
 136          80          
 136          89          
 136          178         
 136          96          
 136          179         
 136          176         
 136          142         
 136          144         
 136          130         
 136          177         
 136          33          
 136          32          
 136          110         
 136          90          
 136          30          
 136          104         
 136          157         
 136          141         
 136          28          
 136          131         
 136          39          
 136          29          
 136          180         
 136          47          
 136          140         
 136          164         
 136          116         
 136          117         
 136          112         
 97           94          
 97           96          
 97           95          
 97           93          
 97           99          
 97           92          
 97           101         
 97           59          
 97           45          
 97           68          
 169          156         
 169          167         
 99           101         
 99           68          
 92           94          
 92           91          
 92           28          
 92           96          
 92           95          
 92           93          
 92           90          
 92           40          
 92           101         
 92           104         
 92           76          
 92           29          
 92           45          
 92           68          
 101          100         
 101          102         
 101          45          
 101          68          
 100          45          
 100          68          
 45           33          
 45           32          
 45           30          
 45           34          
 45           174         
 45           35          
 45           53          
 45           49          
 45           39          
 45           180         
 45           47          
 45           42          
 45           67          
 45           38          
 45           68          
 49           53          
 49           68          
 156          178         
 156          176         
 156          128         
 156          130         
 156          171         
 156          165         
 156          157         
 156          159         
 156          160         
 156          164         
 156          154         
 156          158         
 156          180         
 42           53          
 42           38          
 42           40          
 42           68          
 38           40          
 38           37          
 38           31          
 38           39          
 38           68          
 113          108         
 113          170         
 113          31          
 113          109         
 113          110         
 113          104         
 113          29          
 113          116         
 113          117         
 113          111         
 113          112         
 68           94          
 68           96          
 68           93          
 68           79          
 68           72          
 68           66          
 68           69          
 68           71          
 68           70          
 68           53          
 68           54          
 68           59          
 68           64          
 68           61          
 68           63          
 68           57          
 68           58          
 68           67          
 68           75          
 68           74          
 68           73          
 68           80          
 68           51          
 68           76          
 68           95          
 129          128         
 170          167         
 168          167         
 171          174         
 171          167         
 128          125         
 128          127         
 128          130         
 72           79          
 72           74          
 72           73          
 72           71          
 72           70          
 158          161         
 158          157         
 158          159         
 158          160         
 158          126         
 158          91          
 158          54          
 158          178         
 158          164         
 125          126         
 127          126         
 66           53          
 66           70          
 66           69          
 66           64          
 165          164         
 165          167         
 69           67          
 69           79          
 69           70          
 71           70          
 70           79          
 167          157         
 167          159         
 167          160         
 167          164         
 167          174         
 167          163         
 53           54          
 53           56          
 53           62          
 53           64          
 53           61          
 53           57          
 53           58          
 53           82          
 53           67          
 53           51          
 164          163         
 56           57          
 174          178         
 174          175         
 174          176         
 174          173         
 62           61          
 62           63          
 62           57          
 59           58          
 59           61          
 59           60          
 59           57          
 64           63          
 61           79          
 61           63          
 57           161         
 57           58          
 57           79          
 58           67          
 58           79          
 82           67          
 82           80          
 82           79          
 79           74          
 79           73          
 79           80          
 79           78          
 79           89          
 79           81          
 79           76          
 75           73          
 75           76          
 75           74          
 75           95          
 74           73          
 80           78          
 80           81          
 76           95          
 95           94          
 95           96          
 94           96          
 94           93          
 178          27          
 178          177         
 178          179         
 178          176         
 31           32          
 176          175         
 33           32          
 33           34          
 32           29          
 30           29          
 34           29          
 34           35          
 28           29          
 27           29          
 116          117         
