0       8.47386       0.000971015  
1       203.745       0.00292835   
2       0.155526      0.00301782   
3       0.182494      0.00305325   
4       1.52468       0.00341651   
5       1.88127       0.00480077   
6       6.6468        0.0539806    
7       17.6762       0.0540606    
8       7.10155       0.05486      
9       0.420489      0.0589164    
10      11.5422       0.058958     
11      0.618536      0.0692889    
12      0.316426      0.0695322    
13      26.5741       0.0695999    
14      2.75739       0.0696876    
15      4.21536       0.0711316    
16      8.1023        0.0711481    
17      3.53528       0.0939574    
18      0.435824      0.094374     
19      0.282684      0.0945299    
20      0.194105      0.0945818    
21      58.5774       0.0946228    
22      0.491992      0.0949541    
23      3.56403       0.0953438    
24      7.64829       0.122713     
25      1.11801       0.122745     
26      6.5238        0.122963     
27      12.2216       0.124399     
28      5.36001       0.143346     
29      38.7858       0.143674     
30      1.41776       0.147113     
31      2.8721        0.147129     
32      2.06821       0.151602     
33      10.0868       0.152066     
34      2.97498       0.152152     
35      6.18148       0.166927     
36      34.2737       0.166989     
37      6.46035       0.167741     
38      0.963121      0.176351     
39      5.42573       0.176709     
40      0.60232       0.179772     
41      17.5661       0.179992     
42      2.62921       0.180051     
43      1.81449       0.187879     
44      119.191       0.188852     
45      0.586305      0.18964      
46      0.823502      0.209072     
47      2.95293       0.209496     
48      20.1847       0.209616     
49      9.75532       0.218568     
50      2.94722       0.218759     
51      25.1286       0.221719     
52      4.61436       0.231683     
53      65.5613       0.232643     
54      4.2502        0.232832     
55      1.60241       0.233419     
56      0.334943      0.24398      
57      15.0795       0.244012     
58      0.577046      0.252632     
59      36.0881       0.253392     
60      40.4586       0.253728     
61      7.17902       0.254172     
62      12.8397       0.254186     
63      3.68073       0.25893      
64      12.3499       0.268746     
65      0.111399      0.268748     
66      10.3024       0.269344     
67      6.39026       0.291651     
68      1.60477       0.293295     
69      28.8193       0.293776     
70      0.345871      0.293851     
71      1.69468       0.294649     
72      25.4906       0.297098     
73      1.53337       0.297277     
74      14.0306       0.297303     
75      9.57447       0.301956     
76      1.0089        0.302845     
77      0.331112      0.314142     
78      68.7104       0.314363     
79      0.80878       0.31438      
80      7.66157       0.314973     
81      23.6602       0.315074     
82      2.17335       0.320711     
83      17.6474       0.320833     
84      0.436785      0.321733     
85      17.917        0.321841     
86      1.60468       0.328937     
87      18.7021       0.329241     
88      1.22063       0.329294     
89      1.67798       0.32978      
90      1.81089       0.330015     
91      0.293995      0.339988     
92      23.3583       0.340026     
93      13.5759       0.341089     
94      13.8114       0.366156     
95      1.55813       0.368039     
96      22.362        0.368833     
97      16.9752       0.369276     
98      0.556066      0.369705     
99      15.4109       0.37029      
100     1.59852       0.370899     
101     0.427187      0.378496     
102     43.3054       0.378679     
103     0.52092       0.379276     
104     11.5724       0.379538     
105     2.38687       0.388652     
106     16.8998       0.388711     
107     2.188         0.391687     
108     11.5721       0.391699     
109     1.41573       0.396392     
110     17.8328       0.396674     
111     27.014        0.399319     
112     3.67677       0.399563     
113     11.976        0.399719     
114     1.43514       0.400435     
115     0.817979      0.401413     
116     9.21987       0.406474     
117     81.8631       0.407463     
118     0.250105      0.407574     
119     0.507733      0.408129     
120     21.6568       0.410957     
121     32.6053       0.410997     
122     2.41098       0.411087     
123     10.0992       0.426467     
124     15.5153       0.427827     
125     6.40903       0.427916     
126     1.90784       0.431152     
127     1.09365       0.431609     
128     5.74038       0.431615     
129     5.14936       0.432996     
130     5.18276       0.433097     
131     24.9628       0.446615     
132     0.206825      0.446638     
133     1.27934       0.446702     
134     0.640291      0.446928     
135     9.06615       0.449148     
136     2.89335       0.453185     
137     1.73457       0.453372     
138     12.817        0.454534     
139     0.530184      0.454635     
140     0.708356      0.458524     
141     63.8098       0.459407     
142     1.30725       0.459475     
143     6.28075       0.473645     
144     56.7885       0.473776     
145     56.2849       0.474254     
146     0.295645      0.47448      
147     7.74861       0.481835     
148     0.54382       0.487467     
149     15.7861       0.487645     
150     8.02729       0.487832     
151     17.9301       0.490207     
152     1.33716       0.490273     
153     1.04392       0.500425     
154     0.969131      0.500708     
155     15.2826       0.501321     
156     3.43557       0.527706     
157     46.3236       0.532281     
158     59.7261       0.532467     
159     23.6574       0.534676     
160     38.6794       0.550467     
161     0.123542      0.550475     
162     0.389212      0.550568     
163     3.01223       0.563046     
164     4.1357        0.563051     
165     0.56202       0.563143     
166     3.72508       0.565336     
167     52.9642       0.566786     
168     10.1048       0.56716      
169     21.4786       0.568133     
170     2.1767        0.568545     
171     28.0424       0.574461     
172     2.0864        0.585976     
173     86.7727       0.589596     
174     6.57261       0.597764     
175     13.4406       0.598719     
176     4.65973       0.598822     
177     2.01531       0.603434     
178     2.0           0.604091     
179     1.39682       0.608823     
180     87.8536       0.609072     
181     3.49731       0.616974     
182     13.5519       0.617026     
183     20.1762       0.6236       
184     13.2023       0.624417     
185     2.44903       0.624856     
186     0.597204      0.632061     
187     19.1516       0.632639     
188     47.8591       0.632995     
189     95.8706       0.644168     
190     22.5734       0.655612     
191     0.64434       0.655906     
192     48.2454       0.6619       
193     1.73518       0.662008     
194     12.7665       0.662223     
195     0.75034       0.663271     
196     5.96717       0.66685      
197     7.29724       0.666991     
198     16.7662       0.674551     
199     9.15141       0.674695     
200     3.16591       0.682923     
201     52.4766       0.686424     
202     21.3334       0.69092      
203     4.6593        0.691249     
204     1.65365       0.696758     
205     0.39174       0.698264     
206     90.411        0.698546     
207     1.40296       0.69933      
208     11.3456       0.701938     
209     18.9862       0.702545     
210     1.59493       0.706111     
211     1.55979       0.706301     
212     16.5048       0.707275     
213     5.62943       0.707435     
214     6.44363       0.71082      
215     15.5548       0.712183     
216     0.372848      0.712229     
217     3.07169       0.713784     
218     2.05094       0.714385     
219     24.904        0.732663     
220     1.37433       0.732728     
221     38.4817       0.743877     
222     0.201065      0.74391      
223     0.560007      0.745162     
224     9.2238        0.745472     
225     1.19813       0.747162     
226     96.0254       0.747357     
227     1.51988       0.748315     
228     3.81321       0.756036     
229     24.9052       0.756094     
230     11.7498       0.774884     
231     8.37687       0.776252     
232     16.3288       0.777455     
233     0.485575      0.784489     
234     14.0146       0.784602     
235     11.3272       0.784826     
236     13.4416       0.799127     
237     10.2496       0.799366     
238     8.64147       0.814326     
239     23.7652       0.814917     
240     84.74         0.836745     
241     10.6823       0.839164     
242     1.32865       0.842365     
243     0.285408      0.843169     
244     122.306       0.843368     
245     0.445841      0.843966     
246     0.509742      0.844232     
247     3.62769       0.845325     
248     12.0847       0.849912     
249     1.74564       0.857517     
250     19.6474       0.85968      
251     19.6454       0.859683     
252     0.555971      0.860152     
253     0.58544       0.864863     
254     11.6997       0.86504      
255     13.1774       0.866063     
256     1.41603       0.866371     
257     1.04721       0.876901     
258     5.19994       0.876913     
259     28.0505       0.886805     
260     14.1113       0.886835     
261     79.3958       0.892189     
262     17.2854       0.892645     
263     0.876945      0.894499     
264     168.012       0.896552     
265     0.112511      0.896627     
266     59.0012       0.900029     
267     0.184089      0.901695     
268     287.437       0.902064     
269     0.201346      0.902469     
270     0.234194      0.902638     
271     0.778052      0.906696     
272     83.1156       0.906968     
273     5.91816       0.926617     
274     9.79585       0.926683     
275     0.336702      0.929106     
276     49.3857       0.929263     
277     2.85203       0.930591     
278     0.431782      0.93104      
279     35.0517       0.931318     
280     2.14765       0.931981     
281     3.06285       0.95582      
282     23.6252       0.960901     
283     4.49982       0.961564     
284     141.665       0.963212     
285     2.83043       0.966267     
286     7.42918       0.973856     
287     6.05715       0.973908     
288     3.13735       0.988552     
289     1.92874       0.988749     
290     1.02977       0.989083     
291     1.4638        1.00206      
292     5.43604       1.00216      
293     1.09143       1.00218      
294     5.94546       1.00913      
295     2.26072       1.00919      
296     3.73509       1.01563      
297     171.649       1.01598      
298     0.156697      1.01605      
299     0.401386      1.01651      
300     2.05791       1.02901      
301     54.6204       1.02906      
302     1.22127       1.0294       
303     1.49721       1.04128      
304     0.366032      1.04331      
305     31.1389       1.04373      
306     16.6859       1.04375      
307     117.314       1.04482      
308     1.36721       1.05593      
309     19.4721       1.05622      
310     2.12119       1.05632      
311     20.1126       1.07632      
312     83.3165       1.08436      
313     5.62122       1.08507      
314     0.262236      1.10469      
315     0.167263      1.10489      
316     198.786       1.10501      
317     0.198825      1.10519      
318     0.985495      1.10545      
319     0.934942      1.11637      
320     139.897       1.11853      
321     1.95789       1.11976      
322     217.021       1.11996      
323     0.396158      1.12392      
324     190.774       1.12635      
325     0.172532      1.12652      
326     239.034       1.14231      
327     0.18527       1.14252      
328     1.01812       1.14576      
329     0.334379      1.14709      
330     121.914       1.14772      
331     10.2191       1.14818      
332     60.4254       1.16488      
333     12.8512       1.16616      
334     0.944359      1.16624      
335     5.36146       1.17887      
336     6.54743       1.17892      
337     1.6716        1.18599      
338     0.399739      1.1872       
339     49.39         1.18736      
340     0.136126      1.18738      
341     0.570766      1.1908       
342     7.08519       1.19088      
343     1.23996       1.21016      
344     69.7502       1.21035      
345     0.235493      1.21045      
346     1.14581       1.21049      
347     12.1866       1.21887      
348     2.42352       1.23266      
349     2.17318       1.23371      
350     115.127       1.23377      
351     0.379384      1.23415      
352     0.419554      1.23425      
353     115.481       1.24657      
354     0.465231      1.24712      
355     0.345707      1.2748       
356     0.283036      1.275        
357     0.205019      1.27517      
358     229.968       1.27533      
359     0.343762      1.27586      
360     20.4975       1.28052      
361     4.10388       1.28105      
362     0.249658      1.30091      
363     147.635       1.30121      
364     9.96308       1.30141      
365     0.264198      1.30668      
366     82.8327       1.30696      
367     0.116387      1.307        
368     0.110816      1.30918      
369     128.404       1.30923      
370     0.284677      1.30962      
371     1.9341        1.3202       
372     166.976       1.32139      
373     1.21237       1.32359      
374     1.12587       1.32574      
375     12.9944       1.32613      
376     192.606       1.3339       
377     0.125873      1.33396      
378     15.5351       1.33573      
379     4.51085       1.34372      
380     2.4264        1.34401      
381     9.83427       1.35555      
382     2.68794       1.35555      
383     0.421668      1.35772      
384     41.601        1.35792      
385     7.31952       1.36208      
386     0.406092      1.37099      
387     0.319016      1.37126      
388     0.286428      1.37134      
389     0.237226      1.37146      
390     209.71        1.37166      
391     0.183928      1.37177      
392     7.60092       1.37334      
393     9.24107       1.38327      
394     0.121681      1.39026      
395     48.2738       1.39027      
396     1.57007       1.39144      
397     27.6544       1.3939       
398     0.335306      1.39397      
399     6.0493        1.41178      
400     22.7525       1.4118       
401     35.3818       1.41886      
402     1.25195       1.41891      
403     5.70405       1.42488      
404     105.238       1.43242      
405     0.309611      1.43258      
406     2.82573       1.43331      
407     3.19176       1.4357       
408     10.3365       1.47157      
409     6.00757       1.47421      
410     8.41651       1.47425      
411     2.13391       1.47467      
412     0.294879      1.47663      
413     58.2988       1.47673      
414     5.79118       1.4779       
415     2.42273       1.48355      
416     91.4816       1.48432      
417     1.40614       1.485        
418     0.478541      1.49754      
419     36.4686       1.4978       
420     49.1816       1.5005       
421     9.46129       1.5033       
422     1.54208       1.50667      
423     91.9055       1.50965      
424     139.002       1.51476      
425     0.468403      1.51578      
426     20.5813       1.51681      
427     4.4602        1.51793      
428     4.29344       1.5242       
429     0.35744       1.54242      
430     89.354        1.54259      
431     0.299296      1.54271      
432     25.0152       1.55616      
433     6.22611       1.55617      
434     1.65396       1.56427      
435     33.4734       1.56475      
436     0.473331      1.56489      
437     7.98839       1.57939      
438     60.0875       1.57949      
439     62.3874       1.59791      
440     10.6845       1.59815      
441     0.435265      1.61073      
442     0.24914       1.61147      
443     0.17697       1.61164      
444     231.782       1.6118       
445     53.4321       1.6131       
446     58.0129       1.62278      
447     0.318502      1.6229       
448     28.4016       1.62969      
449     3.35673       1.633        
450     21.3421       1.63332      
451     2.34023       1.63362      
452     5.16616       1.64561      
453     10.4391       1.64617      
454     1.30464       1.6497       
455     0.319573      1.64977      
456     38.5349       1.64986      
457     11.0742       1.65159      
458     2.70842       1.67598      
459     19.2137       1.67618      
460     5.59746       1.67755      
461     9.24027       1.68385      
462     1.4878        1.68589      
463     16.2936       1.68613      
464     7.40453       1.68724      
465     2.57868       1.69001      
466     5.95692       1.69021      
467     10.4985       1.69547      
468     3.02107       1.69561      
469     1.09625       1.69706      
470     92.6601       1.69708      
471     7.23808       1.6982       
472     0.71123       1.7025       
473     0.374772      1.70286      
474     17.0398       1.70292      
475     0.459481      1.70302      
476     24.1754       1.70529      
477     7.71534       1.71564      
478     6.39946       1.71616      
479     43.9584       1.72218      
480     2.76395       1.73118      
481     0.720737      1.73234      
482     68.1143       1.73427      
483     10.1734       1.73527      
484     100.263       1.73585      
485     0.360164      1.73623      
486     0.478853      1.73658      
487     4.39674       1.74164      
488     0.242804      1.7554       
489     40.7241       1.75543      
490     1.31556       1.76078      
491     3.77704       1.76078      
492     4.81375       1.77072      
493     3.49398       1.77121      
494     17.2648       1.77836      
495     41.0324       1.80402      
496     7.66943       1.80898      
497     124.554       1.80915      
498     25.5975       1.80921      
499     4.82794       1.8136       
500     6.26806       1.81874      
501     1.45363       1.82684      
502     75.9039       1.83007      
503     2.43648       1.8301       
504     157.454       1.83054      
505     0.532328      1.83263      
506     0.296619      1.83763      
507     80.2142       1.83785      
508     7.89774       1.83796      
509     1.41978       1.83951      
510     2.94332       1.85179      
511     8.72675       1.85681      
512     23.2311       1.86186      
513     129.956       1.86416      
514     0.378548      1.86483      
515     0.114018      1.86793      
516     144.255       1.86797      
517     0.375338      1.86851      
518     6.23856       1.87583      
519     1.80294       1.87839      
520     2.70875       1.8784       
521     1.43395       1.87854      
522     1.342         1.88735      
523     110.437       1.88785      
524     1.36397       1.8885       
525     2.58701       1.88943      
526     0.572113      1.90218      
527     51.2827       1.9031       
528     117.649       1.90459      
529     0.389659      1.90504      
530     5.19325       1.90817      
531     7.52674       1.91617      
532     1.57505       1.9163       
533     0.980492      1.91936      
534     15.9248       1.92052      
535     3.54391       1.92054      
536     47.4641       1.93131      
537     9.86357       1.93237      
538     2.13046       1.94787      
539     4.37126       1.94936      
540     67.6241       1.95091      
541     1.84222       1.95863      
542     4.76389       1.95965      
543     28.5369       1.95971      
544     1.75922       1.96067      
545     7.72178       1.96258      
546     12.0886       1.96339      
547     15.1195       1.96942      
548     2.72551       1.96958      
549     4.5588        1.97057      
550     18.7724       1.99641      
551     48.8318       1.99684      
552     1.8584        1.99814      
553     1.02691       2.01142      
554     2.19826       2.01164      
555     2.14797       2.01657      
556     1.06165       2.01658      
557     0.233591      2.02201      
558     28.2416       2.02221      
559     213.099       2.02288      
560     39.8735       2.02302      
561     1.3959        2.02484      
562     9.68489       2.04526      
563     25.3505       2.04551      
564     0.591343      2.04627      
565     26.7159       2.047        
566     9.39432       2.04705      
567     3.99013       2.04906      
568     42.1229       2.05705      
569     9.65683       2.05773      
570     12.088        2.07129      
571     25.0757       2.07138      
572     1.16351       2.07486      
573     6.50588       2.07496      
574     1.07328       2.07503      
575     64.8125       2.07599      
576     0.728323      2.07683      
577     45.673        2.09494      
578     35.7272       2.09557      
579     19.3225       2.09593      
580     9.50187       2.10478      
581     12.5541       2.12206      
582     1.50091       2.12224      
583     4.00454       2.12406      
584     55.0193       2.12423      
585     3.16884       2.12562      
586     1.12272       2.13373      
587     5.17133       2.13499      
588     1.39517       2.13537      
589     18.5212       2.13559      
590     3.70584       2.13579      
591     2.20858       2.13709      
592     35.8191       2.1538       
593     31.9139       2.1546       
594     31.9193       2.15468      
595     110.475       2.16572      
596     14.0223       2.17525      
597     17.2144       2.17534      
598     33.4589       2.18546      
599     8.445         2.18569      
600     17.766        2.18586      
601     6.69905       2.19341      
602     0.554315      2.19385      
603     47.5748       2.19421      
604     3.29027       2.19726      
605     1.55452       2.19953      
606     3.52655       2.19971      
607     9.98208       2.19982      
608     5.66582       2.20428      
609     5.68711       2.20455      
610     32.5041       2.2144       
611     4.93982       2.21672      
612     22.4573       2.22258      
613     2.95732       2.22294      
614     3.27813       2.22357      
615     7.07511       2.23457      
616     1.88969       2.2348       
617     5.24117       2.23773      
618     33.2711       2.23786      
619     0.60291       2.23821      
620     0.660019      2.2383       
621     0.955216      2.23905      
622     29.0466       2.24676      
623     0.167295      2.24677      
624     2.80604       2.24753      
625     0.172808      2.25054      
626     64.2595       2.25056      
627     1.8966        2.25679      
628     9.65167       2.25835      
629     45.3036       2.25837      
630     0.35394       2.25855      
631     2.10528       2.26055      
632     2.51106       2.26744      
633     3.1234        2.27495      
634     113.813       2.27534      
635     0.248173      2.27543      
636     3.20689       2.27611      
637     0.644869      2.27987      
638     7.81129       2.27996      
639     16.8562       2.29068      
640     1.777         2.29075      
641     8.13902       2.3188       
642     11.5767       2.31881      
643     0.872207      2.32725      
644     18.8886       2.3276       
645     1.57737       2.3277       
646     1.93721       2.32797      
647     18.2547       2.34139      
648     120.995       2.34185      
649     3.6314        2.35433      
650     3.63191       2.35447      
651     4.71057       2.35933      
652     6.31346       2.35933      
653     0.848019      2.3791       
654     1.86345       2.37924      
655     17.8976       2.37948      
656     36.8289       2.38616      
657     4.73407       2.38644      
658     6.55475       2.39403      
659     2.4443        2.39408      
660     36.9758       2.39533      
661     5.90316       2.39569      
662     1.22443       2.4024       
663     2.53926       2.40267      
664     9.57082       2.4056       
665     14.6233       2.40609      
666     39.3257       2.42946      
667     8.03733       2.43856      
668     0.377609      2.44102      
669     102.899       2.44124      
670     1.4627        2.44141      
671     6.02318       2.44228      
672     8.12674       2.4452       
673     6.03698       2.4621       
674     4.09865       2.46343      
675     50.4784       2.46369      
676     1.54561       2.46399      
677     0.838085      2.47211      
678     1.50716       2.47244      
679     1.35804       2.47258      
680     0.371658      2.47273      
681     28.2168       2.47282      
682     1.14659       2.47284      
683     1.79134       2.47337      
684     6.09323       2.48406      
685     86.8591       2.48528      
686     0.287397      2.48538      
687     3.14382       2.48699      
688     4.6664        2.48783      
689     0.816347      2.50887      
690     2.57886       2.50994      
691     1.12208       2.51049      
692     89.6834       2.5105       
693     0.376596      2.51077      
694     4.39755       2.51177      
695     13.3976       2.51186      
696     1.85818       2.5154       
697     1.69638       2.51663      
698     0.485205      2.51734      
699     59.1229       2.51761      
700     0.622644      2.5181       
701     0.936561      2.51933      
702     0.879915      2.53919      
703     104.712       2.54099      
704     9.90823       2.54489      
705     24.9873       2.5472       
706     3.53609       2.5472       
707     3.06745       2.54855      
708     5.66755       2.5608       
709     47.2503       2.56254      
710     1.56221       2.56294      
711     37.5657       2.5672       
712     3.97367       2.56774      
713     1.54373       2.57445      
714     20.9113       2.57463      
715     20.5488       2.57784      
716     0.304693      2.57787      
717     13.5114       2.58584      
718     7.98447       2.58588      
719     16.7026       2.58646      
720     14.7343       2.58847      
721     8.11557       2.5993       
722     3.36964       2.60241      
723     16.9822       2.60266      
724     9.1839        2.60353      
725     11.1602       2.60524      
726     3.07937       2.6053       
727     31.0149       2.6097       
728     36.1553       2.61176      
729     11.959        2.61268      
730     61.7286       2.61505      
731     14.4628       2.61635      
732     4.03941       2.6165       
733     7.83084       2.61928      
734     8.93447       2.62706      
735     30.9239       2.63619      
736     18.9845       2.63742      
737     15.9087       2.64152      
738     6.86945       2.64514      
739     3.90353       2.64586      
740     3.96161       2.646        
741     6.19757       2.65117      
742     0.599298      2.65257      
743     14.3311       2.65266      
744     2.4252        2.6633       
745     2.42086       2.66355      
746     7.46271       2.67115      
747     47.1855       2.67305      
748     5.44961       2.6731       
749     4.54978       2.67459      
750     1.51875       2.68997      
751     15.2199       2.69019      
752     1.09633       2.69025      
753     3.4965        2.69044      
754     9.69213       2.69125      
755     6.3878        2.70443      
756     10.5416       2.70489      
757     10.7821       2.70532      
758     10.2219       2.71703      
759     1.35526       2.71933      
760     1.24095       2.71972      
761     184.749       2.71979      
762     0.204872      2.71991      
763     0.302504      2.72007      
764     0.390979      2.72027      
765     25.2466       2.73403      
766     13.8384       2.73437      
767     81.0685       2.74247      
768     0.443525      2.7429       
769     61.64         2.74959      
770     0.371912      2.74985      
771     314.161       2.76075      
772     3.43591       2.76296      
773     0.305892      2.76622      
774     0.27455       2.76641      
775     267.246       2.76702      
776     6.3204        2.76727      
777     15.5091       2.77334      
778     1.47754       2.78993      
779     2.61288       2.78996      
780     1.02779       2.79037      
781     59.633        2.80046      
782     1.57989       2.81326      
783     46.7885       2.81377      
784     0.572145      2.81414      
785     24.8617       2.8162       
786     0.842578      2.83722      
787     2.76333       2.83782      
788     43.1558       2.83811      
789     1.51914       2.83834      
790     2.43731       2.85554      
791     17.1131       2.85558      
792     6.55204       2.85968      
793     0.421692      2.86052      
794     31.3793       2.86064      
795     0.673962      2.86108      
796     1.65117       2.87224      
797     0.336687      2.87344      
798     190.447       2.87376      
799     1.37422       2.87398      
800     40.8704       2.8806       
801     0.202752      2.88063      
802     1.35209       2.88096      
803     37.7021       2.88884      
804     4.14679       2.90534      
805     3.79105       2.90793      
806     117.525       2.90878      
807     2.75742       2.91149      
808     92.0049       2.92068      
809     0.110508      2.92615      
810     144.605       2.92618      
811     0.328713      2.92648      
812     2.61858       2.94205      
813     145.816       2.94211      
814     0.260187      2.94228      
815     3.06915       2.94467      
816     2.21147       2.95579      
817     4.80864       2.95631      
818     35.6471       2.96819      
819     2.77469       2.96832      
820     18.569        2.97492      
821     4.6137        2.97623      
822     1.55686       2.98695      
823     24.3229       2.98729      
824     4.74009       2.98737      
825     0.464669      2.98749      
826     1.90977       2.9882       
827     2.29188       2.99541      
828     16.5403       2.99981      
829     39.7054       3.00038      
830     116.915       3.01025      
831     1.47086       3.01044      
832     1.87818       3.01259      
833     3.62048       3.01498      
834     11.9654       3.01515      
835     2.89859       3.01583      
836     6.59647       3.02811      
837     7.96018       3.02828      
838     17.318        3.03144      
839     2.91933       3.03177      
840     15.7606       3.03983      
841     6.63771       3.04003      
842     35.2349       3.04606      
843     24.5044       3.04846      
844     2.52647       3.0486       
845     1.04317       3.05002      
846     0.719646      3.06734      
847     2.80691       3.06775      
848     49.035        3.06795      
849     0.472306      3.06814      
850     12.0237       3.07958      
851     2.48859       3.07964      
852     7.66771       3.08134      
853     5.01509       3.08147      
854     25.5742       3.09408      
855     0.264726      3.09411      
856     5.14881       3.09476      
857     1.12871       3.10033      
858     3.14604       3.10034      
859     5.74337       3.10358      
860     0.590886      3.10458      
861     19.2287       3.10544      
862     3.31856       3.10548      
863     0.407144      3.10578      
864     0.300283      3.10634      
865     4.52632       3.10638      
866     86.6074       3.1074       
867     0.160322      3.10747      
868     1.7257        3.10778      
869     167.011       3.1103       
870     0.369367      3.11088      
871     0.563837      3.11203      
872     12.8675       3.11427      
873     3.39601       3.12477      
874     4.48724       3.12503      
875     22.6822       3.1261       
876     0.420563      3.12724      
877     11.8386       3.12731      
878     0.84829       3.12838      
879     4.75606       3.1427       
880     0.28991       3.14813      
881     0.214864      3.14838      
882     502.352       3.14867      
883     0.221808      3.14897      
884     0.265195      3.14912      
885     1.16424       3.15832      
886     84.9528       3.15857      
887     0.772398      3.16817      
888     0.34473       3.16878      
889     26.9478       3.16885      
890     0.733552      3.16951      
891     1.76163       3.16972      
892     6.08146       3.19427      
893     65.3825       3.19542      
894     4.27431       3.19566      
895     1.84205       3.19838      
896     0.715575      3.19842      
897     2.00283       3.21266      
898     49.6874       3.21357      
899     0.265403      3.21362      
900     1.57075       3.21381      
901     0.602448      3.21396      
902     2.57678       3.21784      
903     0.86147       3.22734      
904     17.425        3.22761      
905     15.7643       3.24027      
906     0.646392      3.24507      
907     9.26032       3.24514      
908     6.44544       3.25071      
909     2.06329       3.25264      
910     1.97925       3.25306      
911     4.07593       3.25418      
912     40.5424       3.25487      
913     6.80804       3.25525      
914     5.99764       3.2568       
915     12.0544       3.26478      
916     4.33867       3.26486      
917     13.8368       3.2725       
918     5.85378       3.27275      
919     9.34627       3.27777      
920     23.7584       3.27875      
921     9.44529       3.28756      
922     7.7879        3.28828      
923     1.59449       3.2908       
924     3.77834       3.29089      
925     4.02032       3.29098      
926     3.20676       3.30299      
927     17.308        3.30317      
928     2.06311       3.32917      
929     0.3098        3.33327      
930     0.255602      3.3334       
931     0.129942      3.33359      
932     294.304       3.33365      
933     0.447749      3.34335      
934     131.09        3.34397      
935     0.081089      3.34398      
936     1.24426       3.34425      
937     2.73538       3.34617      
938     1.65018       3.3467       
939     0.295573      3.35833      
940     49.925        3.35853      
941     35.5527       3.35881      
942     0.0234083     3.36281      
943     40.8838       3.36281      
944     5.02354       3.36838      
945     27.9139       3.36842      
946     5.48195       3.38752      
947     2.66325       3.38755      
948     0.912652      3.38778      
949     2.18833       3.39515      
950     0.929924      3.39525      
951     12.5434       3.40086      
952     2.45514       3.40091      
953     0.592726      3.40563      
954     0.362703      3.40646      
955     3.00231       3.40671      
956     245.604       3.40698      
957     0.207394      3.40711      
958     0.338568      3.40738      
959     0.375688      3.40748      
960     0.516312      3.40795      
961     6.72818       3.4101       
962     21.2646       3.42289      
963     0.574371      3.42309      
964     13.6747       3.42378      
965     0.969442      3.4451       
966     3.25199       3.44531      
967     4.86469       3.44557      
968     131.259       3.45357      
969     8.84835       3.4541       
970     0.212427      3.46901      
971     17.9597       3.46903      
972     6.25751       3.46927      
973     1.02321       3.46987      
974     11.2938       3.48605      
975     2.13814       3.49321      
976     36.2828       3.49399      
977     0.862911      3.4946       
978     2.30158       3.49535      
979     3.07858       3.50867      
980     0.318334      3.50964      
981     72.6004       3.50977      
982     1.13932       3.5101       
983     5.24492       3.51027      
984     1.55537       3.51244      
985     47.0415       3.51309      
986     4.20618       3.51342      
987     0.253676      3.54699      
988     64.4705       3.54704      
989     1.66542       3.54734      
990     1.82245       3.54764      
991     41.5918       3.55691      
992     1.22264       3.55691      
993     5.83962       3.55736      
994     19.6546       3.56037      
995     2.08929       3.56889      
996     9.85117       3.56916      
997     0.727491      3.57519      
998     1.63419       3.57546      
999     42.6838       3.57568      
1000    1.80735       3.57613      
1001    5.14156       3.57719      
1002    2.7141        3.59265      
1003    10.2736       3.59738      
1004    69.9307       3.59755      
1005    0.0876653     3.59756      
1006    4.24627       3.60092      
1007    5.84431       3.60097      
1008    18.6109       3.62126      
1009    11.9328       3.62201      
1010    1.43828       3.62247      
1011    17.6978       3.62318      
1012    1.21465       3.62372      
1013    26.1918       3.62389      
1014    2.00672       3.66321      
1015    3.48998       3.6642       
1016    280.395       3.66491      
1017    1.66813       3.66501      
1018    0.384771      3.66541      
1019    4.19619       3.66816      
1020    6.01215       3.66821      
1021    19.7662       3.6779       
1022    1.71554       3.67817      
1023    3.49723       3.6788       
1024    0.675599      3.68563      
1025    6.64329       3.68569      
1026    9.3221        3.68918      
1027    1.67823       3.68926      
1028    5.32082       3.69024      
1029    15.2796       3.69714      
1030    6.36783       3.69735      
1031    9.8271        3.70236      
1032    15.443        3.70327      
1033    1.33848       3.70328      
1034    2.31717       3.70421      
1035    5.15839       3.70959      
1036    9.22748       3.71009      
1037    1.61905       3.71014      
1038    1.69621       3.7184       
1039    3.27689       3.7184       
1040    8.65402       3.72358      
1041    2.03122       3.72371      
1042    1.0932        3.72395      
1043    4.59246       3.73856      
1044    4.19822       3.74261      
1045    2.07318       3.74639      
1046    1.4795        3.74738      
1047    36.1964       3.74752      
1048    32.4262       3.75015      
1049    0.679872      3.75054      
1050    1.3333        3.75433      
1051    18.1264       3.75474      
1052    4.34241       3.75483      
1053    26.4578       3.75491      
1054    0.279691      3.76566      
1055    31.8219       3.7657       
1056    1.87352       3.76613      
1057    18.6471       3.76866      
1058    1.63232       3.76876      
1059    4.65085       3.78257      
1060    15.0976       3.78283      
1061    10.136        3.78355      
1062    5.55473       3.7923       
1063    2.28575       3.79244      
1064    8.31738       3.80642      
1065    1.96487       3.80654      
1066    9.36466       3.81025      
1067    3.68423       3.81064      
1068    2.38441       3.81065      
1069    20.5091       3.81686      
1070    31.7146       3.82203      
1071    4.25229       3.82224      
1072    3.19571       3.82307      
1073    1.76976       3.83373      
1074    130.534       3.83461      
1075    4.84712       3.83475      
1076    0.385641      3.85618      
1077    4.54403       3.85627      
1078    16.2086       3.8563       
1079    4.83629       3.85774      
1080    11.3985       3.85807      
1081    17.3005       3.86188      
1082    2.00093       3.86188      
1083    0.588491      3.86472      
1084    0.182706      3.86645      
1085    265.451       3.86659      
1086    0.308249      3.86718      
1087    38.3887       3.86811      
1088    2.23312       3.88449      
1089    7.64558       3.8855       
1090    7.68652       3.88602      
1091    2.78889       3.89016      
1092    26.8466       3.89022      
1093    2.24428       3.89182      
1094    1.5879        3.89475      
1095    4.37134       3.89478      
1096    2.23266       3.90645      
1097    8.81182       3.90646      
1098    0.62562       3.90745      
1099    0.511323      3.90777      
1100    0.129338      3.90817      
1101    91.76         3.90819      
1102    0.252531      3.90827      
1103    0.404455      3.90844      
1104    0.499653      3.90863      
1105    0.512185      3.90885      
1106    2.9686        3.90896      
1107    0.979724      3.91028      
1108    8.63914       3.93182      
1109    21.7254       3.93284      
1110    4.36078       3.93304      
1111    3.32481       3.93359      
1112    0.520557      3.9506       
1113    89.8881       3.95089      
1114    0.328766      3.951        
1115    0.436034      3.95111      
1116    0.564837      3.95126      
1117    2.98262       3.95775      
1118    1.09201       3.96425      
1119    0.413001      3.96483      
1120    17.9608       3.96487      
1121    3.72245       3.96525      
1122    11.0976       3.97962      
1123    7.84577       3.98123      
1124    11.4562       3.98124      
1125    2.26081       3.98199      
1126    7.59711       3.98659      
1127    1.28489       3.9866       
1128    15.3134       3.98715      
1129    0.27279       3.98716      
1130    8.48565       4.00948      
1131    2.60829       4.00973      
1132    1.92248       4.0232       
1133    6.58261       4.02344      
1134    8.50797       4.02346      
1135    10.3564       4.03526      
1136    0.842755      4.04092      
1137    1.20861       4.04221      
1138    30.2221       4.04255      
1139    12.6194       4.04338      
1140    129.447       4.04362      
1141    0.421069      4.04412      
1142    2.12091       4.04593      
1143    3.33585       4.06193      
1144    1.07452       4.06668      
1145    7.92465       4.06691      
1146    6.28254       4.06819      
1147    1.30848       4.06864      
1148    5.46561       4.08374      
1149    1.43592       4.08431      
1150    15.2713       4.08433      
1151    2.1475        4.08477      
1152    1.25085       4.08549      
1153    0.883038      4.09116      
1154    38.0289       4.09161      
1155    2.72579       4.09797      
1156    1.02946       4.09803      
1157    5.38672       4.1287       
1158    2.88247       4.12963      
1159    58.4987       4.1298       
1160    1.32713       4.1299       
1161    1.58823       4.13022      
1162    1.80214       4.13054      
1163    2.12753       4.13104      
1164    0.499918      4.14792      
1165    0.45808       4.14797      
1166    0.330818      4.14811      
1167    0.118346      4.14819      
1168    72.8183       4.1482       
1169    2.8286        4.15909      
1170    1.32427       4.15947      
1171    3.86951       4.16479      
1172    1.10552       4.16507      
1173    1.29261       4.16799      
1174    8.35261       4.16816      
1175    15.7152       4.16824      
1176    2.1043        4.17245      
1177    20.6026       4.17252      
1178    3.56513       4.17306      
1179    0.0834553     4.1738       
1180    47.2503       4.17381      
1181    1.25436       4.17399      
1182    2.72328       4.17446      
1183    2.06124       4.17563      
1184    2.19386       4.1845       
1185    1.8678        4.18558      
1186    89.2176       4.18608      
1187    0.324037      4.1862       
1188    0.523947      4.18642      
1189    1.06202       4.1882       
1190    5.75852       4.20347      
1191    0.649014      4.2035       
1192    4.80578       4.2145       
1193    8.29065       4.21451      
1194    2.67029       4.21781      
1195    21.5944       4.22029      
1196    4.79944       4.22077      
1197    6.90581       4.22195      
1198    3.78125       4.22768      
1199    2.29658       4.22803      
1200    0.094469      4.23153      
1201    49.0122       4.23153      
1202    34.6048       4.23486      
1203    2.01467       4.23548      
1204    0.522652      4.25398      
1205    25.5632       4.2541       
1206    1.52724       4.2541       
1207    5.32382       4.25993      
1208    4.6332        4.2611       
1209    19.5025       4.26115      
1210    0.920795      4.26864      
1211    21.3898       4.26901      
1212    0.854483      4.28189      
1213    45.7098       4.28268      
1214    0.404009      4.28283      
1215    0.451244      4.28287      
1216    9.19914       4.28415      
1217    9.24345       4.28442      
1218    11.2695       4.28967      
1219    1.15366       4.28967      
1220    1.03493       4.29019      
1221    4.63754       4.2902       
1222    20.1875       4.2928       
1223    0.982296      4.29344      
1224    77.1034       4.30204      
1225    1.94815       4.31207      
1226    15.7733       4.31218      
1227    2.09393       4.34145      
1228    0.586444      4.34176      
1229    15.0543       4.34189      
1230    6.57598       4.34213      
1231    1.09363       4.34275      
1232    1.10645       4.34775      
1233    16.5264       4.34833      
1234    0.890892      4.34861      
1235    8.19153       4.35316      
1236    4.75201       4.3532       
1237    0.441395      4.3555       
1238    10.2925       4.35553      
1239    5.86961       4.37274      
1240    11.2476       4.37292      
1241    52.4819       4.375        
1242    3.13097       4.37564      
1243    3.60469       4.3776       
1244    1.84653       4.38562      
1245    39.8937       4.3857       
1246    20.429        4.38593      
1247    2.7343        4.38861      
1248    0.341727      4.38944      
1249    0.102207      4.38958      
1250    66.5561       4.38959      
1251    7.69399       4.39011      
1252    2.51243       4.40674      
1253    14.6425       4.40777      
1254    4.78577       4.40946      
1255    14.0865       4.40962      
1256    15.7016       4.43493      
1257    21.7661       4.43495      
1258    3.87354       4.43606      
1259    7.1878        4.43613      
1260    9.71405       4.45021      
1261    2.6631        4.45702      
1262    0.476712      4.45725      
1263    30.9868       4.45745      
1264    0.2859        4.45842      
1265    13.69         4.45845      
1266    0.402729      4.45855      
1267    3.44622       4.45875      
1268    47.9774       4.46061      
1269    4.29418       4.46128      
1270    0.683598      4.46148      
1271    0.956564      4.46967      
1272    15.0487       4.47002      
1273    3.79965       4.48315      
1274    0.713884      4.48318      
1275    6.33517       4.48769      
1276    8.04745       4.4877       
1277    2.67123       4.48949      
1278    17.3613       4.49348      
1279    0.577173      4.49359      
1280    3.81788       4.49424      
1281    0.692633      4.51208      
1282    4.93315       4.51214      
1283    1.11511       4.52205      
1284    0.302717      4.52232      
1285    33.8733       4.52247      
1286    83.3428       4.52342      
1287    47.76         4.5255       
1288    0.0961954     4.52551      
1289    59.9343       4.53259      
1290    0.442281      4.53289      
1291    0.656483      4.53569      
1292    2.48291       4.53691      
1293    27.1991       4.53701      
1294    43.2888       4.53723      
1295    1.67354       4.53943      
1296    0.736642      4.54337      
1297    2.62312       4.54372      
1298    46.8327       4.54446      
1299    0.173079      4.54448      
1300    2.81435       4.55157      
1301    7.84056       4.55201      
1302    6.53091       4.55222      
1303    57.0185       4.56266      
1304    2.77473       4.56855      
1305    0.48195       4.56875      
1306    68.3427       4.56913      
1307    0.737232      4.57417      
1308    4.14463       4.57426      
1309    1.92324       4.57453      
1310    5.07369       4.57727      
1311    1.2086        4.57727      
1312    5.8666        4.58366      
1313    8.71232       4.58367      
1314    2.52753       4.58409      
1315    0.701756      4.58568      
1316    30.9629       4.58622      
1317    5.18517       4.58638      
1318    30.7643       4.59294      
1319    13.0149       4.59342      
1320    6.44652       4.59382      
1321    4.64571       4.5956       
1322    42.4929       4.607        
1323    0.765203      4.60749      
1324    2.60481       4.62857      
1325    7.26728       4.62858      
1326    44.6029       4.6328       
1327    8.17262       4.63347      
1328    3.07555       4.64793      
1329    0.495401      4.64937      
1330    0.380106      4.64963      
1331    0.130377      4.64989      
1332    100.741       4.64991      
1333    10.0419       4.65097      
1334    0.619239      4.65152      
1335    11.2163       4.65318      
1336    11.2547       4.65351      
1337    2.70985       4.65617      
1338    6.86409       4.6565       
1339    20.5536       4.66698      
1340    0.236384      4.667        
1341    2.58082       4.67101      
1342    0.29536       4.67264      
1343    104.038       4.67293      
1344    0.255387      4.67317      
1345    110.431       4.67463      
1346    73.22         4.68591      
1347    2.87139       4.68653      
1348    0.736569      4.6871       
1349    0.373133      4.69908      
1350    6.12965       4.6991       
1351    2.94188       4.70558      
1352    0.448993      4.70586      
1353    0.410196      4.70593      
1354    66.0069       4.70617      
1355    1.55872       4.70678      
1356    8.02236       4.70753      
1357    0.858319      4.70892      
1358    3.37258       4.70912      
1359    2.09688       4.7163       
1360    4.42612       4.71678      
1361    9.70245       4.7168       
1362    2.65497       4.73364      
1363    8.54688       4.73588      
1364    10.1206       4.73599      
1365    1.03324       4.73643      
1366    6.19007       4.73656      
1367    13.5114       4.73662      
1368    0.68361       4.74347      
1369    7.22508       4.74354      
1370    2.51216       4.74621      
1371    0.600489      4.74682      
1372    10.6875       4.74689      
1373    4.61533       4.75409      
1374    10.2547       4.75409      
1375    11.203        4.75517      
1376    2.48786       4.75586      
1377    3.87255       4.77503      
1378    7.51283       4.7756       
1379    3.57452       4.7756       
1380    5.62071       4.77563      
1381    10.6671       4.80578      
1382    10.6572       4.80592      
1383    0.199378      4.81447      
1384    6.46612       4.81447      
1385    5.90795       4.81465      
1386    3.56999       4.82478      
1387    7.5474        4.82487      
1388    5.14581       4.83219      
1389    60.3212       4.83253      
1390    0.109458      4.83254      
1391    3.03254       4.83285      
1392    0.653156      4.83327      
1393    1.80348       4.83343      
1394    0.861224      4.83378      
1395    0.859087      4.84464      
1396    4.50237       4.84507      
1397    18.1188       4.84512      
1398    0.512348      4.84526      
1399    5.46192       4.84596      
1400    5.16967       4.8631       
1401    0.771007      4.86324      
1402    2.05054       4.86406      
1403    29.2924       4.86614      
1404    0.669173      4.86628      
1405    59.8139       4.86635      
1406    1.71455       4.8673       
1407    11.7188       4.8829       
1408    1.7154        4.88294      
1409    6.12719       4.88627      
1410    0.82322       4.88636      
1411    5.31729       4.90424      
1412    57.6114       4.90524      
1413    0.316432      4.90534      
1414    8.81836       4.90665      
1415    0.171282      4.90666      
1416    7.90366       4.90678      
1417    17.1691       4.92113      
1418    5.75627       4.92114      
1419    0.175022      4.92141      
1420    86.0185       4.9215       
1421    1.3388        4.92193      
1422    3.64142       4.9323       
1423    9.10802       4.93254      
1424    0.701759      4.93267      
1425    14.429        4.94008      
1426    1.84339       4.95068      
1427    5.42584       4.95075      
1428    8.85624       4.9515       
1429    0.676188      4.96453      
1430    11.5609       4.96462      
1431    3.00689       4.97726      
1432    2.41474       4.97951      
1433    2.02732       4.98033      
1434    42.7539       4.9809       
1435    0.354318      4.98098      
1436    3.37994       4.98318      
1437    11.7645       4.98343      
1438    0.814765      4.98371      
1439    0.971753      5.00131      
1440    9.81783       5.00151      
1441    2.05883       5.01147      
1442    3.28524       5.01174      
1443    12.0625       5.01174      
1444    0.598244      5.02842      
1445    0.23949       5.02876      
1446    52.0137       5.02884      
1447    7.98911       5.02893      
1448    0.533869      5.02923      
1449    0.788243      5.02965      
1450    1.34349       5.04233      
1451    6.40462       5.04234      
1452    3.74745       5.04276      
1453    7.56178       5.04363      
1454    3.68532       5.04379      
1455    2.19602       5.07938      
1456    5.20641       5.07984      
1457    11.6389       5.07985      
1458    2.90064       5.08671      
1459    6.50704       5.08671      
1460    9.81745       5.0886       
1461    6.59729       5.09118      
1462    10.5976       5.09122      
1463    6.77333       5.095        
1464    8.81847       5.09505      
1465    3.42234       5.1035       
1466    71.4073       5.10385      
1467    0.511078      5.10426      
1468    5.68546       5.10479      
1469    7.49517       5.11818      
1470    7.44341       5.11849      
1471    0.425357      5.12135      
1472    26.1012       5.12143      
1473    3.99168       5.1325       
1474    2.15279       5.1326       
1475    5.38019       5.13599      
1476    3.42296       5.13603      
1477    7.37348       5.14725      
1478    0.830463      5.14745      
1479    17.7311       5.15092      
1480    9.29561       5.15094      
1481    2.10145       5.15193      
1482    1.05216       5.15201      
1483    25.838        5.15222      
1484    2.04235       5.15672      
1485    42.6978       5.15798      
1486    1.34903       5.158        
1487    21.6868       5.16789      
1488    13.9792       5.17243      
1489    3.93086       5.17355      
1490    16.1183       5.1789       
1491    16.1458       5.17909      
1492    18.9885       5.19289      
1493    0.52842       5.19434      
1494    0.242713      5.19452      
1495    25.4424       5.19455      
1496    0.309587      5.19462      
1497    2.85206       5.19475      
1498    4.62542       5.19863      
1499    3.2189        5.21296      
1500    11.2502       5.21426      
1501    39.7553       5.2144       
1502    7.01603       5.21452      
1503    16.5716       5.21682      
1504    10.2532       5.21719      
1505    3.4993        5.22216      
1506    8.35575       5.22259      
1507    2.97817       5.22268      
1508    9.2551        5.23302      
1509    0.74822       5.23314      
1510    0.992239      5.24388      
1511    2.84794       5.24397      
1512    1.93679       5.25076      
1513    0.689632      5.25091      
1514    14.7181       5.25123      
1515    1.39344       5.2514       
1516    7.03522       5.25167      
1517    2.43699       5.2527       
1518    4.18794       5.25394      
1519    2.40239       5.25419      
1520    13.9909       5.27149      
1521    1.98113       5.27168      
1522    1.81101       5.27484      
1523    23.2949       5.27504      
1524    1.94401       5.27532      
1525    7.06168       5.3127       
1526    0.499441      5.313        
1527    11.5862       5.31308      
1528    13.2273       5.33038      
1529    7.81034       5.33047      
1530    0.437918      5.33123      
1531    15.5084       5.33132      
1532    3.17263       5.35827      
1533    10.1321       5.35841      
1534    8.27141       5.35869      
1535    3.14431       5.37166      
1536    8.57173       5.37184      
1537    2.69883       5.37188      
1538    2.53052       5.37448      
1539    12.3948       5.37579      
1540    4.82879       5.37715      
1541    4.83001       5.37728      
1542    3.82996       5.37846      
1543    1.97332       5.37904      
1544    5.72787       5.37928      
1545    0.417025      5.39288      
1546    9.36326       5.39291      
1547    8.41229       5.39995      
1548    2.93531       5.41768      
1549    4.30549       5.41778      
1550    2.76015       5.41784      
1551    6.60878       5.42293      
1552    6.56273       5.42303      
1553    0.436705      5.42506      
1554    10.823        5.42522      
1555    15.5683       5.42529      
1556    2.28994       5.44281      
1557    63.9659       5.44299      
1558    16.2615       5.44429      
1559    1.15325       5.44478      
1560    0.174245      5.44656      
1561    75.5019       5.44662      
1562    0.457776      5.45243      
1563    5.17962       5.45247      
1564    5.12251       5.46222      
1565    31.2704       5.46279      
1566    2.53719       5.4628       
1567    1.73372       5.46343      
1568    4.34448       5.48038      
1569    0.473901      5.4804       
1570    9.20703       5.49071      
1571    0.450177      5.49076      
1572    2.93124       5.49776      
1573    2.8967        5.49779      
1574    2.12713       5.49809      
1575    0.836034      5.5          
1576    2.02051       5.50025      
1577    7.53765       5.50077      
1578    7.05537       5.50109      
1579    0.421142      5.50115      
1580    3.68635       5.53204      
1581    1.54617       5.53206      
1582    2.41987       5.53848      
1583    5.9602        5.539        
1584    0.427032      5.53904      
1585    19.7456       5.56018      
1586    5.56831       5.56159      
1587    15.6382       5.56175      
1588    0.220108      5.56546      
1589    201.674       5.56578      
1590    5.06178       5.56603      
1591    2.50792       5.57453      
1592    9.06435       5.5746       
1593    26.4225       5.5866       
1594    0.41918       5.58685      
1595    9.53454       5.58777      
1596    0.122494      5.58778      
1597    2.90987       5.58843      
1598    1.63518       5.5887       
1599    0.691516      5.60087      
1600    5.49563       5.60117      
1601    3.50134       5.60137      
1602    17.2419       5.61885      
1603    0.153509      5.61886      
1604    41.6111       5.63339      
1605    0.901467      5.63345      
1606    0.362802      5.6337       
1607    0.358047      5.64465      
1608    34.5759       5.64548      
1609    0.0613269     5.64555      
1610    111.711       5.6462       
1611    0.321485      5.64993      
1612    26.2489       5.65017      
1613    0.57254       5.65018      
1614    14.7449       5.65626      
1615    1.49622       5.65632      
1616    1.74843       5.65664      
1617    15.8427       5.65708      
1618    1.38858       5.6588       
1619    3.34412       5.65983      
1620    0.297835      5.65985      
1621    7.19104       5.66089      
1622    37.229        5.66149      
1623    2.06363       5.67399      
1624    3.6906        5.67502      
1625    3.61281       5.6774       
1626    2.06241       5.67743      
1627    20.0819       5.6788       
1628    5.64739       5.67889      
1629    4.33424       5.67944      
1630    14.1373       5.69478      
1631    0.977433      5.69483      
1632    0.355224      5.69825      
1633    0.822779      5.69836      
1634    10.9873       5.69838      
1635    2.51025       5.71213      
1636    2.50429       5.71215      
1637    0.237366      5.71399      
1638    2.88868       5.71406      
1639    10.8462       5.71414      
1640    6.82437       5.71415      
1641    3.25129       5.71498      
1642    3.93781       5.71885      
1643    1.83873       5.71904      
1644    13.2764       5.73091      
1645    5.52817       5.73098      
1646    1.01016       5.74657      
1647    8.62608       5.74662      
1648    0.122098      5.78305      
1649    12.2215       5.78343      
1650    237.882       5.78383      
1651    0.982502      5.78546      
1652    21957.9       5.79592      
1653    0.0122828     5.79595      
1654    0.0981239     5.79768      
1655    0.143815      5.79958      
1656    0.162738      5.80054      
1657    0.185937      5.80186      
1658    0.202777      5.80295      
1659    0.210042      5.80343      
1660    0.224644      5.80442      
1661    0.23656       5.80528      
1662    0.251297      5.80643      
1663    0.260386      5.80718      
1664    0.271173      5.80813      
1665    0.277977      5.8087       
1666    0.294633      5.81018      
1667    0.303978      5.81113      
1668    0.313397      5.81212      
1669    0.320735      5.81287      
1670    0.33712       5.81468      
1671    0.347202      5.81602      
1672    1.4344        5.81898      
1673    1.43393       5.81902      
1674    4.06095       5.82463      
1675    2.00758       5.82469      
1676    6.77404       5.82487      
1677    21.8442       5.83976      
1678    98.6612       5.84295      
1679    2.79169       5.84367      
1680    36.8523       5.8579       
1681    14.5812       5.85807      
1682    8.92902       5.8665       
1683    15.2335       5.86707      
1684    1.10948       5.86731      
1685    17.8869       5.87087      
1686    2.04418       5.87417      
1687    2.07576       5.87449      
1688    0.289831      5.88788      
1689    4.38341       5.88791      
1690    2.04086       5.92223      
1691    15.2554       5.92287      
1692    5.62614       5.94493      
1693    0.351724      5.94507      
1694    2.92722       5.94649      
1695    140.712       5.94657      
1696    3.32735       5.94773      
1697    0.500667      5.94873      
1698    19.0424       5.96189      
1699    3.2874        5.96214      
1700    2.1534        5.98541      
1701    13.0335       5.98541      
1702    1.26619       5.98571      
1703    17.7732       5.98635      
1704    0.342071      6.01191      
1705    8.9252        6.01197      
1706    11.9113       6.01222      
1707    15.8611       6.01438      
1708    15.8803       6.02571      
1709    3.65164       6.02601      
1710    12.1418       6.05277      
1711    0.126482      6.05373      
1712    26.3294       6.05375      
1713    2.70684       6.05409      
1714    3.27062       6.05476      
1715    0.663148      6.06794      
1716    9.16904       6.06818      
1717    0.443802      6.06825      
1718    3.78669       6.06996      
1719    2.09666       6.07036      
1720    11.0159       6.08137      
1721    4.26715       6.08148      
1722    5.06158       6.0866       
1723    156.616       6.08783      
1724    0.222393      6.08809      
1725    2.62725       6.08822      
1726    1.22747       6.08859      
1727    0.576239      6.08988      
1728    9.1189        6.10899      
1729    1.85309       6.10905      
1730    10.1399       6.10954      
1731    7.09863       6.11295      
1732    1.16416       6.11533      
1733    164.518       6.1155       
1734    6.48886       6.13276      
1735    0.334523      6.13327      
1736    21.016        6.13335      
1737    4.62477       6.13401      
1738    7.17582       6.1432       
1739    39.849        6.14358      
1740    8.6051        6.14926      
1741    12.7666       6.177        
1742    8.1174        6.1776       
1743    1.90515       6.19048      
1744    2.99332       6.1907       
1745    4.82005       6.19085      
1746    21.6978       6.19567      
1747    5.68482       6.19757      
1748    9.26072       6.19772      
1749    0.74376       6.19821      
1750    8.13939       6.20045      
1751    0.451416      6.20109      
1752    3.94463       6.20112      
1753    14.8327       6.20209      
1754    58.081        6.22096      
1755    6.23105       6.22117      
1756    0.382262      6.22268      
1757    15.7267       6.2228       
1758    7.68179       6.22304      
1759    3.55375       6.22485      
1760    6.87966       6.25088      
1761    11.0764       6.25103      
1762    0.878961      6.25439      
1763    14.9826       6.25535      
1764    0.301209      6.25539      
1765    1.2857        6.25582      
1766    12.2848       6.25609      
1767    2.04352       6.25611      
1768    1.66961       6.25654      
1769    16.5922       6.2764       
