0       14.8857       0.0257722    
1       4.63594       0.0800641    
2       5.38611       0.0951085    
3       1.86665       0.0960232    
4       6.27929       0.096989     
5       9.71373       0.104519     
6       4.40502       0.112785     
7       4.45628       0.128885     
8       51.9251       0.130558     
9       10.5062       0.131921     
10      9.36004       0.151023     
11      63.6403       0.164173     
12      10.6038       0.170573     
13      5.50137       0.180287     
14      5.23888       0.197388     
15      2.85307       0.224749     
16      24.6478       0.287321     
17      11.5063       0.290298     
18      9.79351       0.325629     
19      7.79346       0.325815     
20      3.30631       0.329665     
21      7.83995       0.337895     
22      9.03374       0.342923     
23      16.3021       0.356606     
24      2.11331       0.363028     
25      4.65317       0.363394     
26      5.88773       0.372569     
27      43.0819       0.462062     
28      14.0828       0.529805     
29      2.46863       0.58518      
30      2.11806       0.586075     
31      3.79967       0.587024     
32      3.10293       0.587631     
33      8.2134        0.591553     
34      4.69135       0.594798     
35      7.98475       0.634302     
36      1.82269       0.657028     
37      2.79751       0.657124     
38      7.27312       0.669751     
39      17.9298       0.718422     
40      29.6486       0.73302      
41      21.8597       0.735201     
42      4.1093        0.810593     
43      38.5544       0.818264     
44      9.99866       0.852776     
45      13.6664       0.886491     
46      10.9854       0.886887     
47      56.9215       0.905395     
48      0.998355      0.909183     
49      193.645       0.925343     
50      93.81         0.934874     
51      36.9255       0.978821     
52      61.2519       1.0011       
53      87.2491       1.0191       
54      4.17789       1.06254      
55      0.901399      1.06269      
56      13.949        1.08224      
57      1.37458       1.08558      
58      13.9848       1.08896      
59      25.0065       1.11231      
60      10.5886       1.14913      
61      5.15872       1.15449      
62      22.1218       1.16671      
63      4.68632       1.18965      
64      13.1852       1.20539      
65      11.2993       1.20623      
66      4.63678       1.21119      
67      10.3598       1.2477       
68      8.18409       1.29533      
69      3.48813       1.32098      
70      26.2099       1.36445      
71      46.7273       1.37341      
72      27.4621       1.38108      
73      13.5594       1.4034       
74      14.0941       1.41287      
75      1.55081       1.41714      
76      3.72435       1.48493      
77      2.27719       1.48805      
78      3.07582       1.48834      
79      2.2363        1.48879      
80      3.13868       1.48883      
81      7.12435       1.49038      
82      26.9696       1.49547      
83      31.0171       1.56931      
84      33.2701       1.63432      
85      13.2374       1.7155       
86      22.0029       1.71831      
87      10.0447       1.71914      
88      8.65083       1.7416       
89      83.6734       1.75257      
90      25.3713       1.7685       
91      9.74189       1.77338      
92      20.3797       1.78469      
93      20.0123       1.7926       
94      2.36436       1.80637      
95      1.38778       1.82474      
96      3.56584       1.82477      
97      6.99441       1.84077      
98      1.36626       1.85111      
99      8.45356       1.85141      
100     3.72526       1.85894      
101     7.58957       1.86057      
102     15.7868       1.90957      
103     24.9116       1.94853      
104     20.6348       1.96186      
105     40.6065       1.9993       
106     113.134       2.0439       
107     24.6245       2.04634      
108     0.729397      2.04873      
109     12.8972       2.09789      
110     1.43621       2.09829      
111     8.58432       2.16731      
112     62.2295       2.20976      
113     46.8166       2.24604      
114     26.245        2.35222      
115     8.38686       2.41891      
116     22.8357       2.45418      
117     8.16095       2.45831      
118     27.4587       2.49988      
119     37.2033       2.51922      
120     43.1251       2.52533      
121     15.7313       2.53084      
122     39.9211       2.53172      
123     6.0782        2.53582      
124     60.1178       2.54032      
125     39.4874       2.55164      
126     12.6859       2.58002      
127     18.6178       2.59183      
128     10.0726       2.59248      
129     7.88617       2.59851      
130     4.02892       2.60708      
131     3.16693       2.61174      
132     39.5082       2.65704      
133     16.0086       2.66451      
134     4.79708       2.68499      
135     11.3484       2.91986      
136     11.3363       2.92001      
137     5.93539       2.92408      
138     7.29311       2.93048      
139     4.42599       2.94084      
140     14.4321       3.01418      
141     9.28344       3.03619      
142     12.9941       3.04884      
143     6.4088        3.05305      
144     5.70129       3.06655      
145     6.72254       3.09527      
146     2.96571       3.09556      
147     8.61891       3.12993      
148     6.65012       3.16013      
149     14.5894       3.17605      
150     3.63539       3.17623      
151     3.67859       3.20469      
152     22.4714       3.20575      
153     6.3525        3.2356       
154     3.73024       3.23614      
155     8.7248        3.23792      
156     5.40708       3.25303      
157     3.67936       3.25526      
158     8.54244       3.25617      
159     5.43799       3.25838      
160     3.27395       3.26797      
161     28.4672       3.27633      
162     3.70709       3.28035      
163     3.51968       3.28234      
164     2.14095       3.28465      
165     1.65392       3.30036      
166     13.2403       3.30349      
167     4.46466       3.3075       
168     2.16109       3.32276      
169     3.4981        3.33342      
170     16.6486       3.34455      
171     31.2067       3.3558       
172     12.4691       3.361        
173     19.5286       3.36199      
174     3.70196       3.39275      
175     4.16511       3.40816      
176     14.1813       3.48077      
177     34.362        3.4931       
178     7.97082       3.50188      
179     16.4283       3.52943      
180     14.2524       3.56437      
181     7.67627       3.60372      
182     5.14377       3.60464      
183     87.241        3.62174      
184     43.7955       3.64578      
185     11.9645       3.68913      
186     22.0628       3.71434      
187     12.7951       3.73089      
188     1.67556       3.75078      
189     3.36138       3.75124      
190     7.51733       3.76452      
191     4.8214        3.76469      
192     11.7935       3.79153      
193     13.4681       3.83482      
194     28.2799       3.92696      
195     22.3544       3.93419      
196     51.1134       3.93607      
197     18.518        3.94759      
198     40.4242       3.94905      
199     20.432        3.95572      
200     32.9716       3.97397      
201     4.16364       3.99765      
202     2.859         4.01675      
203     9.63882       4.03363      
204     5.08007       4.0338       
205     15.387        4.0499       
206     4.86154       4.0512       
207     12.4319       4.05409      
208     2.2796        4.06091      
209     2.28849       4.07577      
210     9.28606       4.07867      
211     10.9418       4.09239      
212     13.8605       4.09486      
213     6.84833       4.09548      
214     7.26868       4.11868      
215     23.2436       4.14311      
216     24.5704       4.14756      
217     6.68094       4.1888       
218     24.5753       4.23248      
219     7.01238       4.29899      
220     20.076        4.31668      
221     1.11373       4.32323      
222     3.8346        4.32378      
223     24.4474       4.3386       
224     6.90928       4.35204      
225     2.11592       4.37712      
226     6.09511       4.37932      
227     2.77542       4.38193      
228     4.16902       4.38282      
229     1.72763       4.48884      
230     4.17463       4.49094      
231     8.03399       4.49228      
232     1.50769       4.49288      
233     2.74613       4.49289      
234     6.6166        4.51328      
235     3.56615       4.51354      
236     5.54458       4.53782      
237     2.69872       4.53848      
238     2.38132       4.54371      
239     3.29876       4.54398      
240     19.9775       4.56394      
241     25.8541       4.60869      
242     52.2065       4.62619      
243     48.3067       4.73202      
244     32.9299       4.73297      
245     61.6356       4.74873      
246     12.9703       4.76095      
247     8.88324       4.76844      
248     6.83796       4.8058       
249     13.8248       4.80861      
250     6.94017       4.81264      
251     33.0094       4.85322      
252     9.66211       4.85644      
253     17.7195       4.92112      
254     26.9116       4.9261       
255     12.8099       4.95503      
256     18.857        4.98482      
257     17.6941       4.98744      
258     6.1233        4.99265      
259     8.9597        5.02575      
260     10.1954       5.06132      
261     4.55314       5.06288      
262     3.71067       5.07038      
263     13.5349       5.13975      
264     36.2277       5.14275      
265     17.9401       5.14772      
266     21.3188       5.15947      
267     12.4039       5.16063      
268     13.3318       5.23145      
269     4.28629       5.23199      
270     1.95944       5.23577      
271     12.2918       5.26058      
272     5.79061       5.26292      
273     18.9465       5.32243      
274     25.605        5.32294      
275     33.5376       5.32322      
276     7.19096       5.35014      
277     13.7967       5.49411      
278     18.72         5.55505      
279     6.22315       5.5696       
280     6.20334       5.57134      
281     21.0199       5.60818      
282     7.74088       5.61581      
283     11.0439       5.65726      
284     2.26329       5.65808      
285     3.94022       5.6767       
286     1.98095       5.67853      
287     8.91747       5.68214      
288     8.18156       5.68284      
289     12.4767       5.72106      
290     7.15061       5.72396      
291     20.094        5.74486      
292     8.78491       5.74595      
293     4.10716       5.74906      
294     30.4525       5.75491      
295     19.7123       5.76785      
296     20.9322       5.77209      
297     15.7717       5.77308      
298     17.4381       5.79854      
299     19.5432       5.80268      
300     6.54677       5.82855      
301     5.34861       5.84632      
302     12.9695       5.87745      
303     5.70424       5.88406      
304     41.8108       5.96123      
305     32.1033       5.97177      
306     22.0891       5.99547      
307     10.5565       5.99763      
308     1.53766       5.99801      
309     12.5359       6.02441      
310     1.74192       6.06372      
311     18.0472       6.06638      
312     4.68106       6.06975      
313     1.56872       6.09423      
314     13.2168       6.09646      
315     31.7037       6.11354      
316     6.76395       6.15821      
317     10.2875       6.1624       
318     30.7783       6.25737      
319     106.305       6.27603      
