0       6.15282       0.00470973   
1       6.04787       0.0247801    
2       4.24707       0.0275813    
3       1.35545       0.0285383    
4       1.4226        0.028677     
5       2.57811       0.0320931    
6       2.5673        0.0321499    
7       3.86554       0.0328569    
8       4.06652       0.0365121    
9       0.490884      0.0366513    
10      1.29349       0.0372488    
11      6.65591       0.0505471    
12      4.40305       0.0506805    
13      5.78655       0.0576867    
14      3.73471       0.057865     
15      1.18144       0.0630019    
16      1.10409       0.0631406    
17      5.45033       0.063442     
18      4.71595       0.0699212    
19      3.7241        0.0701439    
20      3.50391       0.0769952    
21      5.69482       0.0780121    
22      6.2465        0.0806392    
23      12.7131       0.0956468    
24      5.05579       0.0962175    
25      2.82006       0.113289     
26      7.063         0.116609     
27      7.07653       0.117455     
28      3.7772        0.125471     
29      5.72999       0.127348     
30      6.05855       0.136852     
31      5.94105       0.137254     
32      2.05827       0.139389     
33      1.89661       0.141893     
34      2.83055       0.142059     
35      2.10999       0.149595     
36      4.78613       0.150294     
37      5.28203       0.153783     
38      7.6813        0.158563     
39      20.5138       0.167509     
40      3.94552       0.169033     
41      3.94531       0.169352     
42      3.74485       0.178558     
43      1.95796       0.179518     
44      1.43519       0.182905     
45      2.20559       0.182963     
46      0.436681      0.186525     
47      9.20883       0.186936     
48      9.03562       0.18875      
49      1.6418        0.192373     
50      5.9026        0.193663     
51      4.57942       0.196353     
52      1.97809       0.1993       
53      2.0758        0.199818     
54      2.81076       0.208285     
55      1.64984       0.209739     
56      0.368336      0.209774     
57      5.80801       0.213309     
58      5.8223        0.2248       
59      9.45551       0.229244     
60      8.31626       0.229567     
61      6.01092       0.230947     
62      3.18795       0.233106     
63      4.22635       0.244824     
64      5.22182       0.244847     
65      3.67552       0.257817     
66      3.49309       0.258755     
67      3.67158       0.262014     
68      7.04835       0.264774     
69      2.98838       0.273782     
70      2.96524       0.273899     
71      3.19487       0.277134     
72      5.44161       0.277829     
73      1.86314       0.294338     
74      3.03727       0.294823     
75      26.5739       0.304587     
76      72.4511       0.311298     
77      2.57496       0.316169     
78      2.59252       0.316519     
79      2.62731       0.337675     
80      0.827997      0.341518     
81      3.97666       0.341566     
82      6.52446       0.34927      
83      0.557907      0.349689     
84      1.32149       0.349886     
85      8.34357       0.359915     
86      187.675       0.367878     
87      5.85754       0.384385     
88      9.38778       0.385143     
89      109.18        0.38763      
90      0.914682      0.402612     
91      1.77873       0.40297      
92      11.2099       0.407179     
93      2.70276       0.410095     
94      0.245745      0.410158     
95      1.79107       0.420063     
96      2.06812       0.421743     
97      2.08219       0.421807     
98      9.55144       0.441392     
99      1.23759       0.447594     
100     2.00493       0.447807     
101     20.7824       0.454263     
102     4.67791       0.455313     
103     2.74989       0.468391     
104     3.22543       0.469503     
105     1.76518       0.470285     
106     3.36199       0.474059     
107     3.28784       0.477705     
108     0.160004      0.477716     
109     0.594723      0.480045     
110     2.57329       0.480188     
111     2.49735       0.484366     
112     1.65082       0.484566     
113     4.98652       0.488779     
114     8.41404       0.489987     
115     1.32756       0.492761     
116     5.27465       0.497967     
117     7.5663        0.504944     
118     2.45347       0.5067       
119     2.45701       0.506784     
120     6.23522       0.507235     
121     2.26432       0.510207     
122     4.21895       0.516347     
123     2.2441        0.516537     
124     2.57756       0.527638     
125     4.90224       0.530984     
126     7.28119       0.531578     
127     2.09102       0.533923     
128     3.36576       0.537212     
129     7.88812       0.542929     
130     3.4306        0.542997     
131     4.05862       0.553951     
132     3.58222       0.555996     
133     2.66389       0.556095     
134     2.63249       0.565818     
135     3.42011       0.567029     
136     4.81095       0.569057     
137     24.1094       0.570611     
138     7.78716       0.577904     
139     2.493         0.581279     
140     0.88422       0.581997     
141     4.73769       0.583275     
142     0.75282       0.583715     
143     3.06666       0.588771     
144     3.10894       0.589167     
145     2.98936       0.602041     
146     2.97257       0.602178     
147     4.02824       0.607873     
148     5.99359       0.608563     
149     19.95         0.616455     
150     4.04609       0.625805     
151     5.9967        0.626302     
152     3.85282       0.635396     
153     2.96151       0.635476     
154     3.35908       0.64481      
155     2.64279       0.650321     
156     3.52311       0.650576     
157     5.66205       0.6519       
158     18.8919       0.662308     
159     46.9224       0.665094     
160     11.0499       0.666212     
161     26.1232       0.683732     
162     5.41039       0.688388     
163     3.93585       0.69169      
164     4.03188       0.693425     
165     8.00629       0.700182     
166     3.08393       0.701886     
167     3.96805       0.702271     
168     1.43902       0.70946      
169     2.97637       0.709511     
170     4.06313       0.710928     
171     0.607796      0.71336      
172     4.13469       0.71358      
173     3.63137       0.722733     
174     3.62179       0.722883     
175     8.17267       0.725354     
176     6.37193       0.73708      
177     12.5491       0.739539     
178     1.82819       0.739811     
179     5.0567        0.754175     
180     7.24582       0.762548     
181     0.448544      0.762976     
182     37.1197       0.769606     
183     8.72188       0.775407     
184     7.72872       0.775961     
185     4.47425       0.789729     
186     11.496        0.790447     
187     4.01143       0.797803     
188     4.04314       0.79862      
189     3.86357       0.808082     
190     4.89086       0.808572     
191     6.6974        0.808661     
192     7.70222       0.825871     
193     4.14729       0.825931     
194     7.58779       0.827287     
195     3.62616       0.835216     
196     0.9987        0.835817     
197     3.44215       0.839902     
198     7.20894       0.84004      
199     2.43582       0.840262     
200     5.07015       0.840935     
201     4.54382       0.84615      
202     4.62503       0.846878     
203     2.86337       0.852925     
204     2.47428       0.853933     
205     2.536         0.854753     
206     3.69492       0.856404     
207     2.63114       0.859774     
208     1.82368       0.860064     
209     1.70341       0.862354     
210     2.42505       0.862726     
211     4.52507       0.865728     
212     6.02742       0.866519     
213     2.37495       0.871308     
214     1.53209       0.871801     
215     2.70289       0.873273     
216     2.88385       0.87793      
217     10.2333       0.878475     
218     21.5251       0.880723     
219     6.04411       0.889208     
220     3.26162       0.896526     
221     3.26439       0.896577     
222     5.77816       0.908465     
223     3.27163       0.908575     
224     0.484105      0.912117     
225     14.7516       0.912516     
226     2.22394       0.934712     
227     2.19784       0.934851     
228     3.88965       0.938035     
229     0.747051      0.938298     
230     4.24905       0.943173     
231     5.25341       0.943746     
232     11.8672       0.951567     
233     0.995277      0.959987     
234     2.74274       0.961104     
235     3.61224       0.961658     
236     2.90345       0.962394     
237     19.7672       0.965871     
238     3.10677       0.972005     
239     11.5638       0.973233     
240     2.20745       0.983796     
241     5.67554       0.986168     
242     1.76987       0.986529     
243     3.32656       0.986535     
244     1.47205       0.987553     
245     2.20875       0.98963      
246     2.32147       0.991819     
247     3.04158       0.994847     
248     4.68483       0.994859     
249     5.77651       1.00258      
250     3.65917       1.00261      
251     3.66509       1.01856      
252     4.01406       1.02108      
253     3.96909       1.02291      
254     4.45596       1.02484      
255     14.3892       1.04378      
256     5.8844        1.04475      
257     1.91173       1.06628      
258     2.73162       1.06832      
259     6.98502       1.06867      
260     3.78626       1.08363      
261     5.10483       1.08437      
262     2.69197       1.08905      
263     8.28234       1.09563      
264     17.2878       1.10391      
265     3.86961       1.12111      
266     5.93132       1.1212       
267     132.856       1.12254      
268     132.385       1.12878      
269     3.57659       1.13108      
270     6.63542       1.14209      
271     3.58614       1.14447      
272     0.337127      1.14472      
273     2.08583       1.15118      
274     2.09635       1.15153      
275     2.22809       1.15619      
276     2.24285       1.15639      
277     2.65897       1.16415      
278     2.66751       1.16431      
279     11.2166       1.18922      
280     4.81752       1.18951      
281     0.668164      1.19068      
282     5.88623       1.20293      
283     4.7378        1.22455      
284     12.1672       1.22744      
285     0.2043        1.22751      
286     3.26563       1.2305       
287     4.65178       1.23957      
288     3.62105       1.24015      
289     1.20165       1.24151      
290     0.405092      1.2477       
291     1.48623       1.24774      
292     4.19242       1.24956      
293     0.900469      1.25075      
294     3.33821       1.25156      
295     0.112966      1.25157      
296     5.32887       1.2565       
297     2.92976       1.25822      
298     0.660301      1.25852      
299     4.32692       1.26359      
300     2.35009       1.26433      
301     1.94392       1.27165      
302     2.81496       1.27246      
303     2.93838       1.2752       
304     4.55415       1.27678      
305     39.6283       1.2798       
306     40.6661       1.28052      
307     2.93622       1.28503      
308     3.10355       1.28996      
309     3.79963       1.29672      
310     3.80129       1.29674      
311     4.10563       1.31122      
312     4.02547       1.31182      
313     4.02476       1.31184      
314     0.53883       1.31635      
315     3.3037        1.31649      
316     3.91882       1.32235      
317     5.86024       1.32342      
318     14.6522       1.33082      
319     4.75363       1.33142      
320     5.87686       1.34583      
321     4.85024       1.3459       
322     0.755612      1.34596      
323     4.91273       1.3462       
324     6.36343       1.3555       
325     0.171378      1.35749      
326     3.75122       1.35751      
327     5.69749       1.36487      
328     4.79727       1.36495      
329     4.51366       1.376        
330     4.47643       1.37614      
331     1.2133        1.37628      
332     7.7815        1.37699      
333     8.0095        1.39103      
334     4.7668        1.39182      
335     7.96853       1.4112       
336     6.52453       1.41548      
337     0.424138      1.41565      
338     0.575372      1.42027      
339     10.3174       1.42074      
340     5.19652       1.42308      
341     4.78124       1.43347      
342     3.76692       1.43359      
343     6.10478       1.44344      
344     8.11506       1.44637      
345     13.7594       1.45129      
346     0.850337      1.45691      
347     6.45184       1.45764      
348     0.225253      1.45769      
349     6.09948       1.46895      
350     10.1826       1.47103      
351     6.89822       1.47166      
352     3.68358       1.47322      
353     14.2431       1.48762      
354     10.2768       1.48788      
355     6.11848       1.50463      
356     8.54613       1.50758      
357     7.01614       1.5325       
358     10.6524       1.53543      
359     1.94524       1.53589      
360     9.44729       1.5359       
361     5.37849       1.53948      
362     3.23608       1.54756      
363     3.2321        1.54821      
364     1.02878       1.55362      
365     10.2138       1.55505      
366     4.19088       1.55637      
367     25.011        1.57355      
368     3.04639       1.58644      
369     2.63293       1.58757      
370     3.79234       1.58764      
371     3.19624       1.59089      
372     2.09798       1.59093      
373     2.28981       1.60582      
374     3.54259       1.60677      
375     17.3237       1.61234      
376     3.20819       1.61335      
377     6.69995       1.61369      
378     2.45743       1.6192       
379     1.55413       1.61932      
380     2.96537       1.6216       
381     3.1394        1.62291      
382     1.94839       1.62731      
383     5.83681       1.62765      
384     1.92891       1.62886      
385     2.06605       1.63063      
386     4.00435       1.63226      
387     3.56967       1.63354      
388     11.5254       1.6473       
389     4.01423       1.64876      
390     6.11297       1.65623      
391     3.74237       1.65725      
392     3.74239       1.65726      
393     6.03936       1.65775      
394     7.49203       1.66351      
395     0.878926      1.67086      
396     7.82278       1.67147      
397     2.4172        1.68139      
398     3.22225       1.68436      
399     8.05599       1.68557      
400     15.6946       1.68668      
401     3.59973       1.69703      
402     5.63728       1.69727      
403     0.615951      1.69782      
404     6.60013       1.71981      
405     9.86423       1.72053      
406     15.3177       1.72212      
407     2.11327       1.72996      
408     2.60044       1.73143      
409     2.62079       1.73149      
410     2.63126       1.7373       
411     4.50241       1.74128      
412     16.8326       1.74537      
413     11.1723       1.74979      
414     8.32369       1.75005      
415     2.46939       1.75192      
416     2.68196       1.75682      
417     2.19218       1.76204      
418     2.19754       1.76227      
419     0.657167      1.77056      
420     8.6701        1.77103      
421     6.49585       1.77656      
422     4.02624       1.77731      
423     11.7292       1.77826      
424     2.93375       1.77862      
425     3.59044       1.78657      
426     12.2572       1.78721      
427     0.555949      1.78786      
428     2.19367       1.79071      
429     0.963624      1.79111      
430     5.20095       1.80804      
431     4.03588       1.80833      
432     4.01998       1.8141       
433     9.20619       1.82059      
434     12.2827       1.82284      
435     5.79905       1.82438      
436     5.96918       1.82809      
437     6.74236       1.83557      
438     4.72777       1.84246      
439     0.4988        1.84258      
440     3.18694       1.84738      
441     9.53767       1.85015      
442     2.25482       1.85489      
443     0.691456      1.85503      
444     2.31916       1.85829      
445     2.30842       1.8585       
446     4.13246       1.86227      
447     2.86293       1.86237      
448     7.93816       1.87812      
449     2.03878       1.87871      
450     2.55164       1.88191      
451     1.02375       1.8822       
452     12.0383       1.88301      
453     12.9117       1.89401      
454     3.49284       1.8944       
455     5.12935       1.90933      
456     1.04958       1.90966      
457     1.10895       1.90972      
458     3.53755       1.91884      
459     5.08752       1.91893      
460     4.43112       1.93062      
461     5.7602        1.93115      
462     4.62335       1.9336       
463     4.12045       1.94823      
464     6.51928       1.9496       
465     8.48672       1.95242      
466     0.435484      1.95264      
467     2.97544       1.95872      
468     5.93195       1.96034      
469     2.85228       1.9608       
470     1.74871       1.96158      
471     2.79644       1.96163      
472     4.50749       1.97204      
473     3.41165       1.97208      
474     1.38774       1.97383      
475     0.358891      1.97387      
476     6.55193       1.98054      
477     5.28912       1.9825       
478     22.905        1.98585      
479     4.59393       1.98909      
480     3.20416       2.0033       
481     11.2098       2.00384      
482     2.66173       2.01801      
483     2.64566       2.01822      
484     7.92723       2.02571      
485     0.797153      2.02637      
486     6.13642       2.02962      
487     8.48073       2.034        
488     5.07906       2.03479      
489     1.00737       2.03485      
490     3.74959       2.04614      
491     6.60556       2.04694      
492     4.58624       2.05036      
493     4.56006       2.05407      
494     3.67206       2.05484      
495     4.52263       2.06374      
496     1.42762       2.06496      
497     1.46196       2.06508      
498     5.12123       2.06809      
499     6.52453       2.07505      
500     3.96489       2.07512      
501     4.83964       2.08923      
502     27.3966       2.08961      
503     9.35437       2.09602      
504     3.06939       2.12805      
505     10.1231       2.12984      
506     11.9523       2.1316       
507     3.98976       2.13232      
508     0.13682       2.13893      
509     2.55432       2.13893      
510     12.4951       2.14872      
511     7.60844       2.14883      
512     7.59138       2.14924      
513     1.8465        2.1587       
514     1.10796       2.15876      
515     2.11965       2.15925      
516     2.08336       2.161        
517     1.47272       2.16279      
518     0.374107      2.16283      
519     6.54435       2.17126      
520     16.4666       2.17411      
521     15.5003       2.17496      
522     20.9302       2.17619      
523     5.67118       2.18158      
524     25.6403       2.18486      
525     3.8133        2.19918      
526     4.87817       2.2067       
527     4.51223       2.20808      
528     1.82039       2.20893      
529     6.61024       2.21886      
530     21.81         2.2259       
531     26.6252       2.23941      
532     1.41819       2.24487      
533     1.42345       2.24494      
534     1.66193       2.24848      
535     1.66558       2.24856      
536     9.94076       2.25628      
537     2.468         2.25669      
538     2.46423       2.25722      
539     0.492834      2.26288      
540     6.48902       2.26319      
541     3.32416       2.26395      
542     2.09235       2.27116      
543     4.81552       2.27118      
544     2.5016        2.27306      
545     5.55285       2.27986      
546     4.44103       2.2799       
547     4.54569       2.28065      
548     13.2609       2.30408      
549     5.22092       2.30475      
550     14.996        2.32363      
551     7.19398       2.32391      
552     2.70404       2.32768      
553     9.91577       2.34373      
554     0.915452      2.35171      
555     0.545893      2.35255      
556     13.1815       2.35328      
557     4.19977       2.35391      
558     4.79743       2.3716       
559     5.77974       2.37254      
560     4.19607       2.37884      
561     4.29873       2.37996      
562     17.7823       2.38379      
563     8.39399       2.39669      
564     3.29911       2.3968       
565     4.11248       2.40374      
566     2.80492       2.40392      
567     0.739136      2.40842      
568     32.8621       2.41056      
569     0.80208       2.41205      
570     5.86415       2.41211      
571     1.26804       2.41642      
572     1.2719        2.41645      
573     1.99705       2.42024      
574     3.83449       2.42053      
575     3.92624       2.46487      
576     5.68104       2.46645      
577     3.47058       2.46741      
578     5.82085       2.47344      
579     6.5044        2.47722      
580     4.65229       2.47981      
581     5.77783       2.48731      
582     3.90839       2.48856      
583     1.98447       2.49123      
584     3.2313        2.49415      
585     3.23408       2.49439      
586     14.6699       2.49598      
587     3.32478       2.49886      
588     3.33229       2.49902      
589     3.66713       2.50373      
590     3.7204        2.50483      
591     6.02214       2.51054      
592     5.30764       2.51197      
593     6.2893        2.52474      
594     3.58101       2.52857      
595     3.31557       2.53184      
596     17.2213       2.53193      
597     3.45318       2.53463      
598     29.4271       2.53914      
599     4.6153        2.53998      
600     2.79849       2.54415      
601     6.9721        2.54494      
602     2.98889       2.54525      
603     2.98865       2.56372      
604     2.32012       2.56816      
605     10.1741       2.57084      
606     4.76167       2.57285      
607     10.333        2.57894      
608     3.8989        2.58119      
609     6.15234       2.58499      
610     6.14416       2.58503      
611     1.85887       2.58605      
612     2.43148       2.58854      
613     10.1072       2.59369      
614     9.52706       2.59471      
615     3.64373       2.60951      
616     3.40345       2.61076      
617     3.39231       2.6134       
618     3.86556       2.61662      
619     2.50312       2.61932      
620     5.47666       2.61981      
621     2.64362       2.62061      
622     28.8213       2.62343      
623     7.03366       2.62994      
624     17.3123       2.63562      
625     5.78309       2.63749      
626     7.20943       2.64357      
627     6.35704       2.64671      
628     7.38445       2.65637      
629     7.41178       2.65702      
630     9.12292       2.66697      
631     8.44797       2.67186      
632     23.2631       2.67503      
633     34.1219       2.67661      
634     4.06884       2.68158      
635     3.02139       2.68219      
636     9.10538       2.70263      
637     4.25706       2.7202       
638     3.21609       2.72032      
639     3.0999        2.72654      
640     4.12739       2.72662      
641     3.66868       2.73675      
642     2.62374       2.73711      
643     3.95913       2.74112      
644     6.48833       2.74362      
645     6.54463       2.75453      
646     2.37763       2.75503      
647     2.89304       2.76296      
648     2.44521       2.76573      
649     2.58136       2.76782      
650     85.3165       2.7694       
651     41.4513       2.77088      
652     2.81857       2.77287      
653     1.6886        2.77826      
654     6.07882       2.77914      
655     2.26822       2.78645      
656     10.1363       2.78648      
657     6.96924       2.79755      
658     2.86947       2.7978       
659     4.29168       2.81835      
660     13.8405       2.8192       
661     3.54123       2.84624      
662     4.45932       2.84782      
663     2.24174       2.84819      
664     1.20873       2.84845      
665     7.01492       2.85722      
666     6.64057       2.86057      
667     3.55874       2.86214      
668     5.59707       2.87448      
669     3.52178       2.87474      
670     8.33873       2.87877      
671     10.3917       2.87922      
672     3.16078       2.88146      
673     5.36799       2.88149      
674     2.98561       2.88667      
675     4.05538       2.9097       
676     7.26848       2.91141      
677     7.30938       2.91555      
678     6.49194       2.91896      
679     3.95604       2.92963      
680     2.75032       2.9307       
681     3.96323       2.93637      
682     3.64376       2.94011      
683     9.72946       2.94132      
684     6.60309       2.94586      
685     7.81246       2.96055      
686     7.34577       2.9664       
687     3.99883       2.9671       
688     8.18372       2.98405      
689     14.3804       2.9892       
690     6.91398       2.99465      
691     6.41701       3.01068      
692     9.71822       3.01695      
693     3.75704       3.01703      
694     7.53624       3.02804      
695     3.74203       3.02877      
696     3.38988       3.03852      
697     6.87118       3.04027      
698     3.33094       3.04198      
699     6.04908       3.05322      
700     15.6979       3.05611      
701     3.63131       3.05907      
702     3.01576       3.07439      
703     36.5501       3.08618      
704     9.94044       3.08969      
705     6.13522       3.09097      
706     2.97221       3.10524      
707     2.96478       3.10541      
708     3.04655       3.11071      
709     3.04865       3.11074      
710     5.05379       3.1244       
711     8.82102       3.12458      
712     1.99569       3.12699      
713     1.94492       3.13255      
714     4.55365       3.13282      
715     7.22195       3.14397      
716     6.19231       3.14451      
717     6.14671       3.1542       
718     2.77256       3.15991      
719     4.50464       3.16237      
720     2.25523       3.16285      
721     2.6627        3.16509      
722     2.29846       3.16986      
723     3.67503       3.17078      
724     2.37003       3.17228      
725     6.22122       3.17918      
726     4.12796       3.17949      
727     5.22445       3.18602      
728     3.21705       3.18949      
729     1.2866        3.18976      
730     3.24482       3.19435      
731     2.18907       3.19439      
732     48.4745       3.19769      
733     3.52547       3.1977       
734     78.1513       3.19816      
735     1.25345       3.1984       
736     3.19572       3.20303      
737     1.18573       3.20639      
738     3.00821       3.20651      
739     5.34157       3.20925      
740     1.80368       3.21556      
741     2.69649       3.21561      
742     2.17387       3.22212      
743     5.13696       3.22354      
744     5.95334       3.22693      
745     3.24374       3.2346       
746     4.82742       3.2521       
747     4.2591        3.25523      
748     4.4786        3.25708      
749     4.74238       3.26869      
750     4.36583       3.27177      
751     55.4778       3.27201      
752     4.5725        3.27524      
753     4.69551       3.28212      
754     4.87099       3.28473      
755     2.90625       3.2969       
756     2.57392       3.30036      
757     2.46649       3.30356      
758     14.8281       3.30414      
759     2.65826       3.3074       
760     9.4859        3.31604      
761     2.73393       3.31674      
762     6.59187       3.33388      
763     8.87799       3.3366       
764     8.21039       3.34903      
765     13.6563       3.35396      
766     4.59634       3.36766      
767     4.46019       3.36863      
768     3.34473       3.36925      
769     6.81688       3.38349      
770     3.91536       3.38874      
771     2.33016       3.39228      
772     7.59759       3.39252      
773     11.0909       3.40128      
774     5.01044       3.40459      
775     2.68263       3.4069       
776     6.5138        3.4161       
777     6.52498       3.41743      
778     293.838       3.42138      
779     2.62188       3.42681      
780     7.31028       3.4278       
781     7.09794       3.43216      
782     2.91368       3.44333      
783     4.10333       3.44474      
784     4.66556       3.44637      
785     8.03047       3.47519      
786     9.34791       3.48262      
787     5.76324       3.48372      
788     5.33488       3.49435      
789     5.32808       3.49544      
790     3.83525       3.50393      
791     3.46732       3.50552      
792     2.73646       3.50692      
793     3.85683       3.51315      
794     4.79075       3.5133       
795     9.12499       3.52489      
796     5.30733       3.52565      
797     6.94427       3.52799      
798     3.37807       3.5354       
799     3.97657       3.53674      
800     5.46794       3.53702      
801     4.00534       3.54131      
802     3.31338       3.54225      
803     3.68245       3.54487      
804     4.37557       3.54925      
805     1.74371       3.54942      
806     17.6486       3.55042      
807     2.30869       3.55537      
808     5.66513       3.55708      
809     3.03352       3.56019      
810     2.3782        3.56101      
811     3.54116       3.56725      
812     2.69359       3.56782      
813     3.75755       3.5748       
814     4.59293       3.57685      
815     6.9041        3.58131      
816     4.57087       3.59046      
817     5.50505       3.59121      
818     6.63569       3.59965      
819     7.55719       3.60265      
820     4.55674       3.60579      
821     4.56999       3.6155       
822     6.65672       3.61659      
823     7.06976       3.62458      
824     4.93326       3.6265       
825     6.18249       3.6405       
826     4.4728        3.64386      
827     4.67379       3.6463       
828     4.61855       3.65618      
829     4.35321       3.65837      
830     114.273       3.66013      
831     4.66436       3.66263      
832     6.84947       3.66619      
833     0.502206      3.68849      
834     2.54352       3.68867      
835     6.06862       3.70194      
836     7.89461       3.70195      
837     5.24407       3.72315      
838     119.202       3.72554      
839     5.40708       3.73737      
840     6.76503       3.73776      
841     4.99401       3.75213      
842     6.12284       3.75227      
843     4.6453        3.7624       
844     4.56238       3.76411      
845     5.61561       3.77021      
846     5.40871       3.77506      
847     4.55835       3.77619      
848     4.62269       3.78632      
849     5.28692       3.78843      
850     5.18335       3.79289      
851     4.41413       3.79589      
852     5.29682       3.80141      
853     5.36546       3.80339      
854     5.29995       3.81099      
855     5.1096        3.81358      
856     4.30816       3.81726      
857     5.1064        3.82113      
858     5.0673        3.82499      
859     4.27283       3.82851      
860     5.23699       3.8309       
861     4.41744       3.83851      
862     5.11496       3.84021      
863     5.15191       3.84486      
864     4.4662        3.84727      
865     5.58127       3.85398      
866     5.47352       3.8583       
867     4.71565       3.86056      
868     5.96171       3.87337      
869     5.95368       3.87362      
870     4.57153       3.88352      
871     5.39662       3.88671      
872     5.58403       3.88973      
873     2.57449       3.89543      
874     2.58821       3.89729      
875     5.60146       3.90478      
876     5.39292       3.90736      
877     5.60981       3.91095      
878     5.57864       3.92017      
879     5.41821       3.92265      
880     101.273       3.92547      
881     101.229       3.92651      
882     5.34908       3.9282       
883     4.38526       3.93029      
884     2.55913       3.9359       
885     2.08506       3.94076      
886     5.56726       3.9438       
887     5.64514       3.94445      
888     2.73778       3.94943      
889     7.07479       3.95935      
890     4.40701       3.96626      
891     4.41747       3.97486      
892     3.31639       3.97547      
893     12.4653       3.98223      
894     4.26868       3.98297      
895     3.16258       3.98366      
896     3.71713       3.99362      
897     3.36743       3.99543      
898     3.35475       3.99738      
899     3.63011       3.99909      
900     3.56894       4.00415      
901     3.43749       4.00525      
902     3.51995       4.00785      
903     3.74376       4.00925      
904     4.06722       4.01534      
905     4.95822       4.01791      
906     7.10751       4.02085      
907     3.48967       4.02971      
908     7.26303       4.02985      
909     5.3276        4.03994      
910     4.24163       4.04184      
911     6.5309        4.04484      
912     7.28278       4.05406      
913     5.3893        4.06313      
914     4.19392       4.06518      
915     4.21796       4.06821      
916     7.12955       4.07313      
917     5.5345        4.07462      
918     4.31156       4.08449      
919     7.1036        4.08473      
920     4.41949       4.08884      
921     6.71788       4.09027      
922     0.483089      4.10701      
923     4.42407       4.10732      
924     3.77783       4.10769      
925     7.46702       4.11636      
926     6.5466        4.11754      
927     4.66616       4.12866      
928     4.54211       4.12954      
929     4.44302       4.13381      
930     4.57302       4.13582      
931     6.87537       4.14449      
932     4.08002       4.14473      
933     6.00334       4.14475      
934     3.37117       4.15276      
935     5.78143       4.1539       
936     3.20268       4.15738      
937     4.24829       4.15786      
938     6.23          4.17069      
939     6.21934       4.17118      
940     17.2963       4.18031      
941     5.18053       4.1829       
942     6.50882       4.18309      
943     6.0526        4.20772      
944     0.706881      4.208        
945     10.2776       4.21531      
946     8.74966       4.26304      
947     8.7426        4.26317      
948     5.79845       4.26387      
949     4.47476       4.29459      
950     7.1783        4.29476      
951     7.15717       4.29513      
952     5.94263       4.31219      
953     4.73784       4.31254      
954     3.32153       4.31261      
955     32.5011       4.31489      
956     5.74698       4.32551      
957     3.49396       4.32554      
958     7.59276       4.32718      
959     4.01835       4.33466      
960     5.08897       4.3382       
961     3.36847       4.33941      
962     4.28895       4.3395       
963     5.54757       4.35047      
964     3.77282       4.35057      
965     4.70703       4.35236      
966     4.60792       4.35778      
967     5.87908       4.36571      
968     3.95528       4.36765      
969     5.75543       4.37215      
970     6.56203       4.37741      
971     4.79904       4.37943      
972     25.2215       4.38285      
973     3.42224       4.38642      
974     3.42334       4.38653      
975     6.91306       4.39308      
976     6.07311       4.39853      
977     6.2063        4.40082      
978     9.35133       4.41199      
979     4.75074       4.4124       
980     3.99892       4.42093      
981     2.82523       4.422        
982     3.1077        4.42299      
983     4.21913       4.43305      
984     3.05533       4.43403      
985     4.09344       4.43686      
986     4.35897       4.43807      
987     3.16762       4.44816      
988     3.88443       4.44902      
989     3.80324       4.45224      
990     3.9268        4.45337      
991     7.66536       4.46154      
992     6.69383       4.46235      
993     3.68494       4.47004      
994     2.7612        4.47022      
995     2.41884       4.47344      
996     3.92976       4.47792      
997     2.90027       4.47809      
998     3.98219       4.48528      
999     2.82131       4.48538      
1000    3.99239       4.49274      
1001    3.61881       4.49471      
1002    4.09277       4.49649      
1003    0.656047      4.51126      
1004    56.0479       4.51839      
1005    5.7297        4.51912      
1006    120.534       4.53274      
1007    8.09339       4.53305      
1008    3.6652        4.53365      
1009    3.4579        4.54187      
1010    4.95706       4.54513      
1011    2.62501       4.54738      
1012    4.78487       4.54741      
1013    3.96321       4.5555       
1014    4.91852       4.56104      
1015    2.91903       4.56199      
1016    6.56037       4.56609      
1017    4.49656       4.56793      
1018    2.60094       4.56816      
1019    4.79741       4.57618      
1020    2.79151       4.57712      
1021    4.82752       4.57921      
1022    3.53095       4.58204      
1023    2.52251       4.58999      
1024    4.83208       4.59018      
1025    4.89786       4.59073      
1026    4.85145       4.60021      
1027    2.52266       4.60093      
1028    4.79094       4.60185      
1029    0.451552      4.60548      
1030    67.5579       4.6077       
1031    4.6896        4.60852      
1032    2.6297        4.60938      
1033    4.75379       4.61087      
1034    4.55179       4.61657      
1035    2.52694       4.61733      
1036    4.59337       4.61803      
1037    4.57623       4.6252       
1038    2.66165       4.62545      
1039    4.61845       4.62636      
1040    4.74209       4.63236      
1041    2.87815       4.63347      
1042    4.72995       4.63404      
1043    4.78162       4.64119      
1044    2.9439        4.64172      
1045    4.77032       4.64192      
1046    4.98881       4.64944      
1047    3.14665       4.64985      
1048    5.0105        4.65009      
1049    3.3636        4.65897      
1050    5.24219       4.65906      
1051    5.29278       4.66003      
1052    6.12006       4.66782      
1053    3.96184       4.66856      
1054    6.37152       4.66907      
1055    5.30788       4.69713      
1056    5.15437       4.69792      
1057    4.23854       4.70404      
1058    4.10774       4.70503      
1059    3.83398       4.70866      
1060    3.76678       4.70957      
1061    1.66306       4.71188      
1062    1.6846        4.71205      
1063    7.46218       4.71651      
1064    4.03674       4.71818      
1065    4.03143       4.71992      
1066    4.71668       4.72295      
1067    2.8801        4.73261      
1068    1.87979       4.73275      
1069    3.07819       4.73571      
1070    11.1765       4.73943      
1071    7.70776       4.74025      
1072    6.84374       4.74098      
1073    4.86934       4.75365      
1074    2.68759       4.75455      
1075    1.70233       4.75541      
1076    4.60678       4.75721      
1077    2.32566       4.75943      
1078    3.45321       4.76168      
1079    1.83789       4.76174      
1080    2.9713        4.76506      
1081    4.71023       4.76545      
1082    5.11701       4.76815      
1083    2.26867       4.76862      
1084    3.38421       4.77841      
1085    0.395453      4.77998      
1086    6.43606       4.78012      
1087    0.998335      4.78079      
1088    3.02733       4.78739      
1089    0.424019      4.78743      
1090    4.81527       4.80071      
1091    7.89717       4.8015       
1092    1.85507       4.80696      
1093    1.75809       4.80731      
1094    3.54685       4.80931      
1095    5.88131       4.81016      
1096    4.25445       4.8214       
1097    9.57203       4.82317      
1098    2.11332       4.82349      
1099    0.87731       4.82438      
1100    2.40134       4.83637      
1101    2.58719       4.83867      
1102    5.96914       4.83962      
1103    8.98698       4.83993      
1104    4.54739       4.84252      
1105    8.03439       4.85484      
1106    5.97989       4.85505      
1107    7.02507       4.85522      
1108    2.14457       4.86121      
1109    2.16442       4.86132      
1110    5.48097       4.872        
1111    6.3321        4.87252      
1112    2.06864       4.87454      
1113    1.32048       4.87519      
1114    0.351029      4.87523      
1115    6.01775       4.89422      
1116    10.0403       4.89523      
1117    2.62676       4.8976       
1118    4.80696       4.90362      
1119    0.541569      4.90376      
1120    0.635051      4.90751      
1121    2.86355       4.90767      
1122    0.872484      4.90795      
1123    0.450278      4.92365      
1124    15.6665       4.92418      
1125    5.39622       4.92578      
1126    7.11408       4.92812      
1127    5.78215       4.92957      
1128    3.34489       4.92994      
1129    2.40061       4.9365       
1130    0.721426      4.93781      
1131    4.29198       4.93819      
1132    2.38783       4.93923      
1133    2.2936        4.94394      
1134    2.28936       4.94403      
1135    2.32053       4.94772      
1136    3.34753       4.94801      
1137    3.10652       4.9505       
1138    0.4647        4.95559      
1139    3.61898       4.95573      
1140    0.60014       4.95604      
1141    4.09778       4.95701      
1142    2.63174       4.96655      
1143    0.874163      4.96676      
1144    1.02399       4.97051      
1145    1.96309       4.97096      
1146    4.6187        4.97219      
1147    0.463571      4.9738       
1148    1.56929       4.97387      
1149    0.516858      4.98186      
1150    21.3873       4.98219      
1151    3.18429       4.99633      
1152    3.18358       4.99634      
1153    3.49169       5.00283      
1154    4.71785       5.01071      
1155    2.2794        5.01086      
1156    21.7338       5.01312      
1157    16.4425       5.01453      
1158    11.0691       5.01526      
1159    2.05296       5.01723      
1160    4.57556       5.01866      
1161    9.41254       5.02391      
1162    5.40454       5.0262       
1163    4.75362       5.06107      
1164    2.11813       5.06241      
1165    5.1007        5.06467      
1166    5.16706       5.06632      
1167    4.48607       5.06981      
1168    5.67557       5.07094      
1169    2.45289       5.08155      
1170    2.45516       5.08271      
1171    1.59082       5.08302      
1172    2.18515       5.08404      
1173    3.55196       5.08852      
1174    12.6329       5.09273      
1175    4.74394       5.09418      
1176    11.1021       5.09431      
1177    2.03099       5.10128      
1178    1.55491       5.10195      
1179    1.72244       5.10221      
1180    2.26603       5.10564      
1181    1.65705       5.10639      
1182    1.7366        5.10649      
1183    3.04546       5.11783      
1184    3.00544       5.118        
1185    7.99828       5.11937      
1186    2.81111       5.12176      
1187    4.10489       5.13499      
1188    2.84651       5.13507      
1189    0.865726      5.1351       
1190    10.2368       5.13567      
1191    5.03564       5.14155      
1192    3.28638       5.14247      
1193    2.8649        5.14861      
1194    1.94101       5.14872      
1195    6.35641       5.15433      
1196    8.75411       5.1555       
1197    3.64816       5.15551      
1198    2.22117       5.15876      
1199    3.43941       5.16597      
1200    9.97207       5.16893      
1201    16.7983       5.17515      
1202    2.08261       5.17556      
1203    5.1983        5.18045      
1204    4.20253       5.18086      
1205    3.42573       5.18959      
1206    3.42865       5.18971      
1207    5.83228       5.19623      
1208    5.0948        5.21773      
1209    5.01761       5.21854      
1210    6.5501        5.22601      
1211    5.27566       5.23873      
1212    2.15974       5.24614      
1213    25.1249       5.25147      
1214    10.5505       5.25158      
1215    2.04978       5.25777      
1216    2.25519       5.25985      
1217    1.81345       5.26853      
1218    4.42218       5.27003      
1219    3.49479       5.27003      
1220    3.91633       5.27951      
1221    3.91552       5.27964      
1222    4.83823       5.28727      
1223    2.58322       5.29369      
1224    0.117559      5.2937       
1225    1.42013       5.30709      
1226    11.79         5.30866      
1227    4.43734       5.31694      
1228    3.15477       5.31805      
1229    98.148        5.33663      
1230    95.4653       5.33976      
1231    17.012        5.34174      
1232    6.02717       5.34626      
1233    11.7943       5.34742      
1234    12.9335       5.36747      
1235    9.45857       5.36753      
1236    11.5005       5.36954      
1237    1.28807       5.37372      
1238    9.00212       5.38132      
1239    18.3018       5.38275      
1240    1.23002       5.3845       
1241    1.64066       5.38785      
1242    1.75274       5.39011      
1243    1.84276       5.39187      
1244    1.55144       5.39677      
1245    7.47122       5.39731      
1246    1.78965       5.39895      
1247    2.489         5.40645      
1248    1.83724       5.41547      
1249    7.92222       5.41663      
1250    1.80909       5.4178       
1251    1.65057       5.42724      
1252    8.2453        5.42747      
1253    1.94541       5.43295      
1254    1.75363       5.43633      
1255    14.3124       5.44236      
1256    20.4022       5.44317      
1257    1.26588       5.4514       
1258    10.2044       5.45226      
1259    1.59445       5.45482      
1260    2.00344       5.46155      
1261    1.54975       5.46701      
1262    11.1561       5.46938      
1263    1.22487       5.47029      
1264    1.84518       5.47727      
1265    88.5766       5.48335      
1266    1.09678       5.48437      
1267    13.366        5.48664      
1268    14.6741       5.4922       
1269    1.03694       5.4935       
1270    1.54279       5.49627      
1271    1.905         5.49947      
1272    1.83428       5.50815      
1273    1.49578       5.51099      
1274    13.1032       5.5122       
1275    10.09         5.51753      
1276    1.42434       5.51825      
1277    1.75841       5.5199       
1278    2.26347       5.53095      
1279    1.75344       5.53412      
1280    7.6341        5.53761      
1281    9.34942       5.53787      
1282    8.57001       5.53865      
1283    2.27568       5.54414      
1284    2.10207       5.55398      
1285    8.52621       5.55491      
1286    2.17998       5.55614      
1287    5.25416       5.56973      
1288    5.94634       5.57388      
1289    0.800033      5.57438      
1290    2.27462       5.58036      
1291    1.8229        5.58302      
1292    7.91472       5.58434      
1293    1.59657       5.58872      
1294    11.46         5.59015      
1295    1.52098       5.59054      
1296    12.2334       5.60055      
1297    18.6556       5.60108      
1298    11.2303       5.60126      
1299    1.76277       5.60722      
1300    1.90556       5.60873      
1301    3.11113       5.61169      
1302    1.63362       5.6119       
1303    2.57302       5.61504      
1304    0.755271      5.62201      
1305    4.42518       5.62243      
1306    2.16168       5.62299      
1307    2.3042        5.63426      
1308    5.32324       5.63427      
1309    4.2915        5.64183      
1310    2.19911       5.64191      
1311    2.22752       5.65598      
1312    13.4603       5.65777      
1313    2.09752       5.65836      
1314    3.46119       5.66801      
1315    1.6593        5.66808      
1316    1.66295       5.67177      
1317    3.50479       5.67221      
1318    3.42586       5.67947      
1319    1.04328       5.67952      
1320    21.8805       5.68283      
1321    0.982444      5.68321      
1322    0.983833      5.68337      
1323    1.85206       5.68525      
1324    1.25209       5.68691      
1325    1.28001       5.68712      
1326    2.31393       5.68964      
1327    2.48742       5.7015       
1328    1.50393       5.70169      
1329    1.12342       5.70248      
1330    2.08069       5.7105       
1331    2.12691       5.71479      
1332    8.01745       5.71614      
1333    16.4592       5.71776      
1334    0.445054      5.71862      
1335    2.61362       5.73042      
1336    1.20605       5.7543       
1337    9.0491        5.756        
1338    0.743785      5.75662      
1339    0.525563      5.76038      
1340    10.3166       5.76048      
1341    1.04944       5.76217      
1342    0.184562      5.76666      
1343    178.592       5.7677       
1344    14.9795       5.77325      
1345    0.533045      5.77337      
1346    1.52611       5.77762      
1347    0.675293      5.7808       
1348    1.04534       5.79957      
1349    5.1617        5.7997       
1350    2.50654       5.84355      
1351    139.835       5.84501      
1352    2.3918        5.84829      
1353    1.35154       5.85926      
1354    0.951338      5.86096      
1355    9.84477       5.86127      
1356    1.17857       5.86842      
1357    8.97016       5.86926      
1358    1.20057       5.86995      
1359    7.8509        5.87979      
1360    1.41479       5.88007      
1361    1.41931       5.88376      
1362    1.4442        5.884        
1363    3.45904       5.89247      
1364    1.42597       5.89619      
1365    2.20734       5.89663      
1366    6.95155       5.89869      
1367    5.62193       5.91469      
1368    2.05167       5.92034      
1369    33.9819       5.92407      
1370    3.48809       5.92451      
1371    2.10063       5.92784      
1372    2.44513       5.93128      
1373    6.42328       5.94254      
1374    1.82973       5.94272      
1375    2.70469       5.947        
1376    3.6776        5.94711      
1377    2.75402       5.9512       
1378    2.42807       5.95851      
1379    7.49331       5.95878      
1380    3.3504        5.96736      
1381    2.12181       5.96796      
1382    4.42814       5.97044      
1383    0.501675      5.97057      
1384    3.23099       6.00304      
1385    4.83216       6.00345      
1386    7.3036        6.01633      
1387    4.58219       6.01674      
1388    2.50941       6.02469      
1389    2.33781       6.02634      
1390    7.13334       6.02644      
1391    3.69719       6.03664      
1392    3.18842       6.03805      
1393    3.3114        6.03869      
1394    5.04897       6.0427       
1395    0.942213      6.06203      
1396    0.581373      6.06249      
1397    0.233991      6.06292      
1398    11.5748       6.06299      
1399    0.759782      6.06371      
1400    0.728149      6.06427      
1401    0.864553      6.06452      
1402    1.07572       6.11889      
1403    0.41747       6.11936      
1404    6.98744       6.11953      
1405    0.712635      6.11984      
1406    2.75693       6.14298      
1407    1.51931       6.14399      
1408    0.594945      6.1441       
1409    6.71323       6.14727      
1410    0.860452      6.14747      
1411    7.84442       6.14786      
1412    3.7762        6.15374      
1413    2.27006       6.15624      
1414    5.92221       6.15799      
1415    2.22108       6.1584       
1416    3.87684       6.16269      
1417    0.473391      6.16283      
1418    2.66185       6.16392      
1419    6.62572       6.16947      
1420    6.54074       6.17986      
1421    3.80673       6.20281      
1422    4.4957        6.20369      
1423    4.38955       6.204        
1424    3.2922        6.20639      
1425    3.52517       6.20861      
1426    4.12683       6.21021      
1427    10.2765       6.21088      
1428    4.43431       6.23415      
1429    21.3488       6.23425      
1430    5.90508       6.2695       
1431    6.80227       6.27084      
1432    1.98478       6.27394      
1433    5.98622       6.27416      
1434    2.69913       6.28119      
1435    2.7053        6.28133      
