0       14.5876       0.00214425   
1       4.19859       0.00583112   
2       5.84004       0.0092606    
3       1.29185       0.0104094    
4       3.6475        0.0114324    
5       41.0616       0.0118829    
6       22.7066       0.0150964    
7       67.9372       0.0151376    
8       5.0042        0.0197646    
9       9.46592       0.0223437    
10      6.62801       0.0268714    
11      4.54412       0.0304849    
12      3.91224       0.0316806    
13      15.2125       0.0352326    
14      10.9105       0.0364765    
15      2.77449       0.0391938    
16      110.603       0.0404639    
17      3.99746       0.0409279    
18      7.47329       0.0449097    
19      1.31911       0.0537602    
20      0.033633      0.0549897    
21      71.5093       0.0549936    
22      11.7821       0.0563716    
23      0.458662      0.0628311    
24      85.8504       0.0636078    
25      2.61585       0.0645107    
26      1.44437       0.0654911    
27      3.64079       0.066774     
28      25.926        0.0724284    
29      23.4244       0.0742       
30      1.08132       0.0742739    
31      2.3884        0.0758825    
32      3.45689       0.0769031    
33      4.29878       0.0807145    
34      2.36587       0.0827072    
35      8.73798       0.0872867    
36      14.1907       0.0889656    
37      63.0626       0.0918218    
38      1.3414        0.0931747    
39      1.48869       0.100802     
40      8.58207       0.103129     
41      34.2642       0.106953     
42      0.419312      0.111636     
43      0.410563      0.111741     
44      3.61706       0.113247     
45      210.076       0.114466     
46      4.89693       0.115772     
47      6.3606        0.120158     
48      233.231       0.121821     
49      101.18        0.1327       
50      62.3802       0.133653     
51      58.0169       0.136443     
52      1.40497       0.142093     
53      1.52496       0.143454     
54      7.37651       0.146579     
55      4.08916       0.150914     
56      20.083        0.157216     
57      3.22872       0.161276     
58      3.8187        0.163073     
59      7.5613        0.1657       
60      3.35445       0.167594     
61      3.9537        0.170939     
62      5.00232       0.172754     
63      5.62919       0.174817     
64      9.58092       0.178265     
65      4.43821       0.184281     
66      1.52839       0.18568      
67      4.35279       0.186568     
68      71.5742       0.186729     
69      11.7378       0.192514     
70      3.1429        0.198395     
71      2.44684       0.200879     
72      0.880746      0.203276     
73      21.5651       0.209229     
74      190.626       0.209721     
75      69.1131       0.211384     
76      41.0881       0.214692     
77      8.76081       0.219297     
78      1.71137       0.221109     
79      1.90227       0.222727     
80      5.10216       0.225811     
81      4.4995        0.227106     
82      6.264         0.231291     
83      10.1407       0.238061     
84      66.652        0.242454     
85      14.0571       0.24421      
86      3.16355       0.246538     
87      25.4234       0.252        
88      12.4772       0.252771     
89      10.7971       0.257961     
90      1.8072        0.257988     
91      8.00657       0.261886     
92      9.76117       0.267567     
93      11.0579       0.272099     
94      6.64599       0.275086     
95      0.409534      0.279135     
96      7.09474       0.27929      
97      9.71947       0.279358     
98      2.62034       0.280537     
99      5.6113        0.282129     
100     7.98351       0.284835     
101     58.7424       0.287942     
102     7.71435       0.288132     
103     3.87697       0.289526     
104     2.44709       0.290021     
105     6.88948       0.291783     
106     4.97899       0.29265      
107     13.6786       0.298782     
108     6.66861       0.298991     
109     0.0750986     0.306915     
110     22.7365       0.30692      
111     25.0323       0.309235     
112     0.325766      0.309329     
113     4.01099       0.312481     
114     7.56735       0.315604     
115     8.23179       0.318127     
116     9.06995       0.321035     
117     9.30333       0.324303     
118     10.3502       0.328132     
119     9.26257       0.335464     
120     4.66196       0.337458     
121     8.8252        0.340663     
122     35.0758       0.342135     
123     5.67678       0.34308      
124     3.56991       0.344333     
125     15.4624       0.348288     
126     8.80871       0.355445     
127     28.7135       0.35643      
128     3.57798       0.357945     
129     13.9134       0.361892     
130     8.94858       0.368815     
131     7.96407       0.373005     
132     53.1224       0.373754     
133     10.826        0.378354     
134     10.8119       0.378921     
135     7.66229       0.383982     
136     0.676093      0.386178     
137     1.41092       0.387379     
138     76.325        0.387384     
139     10.1323       0.388356     
140     18.424        0.390179     
141     3.78011       0.39678      
142     13.5046       0.402973     
143     91.7585       0.411257     
144     32.1951       0.412261     
145     8.76554       0.420077     
146     12.9927       0.426733     
147     11.6024       0.430752     
148     14.3486       0.433225     
149     7.05859       0.435685     
150     2.95406       0.436902     
151     0.738772      0.437182     
152     0.253478      0.437685     
153     20.6344       0.437735     
154     0.236477      0.43778      
155     0.392557      0.437862     
156     4.49489       0.438391     
157     12.0404       0.440578     
158     3.26626       0.44293      
159     12.6476       0.450442     
160     4.11346       0.454018     
161     9.90214       0.457829     
162     7.9519        0.46138      
163     3.50314       0.462975     
164     9.72081       0.467134     
165     53.7284       0.469419     
166     2.45164       0.469921     
167     2.08742       0.474729     
168     19.8938       0.476833     
169     21.0791       0.477851     
170     0.215377      0.483047     
171     63.2881       0.483169     
172     2.16032       0.487288     
173     18.9137       0.491215     
174     87.1635       0.494356     
175     4.54812       0.497802     
176     6.25834       0.500439     
177     4.70008       0.501588     
178     21.2728       0.503417     
179     15.5811       0.506526     
180     21.7695       0.512954     
181     4.631         0.514683     
182     9.56083       0.516861     
183     4.5051        0.520229     
184     2.09016       0.521791     
185     6.30518       0.524161     
186     2.99851       0.526189     
187     0.603933      0.531486     
188     0.573717      0.531921     
189     25.7569       0.535882     
190     543.271       0.538594     
191     90.6672       0.541939     
192     57.093        0.556896     
193     16.8804       0.556997     
194     16.8029       0.557369     
195     7.22044       0.563615     
196     2.71852       0.56379      
197     5.55537       0.565495     
198     7.57507       0.568639     
199     3.07775       0.571619     
200     11.0037       0.574406     
201     11.0859       0.581108     
202     7.24152       0.587634     
203     39.5422       0.590774     
204     10.512        0.591037     
205     64.4361       0.599884     
206     0.414883      0.603343     
207     41.4691       0.604147     
208     21.8797       0.604152     
209     27.5045       0.606328     
210     1.58837       0.608584     
211     3.11411       0.612176     
212     32.3337       0.614506     
213     16.361        0.618399     
214     9.48149       0.630486     
215     10.2947       0.631178     
216     32.9237       0.642836     
217     48.7993       0.648283     
218     20.9036       0.649641     
219     19.1068       0.650501     
220     22.2667       0.667327     
221     23.9344       0.668173     
222     13.6608       0.67776      
223     12.6834       0.679623     
224     8.1769        0.681446     
225     6.51605       0.688083     
226     4.85382       0.689144     
227     7.19279       0.690492     
228     8.77487       0.696396     
229     22.7503       0.702607     
230     43.8935       0.705586     
231     28.0009       0.705902     
232     13.4963       0.707044     
233     22.0436       0.708477     
234     3.21801       0.7095       
235     2.37759       0.710671     
236     20.1598       0.717395     
237     1.3309        0.718859     
238     50.2416       0.719936     
239     7.37215       0.722635     
240     37.0996       0.722682     
241     3.29438       0.724002     
242     3.18663       0.726409     
243     11.32         0.738398     
244     35.8137       0.740534     
245     14.3814       0.743872     
246     7.6523        0.747901     
247     12.8066       0.750273     
248     18.7975       0.757566     
249     7.3274        0.762772     
250     14.2276       0.766206     
251     9.56349       0.766539     
252     9.9174        0.770435     
253     14.2867       0.778415     
254     17.2584       0.780126     
255     3.84945       0.782644     
256     21.1261       0.787259     
257     9.74062       0.793071     
258     10.636        0.796487     
259     3.84774       0.799177     
260     17.9353       0.79954      
261     0.610134      0.799784     
262     10.2732       0.801103     
263     12.8496       0.802945     
264     13.194        0.806954     
265     10.0679       0.813439     
266     12.9497       0.814382     
267     10.6779       0.817686     
268     15.102        0.823098     
269     12.7848       0.823522     
270     5.67677       0.82642      
271     19.2345       0.83007      
272     10.0722       0.830479     
273     4.65747       0.83544      
274     3.49658       0.838285     
275     3.42067       0.839352     
276     54.0876       0.840516     
277     12.1372       0.843384     
278     26.5841       0.848991     
279     20.6275       0.84992      
280     7.04534       0.853945     
281     4.68478       0.855152     
282     8.729         0.856926     
283     6.37542       0.860092     
284     9.4261        0.863583     
285     8.06063       0.867212     
286     8.53211       0.871623     
287     5.19561       0.874572     
288     24.045        0.877394     
289     10.69         0.877857     
290     23.0796       0.882654     
291     7.01762       0.884448     
292     47.1394       0.897987     
293     3.88405       0.906337     
294     1.62869       0.908136     
295     4.82327       0.908639     
296     0.38534       0.909992     
297     48.7806       0.910382     
298     10.6306       0.911697     
299     30.0284       0.911814     
300     7.25051       0.916072     
301     2.34788       0.918337     
302     5.71156       0.919324     
303     7.92231       0.923356     
304     4.1842        0.925369     
305     33.3346       0.929078     
306     26.8207       0.929126     
307     2.81495       0.937993     
308     44.956        0.939198     
309     96.2213       0.946406     
310     18.3811       0.946515     
311     5.802         0.954562     
312     16.9425       0.965879     
313     13.8877       0.973291     
314     5.64573       0.98012      
315     10.6158       0.980144     
316     9.91969       0.986817     
317     11.4109       1.00285      
318     21.566        1.00335      
319     10.8011       1.0131       
320     3.51846       1.01881      
321     7.41824       1.02113      
322     11.2588       1.02133      
323     12.0336       1.02165      
324     3.62708       1.02298      
325     3.58892       1.02763      
326     22.8297       1.03045      
327     3.35659       1.03089      
328     11.2643       1.04192      
329     19.5037       1.04308      
330     7.25897       1.05132      
331     6.23734       1.0534       
332     9.57344       1.05586      
333     6.47555       1.06045      
334     6.48231       1.06343      
335     222.824       1.06592      
336     33.6205       1.07097      
337     2.8111        1.09706      
338     44.9274       1.09879      
339     148.774       1.10297      
340     2.06061       1.10431      
341     2.0828        1.10521      
342     0.415397      1.11428      
343     0.194698      1.11507      
344     109.167       1.1153       
345     18.5194       1.11784      
346     37.8462       1.11832      
347     1.97896       1.12168      
348     6.66331       1.12816      
349     1.79894       1.13399      
350     4.45349       1.13619      
351     2.31196       1.13805      
352     0.339374      1.13912      
353     114.049       1.13964      
354     0.40365       1.1405       
355     40.8827       1.14375      
356     4.7438        1.15169      
357     4.68394       1.15834      
358     8.32497       1.16307      
359     13.7361       1.16338      
360     62.2674       1.16511      
361     4.23795       1.17092      
362     9.83288       1.17703      
363     3.02679       1.18146      
364     2.92942       1.18223      
365     43.1386       1.18341      
366     13.1974       1.18481      
367     3.02714       1.19215      
368     17.3544       1.19717      
369     1.9207        1.20033      
370     20.7049       1.20388      
371     10.3002       1.20847      
372     1.89774       1.21112      
373     4.53466       1.212        
374     4.64969       1.21339      
375     0.505767      1.21428      
376     0.490584      1.2145       
377     3.68492       1.21519      
378     1.65826       1.21574      
379     1.68038       1.21611      
380     2.69526       1.2166       
381     2.78767       1.21733      
382     0.203119      1.21784      
383     530.051       1.2186       
384     8.36507       1.219        
385     2.78717       1.2202       
386     0.345068      1.2207       
387     3.0417        1.22158      
388     0.435751      1.22201      
389     0.482852      1.22236      
390     0.504947      1.22308      
391     1.91486       1.22344      
392     11.5746       1.22535      
393     1.82937       1.2271       
394     1.90542       1.22783      
395     1.9791        1.22858      
396     7.52127       1.23172      
397     8.87706       1.23237      
398     2.43566       1.23518      
399     5.52034       1.23591      
400     5.39756       1.23863      
401     16.505        1.2398       
402     4.3883        1.24026      
403     3.77024       1.24216      
404     30.1494       1.2458       
405     27.2848       1.24965      
406     0.184311      1.24971      
407     9.8349        1.25346      
408     2.02672       1.25838      
409     14.7182       1.26183      
410     8.23507       1.26631      
411     3.01129       1.26868      
412     14.5223       1.27352      
413     2.15239       1.2743       
414     9.37173       1.27592      
415     14.8371       1.28024      
416     7.12259       1.28055      
417     4.05502       1.28437      
418     4.27226       1.28655      
419     2.23929       1.2894       
420     7.35281       1.29504      
421     15.1231       1.29531      
422     6.33954       1.29925      
423     11.1067       1.30225      
424     0.302528      1.3036       
425     0.271284      1.30408      
426     0.254928      1.30425      
427     0.23478       1.30444      
428     0.184024      1.30481      
429     0.108745      1.30517      
430     579.983       1.30538      
431     7.37352       1.30642      
432     0.338327      1.30748      
433     0.363602      1.30769      
434     0.39495       1.308        
435     0.419334      1.3083       
436     0.440685      1.30861      
437     0.461863      1.30901      
438     11.5201       1.31103      
439     3.6974        1.3129       
440     1.91549       1.31368      
441     2.0507        1.31452      
442     1.97994       1.31533      
443     2.96024       1.31599      
444     3.88635       1.31723      
445     2.79552       1.31863      
446     2.78648       1.31915      
447     2.101         1.32007      
448     13.8575       1.3257       
449     18.1396       1.32594      
450     39.0584       1.33566      
451     10.5073       1.33595      
452     13.1528       1.33845      
453     0.274285      1.33864      
454     27.3611       1.33911      
455     1.31984       1.34033      
456     6.32975       1.34476      
457     3.41382       1.3458       
458     2.85519       1.34602      
459     4.12028       1.34867      
460     7.94442       1.35008      
461     8.96616       1.35351      
462     2.48805       1.35372      
463     4.3955        1.35698      
464     12.1478       1.36172      
465     17.1033       1.36328      
466     10.5126       1.36555      
467     13.6931       1.36656      
468     4.79648       1.37284      
469     4.06766       1.37423      
470     7.10219       1.37618      
471     8.37612       1.37963      
472     4.75362       1.38025      
473     3.69658       1.38164      
474     3.78797       1.38281      
475     4.04804       1.38555      
476     9.44582       1.38564      
477     2.60256       1.388        
478     2.36707       1.39002      
479     11.5586       1.39174      
480     5.97864       1.39186      
481     2.52147       1.39496      
482     1.27259       1.39564      
483     38.1478       1.39594      
484     5.66023       1.39646      
485     6.40875       1.39844      
486     6.50697       1.40207      
487     27.5473       1.40259      
488     5.1632        1.40508      
489     8.19463       1.40832      
490     2.95458       1.41071      
491     2.42734       1.41134      
492     1.33483       1.4128       
493     0.584268      1.4137       
494     2.38808       1.41435      
495     0.394615      1.41494      
496     0.365119      1.4151       
497     0.316655      1.41531      
498     1.1041        1.41554      
499     0.21067       1.41569      
500     127.744       1.41601      
501     17.5546       1.41754      
502     1.18973       1.42066      
503     4.12095       1.42439      
504     1.21158       1.42525      
505     0.536756      1.43246      
506     0.529461      1.4326       
507     0.50129       1.43313      
508     0.495082      1.43325      
509     0.483062      1.43353      
510     0.470314      1.43377      
511     312.011       1.43932      
512     171.034       1.44319      
513     154.813       1.44597      
514     155.412       1.44951      
515     0.410121      1.4529       
516     0.422819      1.45309      
517     0.463979      1.45373      
518     0.941938      1.45626      
519     1.13054       1.46009      
520     0.290421      1.47478      
521     219.332       1.47559      
522     0.124692      1.47574      
523     68.9377       1.48457      
524     2.24455       1.48991      
525     2.64221       1.49593      
526     2.71382       1.4983       
527     3.38261       1.49988      
528     6.10125       1.50305      
529     2.76068       1.50491      
530     3.97098       1.50601      
531     2.8526        1.50707      
532     3.86006       1.5114       
533     9.90679       1.51143      
534     2.41169       1.51513      
535     4.37819       1.51686      
536     2.89219       1.51875      
537     5.51124       1.51972      
538     5.63145       1.52257      
539     0.387657      1.52506      
540     10.0452       1.52511      
541     4.93938       1.52659      
542     10.7929       1.53644      
543     14.0854       1.53702      
544     2.0994        1.53772      
545     18.3761       1.54094      
546     6.9839        1.54166      
547     3.74248       1.54588      
548     3.79443       1.54764      
549     3.04588       1.54937      
550     12.2269       1.5531       
551     3.83249       1.55721      
552     0.549789      1.5595       
553     7.44188       1.55963      
554     9.89491       1.56343      
555     2.8985        1.56599      
556     2.87805       1.56767      
557     1.74864       1.56835      
558     5.98368       1.57054      
559     5.1554        1.57383      
560     0.294461      1.5748       
561     0.146206      1.57557      
562     0.0259171     1.57582      
563     271.443       1.57582      
564     0.154086      1.57609      
565     22.4841       1.58472      
566     0.122041      1.58475      
567     12.5568       1.58655      
568     7.91583       1.59051      
569     8.08589       1.59708      
570     20.43         1.59848      
571     11.0373       1.60358      
572     6.89718       1.61516      
573     10.5529       1.61605      
574     0.460432      1.61831      
575     9.4497        1.6204       
576     14.8513       1.62109      
577     650.971       1.6229       
578     8.61558       1.62332      
579     0.310622      1.62491      
580     0.333385      1.62518      
581     0.355964      1.62549      
582     0.37679       1.62596      
583     0.380262      1.62619      
584     8.84398       1.62734      
585     15.4532       1.63109      
586     11.6813       1.63351      
587     47.1623       1.63591      
588     12.7405       1.64017      
589     11.0963       1.64432      
590     0.19571       1.64435      
591     2.17106       1.64664      
592     3.28361       1.64796      
593     2.01502       1.65112      
594     10.0225       1.65226      
595     19.3193       1.65693      
596     8.91454       1.65863      
597     7.35577       1.66103      
598     13.442        1.66164      
599     4.36065       1.66741      
600     7.23223       1.67027      
601     21.189        1.67551      
602     13.6208       1.67581      
603     13.8406       1.68142      
604     41.574        1.68434      
605     5.05143       1.68676      
606     11.6657       1.69235      
607     7.51395       1.69802      
608     11.1871       1.70072      
609     10.3607       1.70639      
610     16.1381       1.71073      
611     6.04176       1.71146      
612     13.1964       1.71591      
613     39.1172       1.7164       
614     1.49952       1.71725      
615     0.682155      1.71738      
616     1.72532       1.71783      
617     6.54047       1.71898      
618     5.30654       1.72072      
619     9.6296        1.7244       
620     5.26299       1.72582      
621     6.24487       1.72737      
622     10.6152       1.73342      
623     14.0706       1.73621      
624     55.7421       1.74353      
625     15.8494       1.74367      
626     4.84941       1.74648      
627     4.2787        1.74864      
628     8.8024        1.75487      
629     12.1138       1.76176      
630     6.1802        1.76937      
631     7.84976       1.77177      
632     2.41655       1.7726       
633     1.54488       1.77435      
634     46.552        1.77502      
635     0.333043      1.77538      
636     21.8783       1.77637      
637     7.19772       1.77641      
638     3.07354       1.77956      
639     6.18494       1.78131      
640     14.3829       1.78172      
641     5.33464       1.78581      
642     4.67019       1.7883       
643     4.6379        1.79018      
644     3.10193       1.79139      
645     2.80274       1.79368      
646     2.78141       1.79411      
647     1.94187       1.79662      
648     1.67224       1.79752      
649     9.0523        1.79885      
650     5.64536       1.79899      
651     0.180278      1.8003       
652     136.678       1.80048      
653     15.1374       1.80386      
654     56.8235       1.80555      
655     8.64305       1.81011      
656     3.3247        1.81172      
657     3.47219       1.81328      
658     16.9174       1.8163       
659     11.305        1.81797      
660     2.97569       1.82071      
661     3.7871        1.82148      
662     8.88463       1.82447      
663     6.60151       1.82718      
664     13.356        1.83054      
665     8.72394       1.83536      
666     7.59211       1.83993      
667     5.3113        1.84342      
668     14.7087       1.84504      
669     12.3378       1.84555      
670     5.25739       1.84706      
671     3.89227       1.85214      
672     10.3719       1.85399      
673     34.1057       1.85604      
674     6.36878       1.85651      
675     11.8292       1.85936      
676     5.60833       1.86361      
677     10.6267       1.87196      
678     8.93413       1.87248      
679     10.1645       1.8809       
680     0.337021      1.88097      
681     2.51012       1.88797      
682     22.0496       1.89086      
683     42.9113       1.89102      
684     25.3358       1.8956       
685     0.532257      1.8991       
686     6.37423       1.90022      
687     471.309       1.90451      
688     46.0282       1.90462      
689     22.0303       1.90848      
690     0.578419      1.91069      
691     0.615712      1.91101      
692     0.638537      1.91139      
693     0.643365      1.91154      
694     0.669525      1.91172      
695     0.701381      1.91195      
696     0.734345      1.91227      
697     0.766563      1.91256      
698     0.837641      1.91333      
699     2.41788       1.91458      
700     4.54085       1.91644      
701     3.51755       1.91796      
702     3.45316       1.91942      
703     2.24965       1.92026      
704     3.3041        1.92109      
705     3.251         1.92203      
706     3.3788        1.92292      
707     2.43349       1.92432      
708     0.95707       1.92685      
709     7.2683        1.92759      
710     31.6329       1.92979      
711     12.2946       1.93154      
712     18.7143       1.94559      
713     23.7992       1.95053      
714     13.7393       1.95107      
715     16.6786       1.95586      
716     6.18957       1.95696      
717     6.88787       1.96033      
718     7.87536       1.9696       
719     13.9451       1.96995      
720     11.6752       1.97372      
721     6.26793       1.98082      
722     13.3122       1.98204      
723     7.36915       1.98867      
724     7.11537       1.9918       
725     11.4632       1.99737      
726     19.976        1.99775      
727     16.5769       2.00426      
728     18.4205       2.00939      
729     4.62425       2.01281      
730     3.06598       2.01516      
731     8.01621       2.01553      
732     15.1524       2.01741      
733     10.9153       2.02422      
734     25.7174       2.02566      
735     25.5921       2.0331       
736     9.7841        2.03345      
737     9.59906       2.03819      
738     12.9545       2.04415      
739     16.2342       2.04485      
740     6.76655       2.04899      
741     4.293         2.05087      
742     8.76918       2.05275      
743     39.7847       2.06032      
744     12.1672       2.0613       
745     12.141        2.06842      
746     11.6107       2.07046      
747     3.59935       2.07289      
748     6.15505       2.07378      
749     13.867        2.07614      
750     5.54149       2.07861      
751     1.83628       2.07949      
752     0.688803      2.07974      
753     3.54874       2.08026      
754     0.528971      2.08073      
755     4.17378       2.08113      
756     5.6177        2.08188      
757     0.189722      2.08239      
758     153.251       2.08262      
759     1.61518       2.08265      
760     0.156726      2.0828       
761     4.41364       2.08327      
762     0.437814      2.08382      
763     11.835        2.08499      
764     7.78981       2.08696      
765     2.89967       2.08823      
766     1.94497       2.08898      
767     6.01377       2.08979      
768     5.31294       2.09132      
769     4.34119       2.09244      
770     1.9957        2.09301      
771     4.63791       2.09405      
772     12.356        2.09611      
773     4.95912       2.09972      
774     3.5731        2.10087      
775     1.2547        2.10125      
776     29.5961       2.10222      
777     9.77398       2.1026       
778     23.3859       2.10326      
779     1.58355       2.10459      
780     5.02438       2.10546      
781     2.79328       2.1069       
782     3.63841       2.10747      
783     3.3213        2.10904      
784     11.9051       2.11097      
785     4.51824       2.11327      
786     12.8231       2.11631      
787     11.3622       2.1222       
788     6.34849       2.12606      
789     9.86067       2.12894      
790     12.8511       2.12984      
791     9.96115       2.13206      
792     7.85301       2.1366       
793     9.48843       2.13914      
794     21.0568       2.14539      
795     29.359        2.14675      
796     21.2822       2.15103      
797     10.7906       2.15386      
798     10.0515       2.16038      
799     5.08503       2.16419      
800     5.88964       2.16555      
801     1.14649       2.16962      
802     9.27987       2.16992      
803     15.5753       2.17357      
804     15.6408       2.17509      
805     9.97296       2.17967      
806     6.94619       2.18332      
807     12.623        2.18856      
808     6.00173       2.19213      
809     12.473        2.19632      
810     9.29537       2.20201      
811     12.1922       2.20434      
812     6.54306       2.20469      
813     6.02859       2.20921      
814     11.0158       2.21338      
815     4.37986       2.217        
816     25.0784       2.21702      
817     19.8253       2.22099      
818     3.82339       2.22565      
819     3.01903       2.22687      
820     3.78748       2.22988      
821     2.80561       2.23085      
822     2.52837       2.2354       
823     0.70159       2.23893      
824     0.67994       2.23918      
825     0.583793      2.24026      
826     33.3473       2.24356      
827     176.101       2.24651      
828     134.411       2.24691      
829     134.673       2.24763      
830     27.115        2.25042      
831     1.91923       2.26127      
832     8.26437       2.26378      
833     3.38764       2.26878      
834     4.32082       2.27274      
835     4.32473       2.27502      
836     41.5599       2.28167      
837     12.8769       2.28861      
838     9.568         2.29389      
839     7.87039       2.2973       
840     6.36804       2.3011       
841     8.53381       2.30447      
842     10.6011       2.31035      
843     23.6874       2.31117      
844     11.4369       2.31324      
845     14.9814       2.32172      
846     38.2455       2.32288      
847     9.00512       2.32828      
848     11.4732       2.33307      
849     7.77686       2.33368      
850     33.715        2.33681      
851     3.27997       2.33906      
852     10.469        2.3393       
853     7.13446       2.34025      
854     3.19698       2.34175      
855     6.18891       2.3447       
856     14.5864       2.3455       
857     6.28895       2.34626      
858     2.8058        2.34776      
859     7.40854       2.35458      
860     5.70221       2.35679      
861     26.7388       2.36433      
862     15.8639       2.3644       
863     4.9091        2.37546      
864     8.02053       2.37651      
865     2.45869       2.37955      
866     9.35865       2.3803       
867     134.073       2.383        
868     31.1799       2.38362      
869     11.8567       2.38607      
870     36.5771       2.39461      
871     19.1765       2.39708      
872     38.4707       2.40004      
873     4.30665       2.40445      
874     11.7815       2.41123      
875     16.6626       2.41207      
876     4.97324       2.41843      
877     18.2385       2.41969      
878     15.0395       2.42027      
879     14.5367       2.43291      
880     8.90531       2.4411       
881     0.672191      2.44119      
882     10.6329       2.44379      
883     11.3301       2.44436      
884     8.98333       2.44801      
885     19.2602       2.45109      
886     7.47765       2.4512       
887     9.37345       2.4531       
888     7.81389       2.46217      
889     14.6331       2.46723      
890     55.1952       2.47019      
891     17.0799       2.47531      
892     21.3254       2.47888      
893     0.276504      2.49905      
894     25.3056       2.49909      
895     9.73317       2.50845      
896     11.0951       2.51319      
897     5.67383       2.51626      
898     5.772         2.51917      
899     6.47388       2.52334      
900     10.229        2.52624      
901     4.48982       2.53079      
902     5.34648       2.53455      
903     0.626767      2.5347       
904     9.007         2.53655      
905     1.85914       2.53845      
906     0.489849      2.54042      
907     0.0490533     2.54167      
908     148.347       2.54168      
909     1.09403       2.54931      
910     1.08319       2.54944      
911     121.116       2.55266      
912     51.7012       2.55415      
913     0.26504       2.5653       
914     106.666       2.56557      
915     0.0886654     2.5656       
916     5.11496       2.56991      
917     4.24255       2.57253      
918     6.11812       2.58091      
919     7.0848        2.58245      
920     6.22618       2.59088      
921     6.68747       2.59469      
922     14.6368       2.5947       
923     7.75843       2.60007      
924     4.17751       2.60362      
925     10.9771       2.60572      
926     55.3382       2.60728      
927     12.2488       2.61033      
928     7.56521       2.61827      
929     18.2607       2.6199       
930     10.6405       2.62196      
931     13.7742       2.6266       
932     10.6751       2.62899      
933     9.18165       2.62946      
934     9.88043       2.63836      
935     10.35         2.64198      
936     10.3625       2.64318      
937     0.996233      2.65046      
938     5.30599       2.65065      
939     11.6767       2.65212      
940     17.0808       2.65406      
941     13.2957       2.65409      
942     6.56313       2.65873      
943     17.2395       2.65953      
944     2.38666       2.66031      
945     6.92307       2.66477      
946     15.9963       2.66698      
947     2.46781       2.66863      
948     2.46351       2.66884      
949     12.8428       2.66941      
950     5.14911       2.67779      
951     8.93868       2.67781      
952     11.4069       2.68072      
953     6.79349       2.68528      
954     12.6691       2.68876      
955     37.4308       2.69159      
956     27.7057       2.69416      
957     9.60289       2.69528      
958     3.09272       2.7072       
959     4.8403        2.70785      
960     69.3742       2.71293      
961     25.637        2.71354      
962     14.5616       2.71427      
963     11.1026       2.72287      
964     17.6931       2.7368       
965     11.9888       2.73729      
966     6.60698       2.7376       
967     5.84659       2.73915      
968     3.18272       2.74473      
969     26.8377       2.74756      
970     35.6509       2.74762      
971     4.80071       2.75323      
972     10.4995       2.7624       
973     6.2923        2.76389      
974     8.63054       2.76798      
975     7.64755       2.77138      
976     19.5853       2.77261      
977     10.4529       2.77461      
978     11.1191       2.78438      
979     20.6364       2.78456      
980     5.21407       2.79403      
981     6.5788        2.79563      
982     0.533431      2.79712      
983     22.197        2.79735      
984     1.60186       2.7974       
985     5.47839       2.79788      
986     5.37081       2.80052      
987     9.41435       2.80801      
988     8.60479       2.80808      
989     2.55341       2.81059      
990     21.9008       2.81081      
991     2.44988       2.81105      
992     0.689859      2.81128      
993     2.65248       2.81209      
994     2.54012       2.81292      
995     9.08138       2.81403      
996     13.4689       2.81487      
997     12.5283       2.82321      
998     9.4595        2.83038      
999     17.432        2.83434      
1000    7.04148       2.83546      
1001    2.67699       2.83657      
1002    4.01435       2.83687      
1003    7.52415       2.83747      
1004    26.2673       2.84345      
1005    3.79875       2.84381      
1006    7.12375       2.84664      
1007    12.7863       2.85026      
1008    19.7778       2.8547       
1009    11.5272       2.85898      
1010    4.338         2.8668       
1011    3.37195       2.86731      
1012    1.66586       2.86855      
1013    3.13191       2.86878      
1014    9.18727       2.87068      
1015    25.5334       2.87636      
1016    1.64019       2.88068      
1017    2.49452       2.88213      
1018    173.285       2.88593      
1019    9.92621       2.88607      
1020    5.95963       2.88712      
1021    23.8402       2.88731      
1022    4.33406       2.88867      
1023    5.01162       2.89199      
1024    14.2012       2.89527      
1025    2.71088       2.89884      
1026    7.07019       2.90146      
1027    6.11004       2.90357      
1028    10.6465       2.90628      
1029    6.57286       2.91016      
1030    2.98184       2.91256      
1031    2.99106       2.91377      
1032    2.63395       2.9155       
1033    1.65392       2.9158       
1034    12.6992       2.91832      
1035    1.01455       2.91853      
1036    5.9408        2.92006      
1037    2.76493       2.92199      
1038    2.76655       2.92301      
1039    12.5113       2.92582      
1040    4.84766       2.92597      
1041    0.520411      2.9272       
1042    0.524438      2.92748      
1043    1.77662       2.92797      
1044    0.500788      2.92835      
1045    0.492687      2.92869      
1046    0.464707      2.92897      
1047    0.444849      2.92911      
1048    2.37548       2.9295       
1049    5.55552       2.93029      
1050    2.77381       2.93061      
1051    0.319053      2.93118      
1052    0.281754      2.93174      
1053    0.26438       2.9319       
1054    12.139        2.93336      
1055    605.813       2.93352      
1056    9.0085        2.93711      
1057    52.1255       2.93934      
1058    7.09341       2.94047      
1059    4.67235       2.94222      
1060    1.45026       2.94332      
1061    7.25444       2.94501      
1062    12.0196       2.94896      
1063    1.83826       2.951        
1064    7.2804        2.9529       
1065    20.9969       2.95714      
1066    5.6023        2.95994      
1067    6.77002       2.96217      
1068    2.7946        2.96366      
1069    6.19833       2.96626      
1070    3.63708       2.96667      
1071    18.1784       2.97095      
1072    13.2077       2.97117      
1073    21.1492       2.97357      
1074    2.58427       2.97364      
1075    4.30632       2.97573      
1076    3.16998       2.9786       
1077    4.26625       2.98032      
1078    9.20391       2.98216      
1079    43.4973       2.98358      
1080    16.4688       2.98527      
1081    0.419203      2.9855       
1082    4.23895       2.98601      
1083    6.04188       2.98955      
1084    8.59191       2.99249      
1085    2.45555       2.99291      
1086    11.0137       2.99927      
1087    2.84426       3.00123      
1088    13.1696       3.00699      
1089    28.7932       3.00764      
1090    8.67907       3.01435      
1091    4.0321        3.01804      
1092    2.6854        3.01913      
1093    11.188        3.02278      
1094    24.1593       3.02458      
1095    3.15676       3.02832      
1096    3.58169       3.02989      
1097    1.49194       3.0303       
1098    1.48589       3.0308       
1099    3.48359       3.03123      
1100    2.25832       3.03207      
1101    6.83452       3.03321      
1102    2.19533       3.03413      
1103    125.401       3.0344       
1104    0.343617      3.03505      
1105    8.45714       3.03581      
1106    1.54685       3.03698      
1107    4.42551       3.03792      
1108    3.87371       3.0397       
1109    3.20547       3.04136      
1110    6.59612       3.04477      
1111    26.4114       3.04638      
1112    11.666        3.04787      
1113    3.33455       3.05196      
1114    4.00357       3.05368      
1115    7.70419       3.05799      
1116    17.3853       3.05817      
1117    9.73422       3.06655      
1118    4.39802       3.07019      
1119    3.88084       3.07338      
1120    9.42514       3.07427      
1121    7.51859       3.07557      
1122    10.8985       3.08205      
1123    4.79349       3.08414      
1124    4.15318       3.08644      
1125    6.83649       3.08844      
1126    8.21301       3.09169      
1127    3.40104       3.09356      
1128    5.37667       3.09591      
1129    3.98921       3.09812      
1130    13.6522       3.10233      
1131    12.7297       3.10354      
1132    3.18684       3.1072       
1133    1.80568       3.11029      
1134    1.73638       3.11217      
1135    3.07348       3.11392      
1136    0.533457      3.11732      
1137    0.495498      3.11785      
1138    0.460657      3.1183       
1139    0.443623      3.11851      
1140    0.430682      3.11869      
1141    0.380952      3.11932      
1142    391.876       3.12175      
1143    35.8104       3.12586      
1144    112.781       3.13127      
1145    9.98765       3.134        
1146    103.533       3.1377       
1147    5.91651       3.14111      
1148    0.243407      3.14411      
1149    130.435       3.14468      
1150    0.265554      3.14531      
1151    0.369037      3.14593      
1152    11.1789       3.14728      
1153    1.92362       3.14798      
1154    1.26524       3.14974      
1155    1.31883       3.15041      
1156    1.35854       3.15102      
1157    1.94353       3.15166      
1158    2.00131       3.15239      
1159    1.41009       3.1533       
1160    1.42316       3.15349      
1161    5.38874       3.15566      
1162    6.24027       3.15801      
1163    3.05484       3.16062      
1164    3.82087       3.16368      
1165    3.25234       3.16762      
1166    3.7655        3.17015      
1167    18.1801       3.17639      
1168    26.4108       3.17656      
1169    1.7685        3.17727      
1170    12.2287       3.18403      
1171    19.9279       3.18432      
1172    3.67086       3.1915       
1173    8.68002       3.19834      
1174    3.60705       3.20125      
1175    6.93051       3.20369      
1176    4.19249       3.20608      
1177    4.09615       3.20804      
1178    3.45652       3.20928      
1179    16.7289       3.21522      
1180    23.2994       3.21639      
1181    10.4806       3.2168       
1182    3.36532       3.22182      
1183    5.99996       3.2237       
1184    3.47715       3.22617      
1185    4.54381       3.22838      
1186    10.7846       3.23045      
1187    12.2801       3.2325       
1188    3.26038       3.23473      
1189    5.26724       3.23671      
1190    5.76854       3.23894      
1191    3.01272       3.24022      
1192    2.38995       3.24071      
1193    6.43944       3.24216      
1194    2.58102       3.24377      
1195    2.57429       3.24482      
1196    2.47241       3.24597      
1197    3.02224       3.24685      
1198    7.84269       3.24882      
1199    2.6727        3.25102      
1200    33.0968       3.25197      
1201    6.259         3.25271      
1202    3.51054       3.25464      
1203    1.64522       3.25656      
1204    1.65368       3.25709      
1205    1.6481        3.25788      
1206    2.19891       3.25848      
1207    1.50461       3.25878      
1208    2.32554       3.25944      
1209    1.6045        3.26018      
1210    1.57854       3.2606       
1211    1.53485       3.26109      
1212    2.23504       3.26152      
1213    1.54633       3.26228      
1214    2.22373       3.26289      
1215    3.32693       3.26458      
1216    4.54171       3.26584      
1217    48.6351       3.2688       
1218    5.91198       3.26929      
1219    17.1442       3.26983      
1220    0.275593      3.27014      
1221    0.366001      3.27377      
1222    0.353721      3.27405      
1223    0.339489      3.27433      
1224    0.31207       3.2747       
1225    1.4409        3.27496      
1226    0.276667      3.27523      
1227    0.257682      3.27549      
1228    0.238593      3.27562      
1229    1.43603       3.27581      
1230    0.193065      3.2761       
1231    1.43148       3.2763       
1232    0.146515      3.27652      
1233    1.40388       3.27686      
1234    568.877       3.27704      
1235    1.40767       3.27718      
1236    0.166089      3.27772      
1237    1.41518       3.27792      
1238    1.40954       3.27832      
1239    0.263711      3.27869      
1240    0.288367      3.27905      
1241    0.294121      3.27914      
1242    0.333924      3.27997      
1243    39.46         3.28332      
1244    1.42719       3.28786      
1245    1.44794       3.28859      
1246    1.46926       3.28922      
1247    10.1314       3.29213      
1248    2.54144       3.29496      
1249    18.993        3.29703      
1250    12.6531       3.29882      
1251    5.6295        3.30515      
1252    9.57273       3.30868      
1253    38.4072       3.31583      
1254    11.0555       3.32114      
1255    13.56         3.32322      
1256    0.299138      3.32553      
1257    1.34466       3.32613      
1258    0.104756      3.32673      
1259    327.753       3.32689      
1260    0.0712208     3.32697      
1261    2.10806       3.32732      
1262    0.211159      3.32759      
1263    0.270126      3.32795      
1264    1.35439       3.32847      
1265    1.34453       3.32883      
1266    0.382652      3.32912      
1267    2.10025       3.32959      
1268    14.5963       3.33322      
1269    3.4812        3.3399       
1270    6.12552       3.34108      
1271    11.501        3.34419      
1272    34.6861       3.34452      
1273    103.026       3.35417      
1274    14.1185       3.35601      
1275    13.7571       3.36055      
1276    11.0003       3.36201      
1277    41.9818       3.36439      
1278    13.2759       3.36919      
1279    8.10311       3.37655      
1280    10.3649       3.37677      
1281    2.9274        3.37979      
1282    1.77337       3.38003      
1283    3.36079       3.38162      
1284    5.82992       3.38457      
1285    7.10956       3.38679      
1286    3.87809       3.38903      
1287    2.72237       3.38986      
1288    4.01788       3.39153      
1289    4.04755       3.39309      
1290    11.0468       3.39831      
1291    11.8846       3.39872      
1292    5.88679       3.40597      
1293    3.59285       3.40885      
1294    1.37582       3.40957      
1295    3.38217       3.40992      
1296    49.959        3.4107       
1297    2.28062       3.41112      
1298    7.73687       3.41271      
1299    1.14282       3.41395      
1300    4.58559       3.41777      
1301    5.1848        3.42146      
1302    6.54079       3.4286       
1303    27.6996       3.43059      
1304    11.1787       3.43265      
1305    75.1901       3.44138      
1306    39.8626       3.44172      
1307    22.9754       3.44589      
1308    19.5852       3.44881      
1309    7.90072       3.45793      
1310    23.5356       3.46763      
1311    7.97037       3.46842      
1312    5.27176       3.47284      
1313    4.0614        3.47588      
1314    8.58683       3.47881      
1315    6.50062       3.48172      
1316    4.31214       3.48505      
1317    2.87118       3.48621      
1318    8.5951        3.48751      
1319    2.83839       3.48953      
1320    5.93834       3.49098      
1321    78.5589       3.49171      
1322    7.27952       3.49376      
1323    24.9986       3.49639      
1324    6.45509       3.49695      
1325    12.2524       3.49991      
1326    0.470408      3.50213      
1327    5.17309       3.50218      
1328    11.003        3.5039       
1329    3.82785       3.5097       
1330    12.5588       3.51109      
1331    5.84001       3.51404      
1332    6.58048       3.51695      
1333    4.1762        3.51748      
1334    4.31185       3.51903      
1335    0.789021      3.52018      
1336    7.05539       3.52036      
1337    6.67495       3.52312      
1338    6.67103       3.52766      
1339    9.20287       3.5327       
1340    32.8663       3.53317      
1341    15.7884       3.53511      
1342    9.29459       3.53665      
1343    4.90926       3.5421       
1344    5.46163       3.54761      
1345    7.85408       3.5505       
1346    8.55509       3.55072      
1347    7.52376       3.55563      
1348    9.61542       3.5602       
1349    20.4084       3.56341      
1350    7.33914       3.56438      
1351    9.12021       3.57071      
1352    8.14556       3.57568      
1353    6.01561       3.57806      
1354    3.91934       3.58297      
1355    14.8584       3.58686      
1356    13.2045       3.58754      
1357    4.87063       3.59258      
1358    7.16211       3.59489      
1359    2.98346       3.59634      
1360    8.9639        3.59975      
1361    7.55879       3.5999       
1362    15.2352       3.60396      
1363    5.20077       3.61057      
1364    9.0245        3.61564      
1365    2.07316       3.61767      
1366    2.81045       3.61982      
1367    28.4484       3.62429      
1368    39.1243       3.62556      
1369    8.38056       3.62862      
1370    1.09671       3.63469      
1371    48.5482       3.64087      
1372    117.207       3.64166      
1373    138.686       3.64229      
1374    9.10216       3.64364      
1375    19.317        3.64494      
1376    2.38339       3.65302      
1377    13.0597       3.66107      
1378    1.55911       3.66509      
1379    2.00449       3.66641      
1380    1.51074       3.66734      
1381    1.50033       3.66805      
1382    0.963523      3.66986      
1383    193.237       3.67182      
1384    7.9682        3.67206      
1385    43.9987       3.6767       
1386    16.1529       3.67987      
1387    6.26724       3.69269      
1388    4.7598        3.69659      
1389    0.204719      3.70666      
1390    125.368       3.70797      
1391    8.29821       3.70944      
1392    20.0643       3.71672      
1393    719.213       3.71771      
1394    0.263138      3.72057      
1395    1.0509        3.72106      
1396    0.307431      3.72158      
1397    0.315275      3.72177      
1398    0.330063      3.72215      
1399    0.344122      3.72253      
1400    20.0148       3.72707      
1401    7.00669       3.72875      
1402    1.73099       3.73154      
1403    1.76569       3.73279      
1404    1.78443       3.73385      
1405    1.20438       3.73528      
1406    1.19926       3.73587      
1407    1.20103       3.73643      
1408    1.56674       3.73902      
1409    0.381724      3.74082      
1410    12.4206       3.74132      
1411    20.8438       3.74135      
1412    8.13138       3.74141      
1413    0.53344       3.74233      
1414    1.60404       3.74378      
1415    2.97188       3.74583      
1416    8.67458       3.7507       
1417    5.59735       3.75132      
1418    1.89927       3.75441      
1419    7.70857       3.7568       
1420    1.88389       3.75889      
1421    2.48244       3.75997      
1422    10.8884       3.76299      
1423    9.24939       3.76404      
1424    3.21232       3.76734      
1425    2.56378       3.76896      
1426    5.45929       3.77098      
1427    6.17302       3.77333      
1428    3.1478        3.77511      
1429    3.9109        3.77655      
1430    5.56309       3.77887      
1431    2.55893       3.78206      
1432    1.92111       3.78336      
1433    21.7455       3.78777      
1434    16.5055       3.78918      
1435    7.28931       3.80096      
1436    7.23525       3.80343      
1437    5.81026       3.80728      
1438    1.4405        3.81128      
1439    6.55069       3.81347      
1440    5.52698       3.81643      
1441    14.1106       3.82088      
1442    4.01701       3.82494      
1443    2.66304       3.8281       
1444    3.34562       3.83077      
1445    9.06878       3.8352       
1446    1.34623       3.83841      
1447    3.11495       3.83982      
1448    18.0723       3.84479      
1449    12.7737       3.8457       
1450    10.7237       3.84787      
1451    1.29508       3.8519       
1452    1.28432       3.85316      
1453    6.77382       3.85507      
1454    1.26413       3.85694      
1455    1.2648        3.85767      
1456    1.2512        3.8586       
1457    11.3251       3.86102      
1458    1.23183       3.86334      
1459    1.24141       3.86525      
1460    6.84152       3.86746      
1461    4.45017       3.87071      
1462    1.20828       3.8726       
1463    5.17151       3.87461      
1464    9.07429       3.87958      
1465    5.64107       3.88281      
1466    1.12448       3.88801      
1467    6.16807       3.89032      
1468    1.59034       3.89299      
1469    10.1336       3.89491      
1470    0.487011      3.89686      
1471    0.485486      3.89722      
1472    0.484076      3.89744      
1473    0.483016      3.89767      
1474    0.481491      3.8979       
1475    0.480872      3.89808      
1476    0.480135      3.89838      
1477    0.478093      3.89868      
1478    1.04128       3.89913      
1479    0.471416      3.89964      
1480    1.03336       3.90004      
1481    0.464588      3.90049      
1482    0.462934      3.90067      
1483    1.02309       3.90102      
1484    0.458829      3.90137      
1485    0.457087      3.90168      
1486    0.454226      3.90194      
1487    0.450836      3.90213      
1488    1.00313       3.90238      
1489    0.446662      3.90259      
1490    0.447639      3.90283      
1491    0.445357      3.90307      
1492    0.443393      3.90324      
1493    0.442993      3.90339      
1494    0.44161       3.9037       
1495    0.439551      3.90394      
1496    0.437181      3.90421      
1497    0.435         3.90444      
1498    0.432903      3.90468      
1499    0.430716      3.90491      
1500    0.428022      3.90513      
1501    0.426761      3.90529      
1502    0.424983      3.90557      
1503    0.421856      3.90588      
1504    0.419278      3.90614      
1505    0.414301      3.90661      
1506    0.4108        3.90691      
1507    48.239        3.91237      
1508    32.1206       3.91481      
1509    0.310135      3.92087      
1510    2.17352       3.92374      
1511    4.69596       3.92564      
1512    5.90245       3.93698      
1513    2801.8        3.94104      
1514    104.069       3.94597      
1515    133.054       3.94604      
1516    10.5691       3.94799      
1517    0.145255      3.94987      
1518    0.609833      3.95705      
1519    31.2245       3.96802      
1520    0.216375      3.98559      
1521    104.366       3.98964      
1522    258.964       3.99095      
1523    27.8957       3.99144      
1524    80.2441       3.9932       
1525    128.32        3.99345      
1526    0.0970029     4.00486      
1527    0.196765      4.0066       
1528    619.711       4.01609      
1529    37.0277       4.01906      
1530    414.5         4.02686      
1531    287.322       4.0269       
1532    2082.85       4.02855      
1533    9.45202       4.03508      
1534    11.5329       4.04721      
1535    0.476327      4.05106      
1536    0.241847      4.0516       
1537    0.272856      4.05194      
1538    0.53836       4.05241      
1539    0.274654      4.05258      
1540    0.276831      4.05336      
1541    0.29066       4.05352      
1542    0.275464      4.05393      
1543    0.464223      4.05426      
1544    0.288075      4.05461      
1545    0.288297      4.0549       
1546    0.289853      4.05518      
1547    0.28784       4.05587      
1548    0.294368      4.05629      
1549    11.804        4.07156      
1550    0.945689      4.07758      
1551    26.8225       4.07795      
1552    1.41033       4.08846      
1553    1284.68       4.09554      
1554    1.59349       4.09753      
1555    55.914        4.09909      
1556    25.8792       4.10571      
1557    3.77827       4.10951      
1558    0.341515      4.1111       
1559    0.344408      4.11137      
1560    0.710255      4.11163      
1561    0.351474      4.11192      
1562    2.18826       4.11351      
1563    1.65971       4.11525      
1564    0.754343      4.11622      
1565    0.757875      4.11671      
1566    0.403026      4.117        
1567    10.1173       4.1198       
1568    4.45607       4.12332      
1569    0.825182      4.12511      
1570    1.23231       4.1258       
1571    9.18095       4.12769      
1572    3.7931        4.13116      
1573    6.46274       4.13336      
1574    3.8808        4.13657      
1575    3.11912       4.13766      
1576    1.35949       4.13945      
1577    9.46983       4.14245      
1578    3.12401       4.1444       
1579    1.39521       4.14574      
1580    2.57191       4.14693      
1581    1.41011       4.148        
1582    1.92781       4.1488       
1583    3.24728       4.15012      
1584    9.3339        4.15295      
1585    1.02778       4.15527      
1586    3.96539       4.15678      
1587    1.04033       4.15794      
1588    1.04593       4.15901      
1589    1.04039       4.15999      
1590    5.27381       4.16192      
1591    30.0124       4.16506      
1592    11.9563       4.1721       
1593    1.44635       4.17216      
1594    29.1948       4.17278      
1595    6.37995       4.17299      
1596    25.3358       4.17726      
1597    1.22244       4.17813      
1598    1.15475       4.18236      
1599    2.07453       4.18331      
1600    3.74576       4.18504      
1601    2.43079       4.18553      
1602    2.08309       4.18705      
1603    11.9721       4.18955      
1604    1.20146       4.19189      
1605    1.65868       4.1928       
1606    1.21412       4.1935       
1607    2.18776       4.19422      
1608    1.21222       4.19493      
1609    2.78219       4.19568      
1610    3.49435       4.19688      
1611    5.08757       4.19892      
1612    1.22561       4.20008      
1613    1.23242       4.20058      
1614    2.18232       4.20138      
1615    1.22498       4.20197      
1616    2.16552       4.20267      
1617    6.6737        4.20473      
1618    1.28758       4.2102       
1619    34.8792       4.21086      
1620    13.1785       4.21238      
1621    8.86735       4.21828      
1622    11.7222       4.22272      
1623    1.30251       4.22586      
1624    1.74425       4.22669      
1625    1.28061       4.22735      
1626    2.75306       4.228        
1627    1.29424       4.22892      
1628    10.6353       4.23295      
1629    31.6536       4.236        
1630    11.7576       4.23681      
1631    2.02721       4.24245      
1632    6.78746       4.24777      
1633    13.7812       4.24855      
1634    78.6284       4.24889      
1635    2.5273        4.25263      
1636    2.05574       4.2539       
1637    25.7767       4.26431      
1638    19.1314       4.2689       
1639    3.96133       4.27304      
1640    2.77243       4.27566      
1641    2.16555       4.27759      
1642    2.04083       4.27979      
1643    4.85128       4.28112      
1644    71.5645       4.28245      
1645    3.14137       4.28263      
1646    5.82816       4.28399      
1647    2.63884       4.28689      
1648    3.40054       4.28754      
1649    7.58823       4.29461      
1650    3.4599        4.30001      
1651    10.8143       4.30039      
1652    2.02479       4.30372      
1653    3.38205       4.30517      
1654    5.01964       4.308        
1655    5.05681       4.31038      
1656    1.48867       4.31225      
1657    2.74121       4.31323      
1658    2.75622       4.31478      
1659    2.72422       4.31676      
1660    14.0676       4.32048      
1661    2.05999       4.32545      
1662    5.90141       4.32696      
1663    3.46284       4.33037      
1664    5.75562       4.33276      
1665    4.10303       4.33549      
1666    11.0758       4.34222      
1667    23.7879       4.34352      
1668    4.16253       4.34716      
1669    3.59164       4.34869      
1670    3.04996       4.3522       
1671    2.35905       4.35465      
1672    23.6685       4.36112      
1673    76.0053       4.36666      
1674    80.6465       4.3671       
1675    15.8375       4.37311      
1676    1.72224       4.37652      
1677    4.05357       4.38309      
1678    2.06504       4.38514      
1679    2.12525       4.38883      
1680    10.0472       4.39301      
1681    2.144         4.39645      
1682    2.15544       4.39754      
1683    2.15149       4.39888      
1684    2.15165       4.39977      
1685    2.15025       4.40107      
1686    2.13915       4.402        
1687    7.90248       4.40458      
1688    2.16852       4.40748      
1689    2.83864       4.40985      
1690    7.75319       4.41228      
1691    27.9467       4.42193      
1692    2.32316       4.43095      
1693    27.9379       4.43717      
1694    89.1272       4.43769      
1695    21.0866       4.43952      
1696    8.58364       4.45891      
1697    8.58144       4.45896      
1698    32.7055       4.46615      
1699    25.0277       4.46727      
1700    2.14648       4.47526      
1701    2.12685       4.47659      
1702    2.14573       4.47734      
1703    4.66633       4.48         
1704    7.21658       4.48369      
1705    2.18887       4.48611      
1706    2.99287       4.48798      
1707    15.2092       4.49174      
1708    2.94166       4.49585      
1709    2.96394       4.49735      
1710    29.8754       4.50531      
1711    15.74         4.50628      
1712    4.37832       4.51434      
1713    4.28556       4.51576      
1714    4.43516       4.51744      
1715    4.51945       4.52058      
1716    5.09528       4.52542      
1717    26.7679       4.52676      
1718    2.98577       4.53501      
1719    6.50501       4.54147      
1720    16.7451       4.54777      
1721    0.489997      4.55169      
1722    51.5858       4.55216      
1723    63.7          4.5569       
1724    32.3189       4.56326      
1725    1.09022       4.57238      
1726    43.4531       4.57291      
1727    0.368801      4.58044      
1728    0.36783       4.58071      
1729    0.366526      4.58109      
1730    0.365056      4.58147      
1731    0.363879      4.58176      
1732    0.362767      4.58206      
1733    0.361187      4.58245      
1734    0.360075      4.58272      
1735    0.358198      4.58319      
1736    0.355496      4.5838       
1737    0.35318       4.5843       
1738    0.350551      4.58483      
1739    0.348497      4.58523      
1740    28.9015       4.59016      
1741    11.1422       4.59119      
1742    0.297998      4.59668      
1743    0.294973      4.59736      
1744    0.289704      4.59843      
1745    3.13575       4.59988      
1746    0.296684      4.60893      
1747    0.0118559     4.60909      
1748    25.9444       4.60914      
1749    8.44212       4.60979      
1750    0.939773      4.61527      
1751    0.944407      4.61592      
1752    0.947366      4.61675      
1753    0.943836      4.61733      
1754    0.943796      4.61783      
1755    0.946363      4.61841      
1756    0.932299      4.61918      
1757    3.25692       4.62014      
1758    0.918608      4.62104      
1759    3.09806       4.62237      
1760    3.927         4.6235       
1761    3.112         4.62504      
1762    8.76985       4.62781      
1763    0.900947      4.63026      
1764    3516.02       4.6307       
1765    6.79946       4.63232      
1766    0.880943      4.63402      
1767    3.16702       4.63501      
1768    0.872587      4.63593      
1769    3.10592       4.63684      
1770    7.58182       4.63898      
1771    0.857499      4.64061      
1772    4.0004        4.64177      
1773    0.864387      4.64273      
1774    4.86485       4.64438      
1775    3.12186       4.64615      
1776    0.874096      4.64729      
1777    0.868892      4.64795      
1778    9.82941       4.65029      
1779    0.862226      4.6527       
1780    0.864036      4.65362      
1781    3.04777       4.65479      
1782    0.849508      4.65602      
1783    0.841213      4.65678      
1784    27.886        4.66168      
1785    0.85259       4.6677       
1786    0.857103      4.66844      
1787    0.861237      4.66924      
1788    0.862579      4.67032      
1789    0.860203      4.67135      
1790    0.852334      4.6727       
1791    9.30283       4.67726      
1792    4.01106       4.68128      
1793    72.989        4.68579      
1794    24.887        4.68796      
1795    4.74854       4.69409      
1796    4.04179       4.69545      
1797    3.8342        4.70183      
1798    2.16487       4.70656      
1799    0.973548      4.70829      
1800    2.17879       4.71104      
1801    2.16874       4.71272      
1802    2.17347       4.71439      
1803    3.90808       4.7179       
1804    2.10382       4.71959      
1805    12.2572       4.72458      
1806    2.11404       4.73105      
1807    5.33481       4.73692      
1808    13.865        4.7505       
1809    40.7905       4.75704      
1810    60.2607       4.7638       
1811    1.68382       4.76385      
1812    72.1154       4.77941      
1813    0.923938      4.79538      
1814    69.7052       4.79712      
1815    0.0603757     4.80976      
1816    222.203       4.81046      
1817    6.86923       4.82394      
1818    1.28902       4.84006      
1819    1.28933       4.84146      
1820    3.00844       4.84409      
1821    2.996         4.84628      
1822    3.00873       4.84835      
1823    9540.94       4.8491       
1824    1.2935        4.85017      
1825    586.462       4.85081      
1826    2.94369       4.85146      
1827    3.7909        4.85292      
1828    2.16131       4.85542      
1829    3.77224       4.85706      
1830    2.9612        4.85883      
1831    3.79763       4.86205      
1832    2.90975       4.86615      
1833    2.86143       4.86831      
1834    114.376       4.88654      
1835    60.3461       4.88828      
1836    34.9021       4.88911      
1837    1.3256        4.89559      
1838    3.41848       4.89979      
1839    20.9326       4.91627      
1840    0.391909      4.92118      
1841    0.395039      4.92177      
1842    0.398173      4.92249      
1843    0.399118      4.9228       
1844    0.400327      4.92305      
1845    0.402176      4.92344      
1846    0.403554      4.92374      
1847    0.405277      4.92422      
1848    0.406194      4.92447      
1849    0.408018      4.92485      
1850    0.409117      4.92521      
1851    0.410251      4.92547      
1852    0.4126        4.92598      
1853    0.413763      4.92644      
1854    0.414264      4.92671      
1855    0.415411      4.92696      
1856    0.416904      4.92737      
1857    0.417133      4.92765      
1858    0.417842      4.92787      
1859    0.419522      4.92815      
1860    0.421146      4.92862      
1861    0.42178       4.92899      
1862    0.422382      4.9293       
1863    0.422805      4.92969      
1864    0.422836      4.92999      
1865    7.80533       4.93195      
1866    0.435705      4.93392      
1867    0.43816       4.93443      
1868    0.438869      4.9347       
1869    0.440327      4.93497      
1870    0.44187       4.93543      
1871    0.44189       4.93588      
1872    5.28142       4.93738      
1873    8.94764       4.93979      
1874    0.455353      4.94145      
1875    0.461849      4.94202      
1876    0.464489      4.9424       
1877    0.466621      4.94284      
1878    0.467701      4.94313      
1879    0.469397      4.94344      
1880    0.470689      4.94384      
1881    0.471501      4.9441       
1882    0.473281      4.94444      
1883    0.47432       4.94479      
1884    0.475354      4.94509      
1885    0.476764      4.94546      
1886    0.477914      4.94581      
1887    0.478719      4.94621      
1888    0.479018      4.94651      
1889    0.479041      4.94681      
1890    0.479433      4.94704      
1891    0.479524      4.94734      
1892    0.478864      4.94755      
1893    0.479692      4.94775      
1894    0.481498      4.948        
1895    0.481942      4.94844      
1896    0.48095       4.94875      
1897    7.2788        4.95042      
1898    0.490198      4.95207      
1899    0.493208      4.95239      
1900    0.496365      4.9528       
1901    0.497717      4.95323      
1902    0.498745      4.9535       
1903    0.499881      4.95401      
1904    2.26289       4.95481      
1905    0.504199      4.95567      
1906    0.50543       4.95595      
1907    0.505755      4.95633      
1908    0.505217      4.95657      
1909    0.505418      4.95685      
1910    3.07475       4.95775      
1911    0.510461      4.95884      
1912    3.07          4.9598       
1913    0.51875       4.96092      
1914    0.520218      4.96147      
1915    0.52041       4.9618       
1916    3.03367       4.96301      
1917    0.523921      4.96429      
1918    0.524167      4.96475      
1919    18.4403       4.96872      
1920    2.26178       4.97394      
1921    2.3231        4.976        
1922    2.32339       4.97602      
1923    2.32554       4.97932      
1924    2.30863       4.98073      
1925    7.67824       4.98382      
1926    3.15097       4.9885       
1927    3.14532       4.98991      
1928    4.06253       4.9926       
1929    4.04824       4.99448      
1930    2.31469       4.99629      
1931    2.30558       4.99735      
1932    2.32655       4.99836      
1933    2.3682        4.9997       
1934    2.38325       5.00164      
1935    2.37301       5.00327      
1936    2.36338       5.00477      
1937    2.34205       5.0062       
1938    2.35232       5.00729      
1939    2.37623       5.00952      
1940    2.35713       5.01167      
1941    2.32052       5.01399      
1942    32.774        5.02239      
1943    2.34914       5.03181      
1944    2.37362       5.03415      
1945    2.38827       5.03611      
1946    2.40425       5.0383       
1947    2.41177       5.04082      
1948    2.41436       5.04319      
1949    2.39206       5.04705      
1950    17.3352       5.05416      
1951    4.01486       5.05997      
1952    4.06754       5.0631       
1953    3.13671       5.06579      
1954    4.03843       5.06829      
1955    3.10872       5.07099      
1956    55.4444       5.08627      
1957    29.6287       5.09347      
1958    3.94299       5.10535      
1959    3.97821       5.10786      
1960    4.05543       5.11073      
1961    3.08459       5.11351      
1962    5.18696       5.11571      
1963    2.29785       5.11815      
1964    2.31283       5.12268      
1965    2.23833       5.12772      
1966    9.16921       5.13639      
1967    36.9463       5.13709      
1968    2.21196       5.14835      
1969    4.1128        5.1503       
1970    5.40079       5.15459      
1971    4.22111       5.15766      
1972    3.18415       5.16221      
1973    7.04063       5.16662      
1974    2.21317       5.16921      
1975    3.13467       5.1735       
1976    10.1107       5.17807      
1977    1.44973       5.18243      
1978    4.26379       5.18515      
1979    1.43744       5.18712      
1980    1.43746       5.18828      
1981    1.42939       5.18945      
1982    4.16902       5.19122      
1983    1.41512       5.19279      
1984    3.02514       5.19489      
1985    1.40283       5.19692      
1986    1.39504       5.19781      
1987    1.38709       5.19892      
1988    25.1947       5.20614      
1989    18.6842       5.20638      
1990    1.34799       5.21277      
1991    1.36048       5.21445      
1992    1.36211       5.21584      
1993    1.35787       5.217        
1994    1.35055       5.2179       
1995    2.8707        5.21916      
1996    1.34293       5.2214       
1997    25.2301       5.22819      
1998    10.1645       5.23028      
1999    2.85033       5.23721      
2000    1.31427       5.23971      
2001    9.04054       5.24373      
2002    1.2844        5.24656      
2003    1.28286       5.24767      
2004    1.28098       5.24837      
2005    2.75386       5.25009      
2006    1.26119       5.25133      
2007    1.24989       5.25251      
2008    25.5054       5.25771      
2009    7.43872       5.26428      
2010    13.9358       5.26505      
2011    11.1998       5.26594      
2012    10.8795       5.27054      
2013    1.82765       5.27414      
2014    1.20386       5.27528      
2015    1.19304       5.27631      
2016    5.7661        5.27793      
2017    6.98146       5.28099      
2018    1.17391       5.28309      
2019    1.17238       5.28396      
2020    1.16443       5.28462      
2021    1.77072       5.2853       
2022    1.15679       5.28656      
2023    1.14598       5.28736      
2024    0.710163      5.29223      
2025    27.6628       5.29247      
2026    18.7796       5.30227      
2027    17.0856       5.30474      
2028    1.08727       5.30914      
2029    1.08935       5.31048      
2030    1.08882       5.31114      
2031    1.08819       5.31214      
2032    1.69315       5.31329      
2033    1.07864       5.31488      
2034    1.06904       5.31621      
2035    22.079        5.32211      
2036    8.08678       5.32236      
2037    18.4109       5.33092      
2038    27.5908       5.33136      
2039    3.34027       5.34107      
2040    3.30475       5.343        
2041    10.7461       5.34668      
2042    3.57693       5.35227      
2043    3.62553       5.36029      
2044    1.49891       5.36817      
2045    0.420242      5.37679      
2046    0.414009      5.37798      
2047    0.41094       5.37851      
2048    0.409623      5.37875      
2049    0.407691      5.37915      
2050    0.404848      5.37968      
2051    0.401759      5.38021      
2052    0.399911      5.38053      
2053    0.397488      5.38092      
2054    0.396326      5.38113      
2055    0.394379      5.38145      
2056    0.392705      5.38172      
2057    0.390456      5.38206      
2058    8.15569       5.38397      
2059    0.369495      5.38556      
2060    0.368333      5.38584      
2061    0.366517      5.38621      
2062    0.364368      5.38658      
2063    0.362541      5.38688      
2064    0.360204      5.38724      
2065    0.358882      5.38744      
2066    0.35694       5.38774      
2067    3.18324       5.38917      
2068    2.06515       5.3917       
2069    38.7452       5.39384      
2070    18.3641       5.39622      
2071    28.7133       5.39863      
2072    5.3736        5.41178      
2073    124.102       5.41865      
2074    2485.41       5.4209       
2075    12.5085       5.42125      
2076    8.33883       5.43029      
2077    0.573539      5.43658      
2078    0.573224      5.43723      
2079    0.572547      5.43823      
2080    0.571973      5.43891      
2081    0.571176      5.43983      
2082    8.22546       5.44544      
2083    21.8821       5.46593      
2084    42.0025       5.47014      
2085    31.0155       5.47264      
2086    0.212705      5.48058      
2087    372.449       5.48355      
2088    0.201982      5.49364      
2089    92.559        5.49453      
2090    18.252        5.49487      
2091    3259.06       5.50643      
2092    9.56556       5.50998      
2093    8.2194        5.52124      
2094    0.234327      5.52345      
2095    0.238767      5.52405      
2096    0.241835      5.5245       
2097    5.45682       5.52629      
2098    4.37926       5.52856      
2099    0.274588      5.52958      
2100    0.276131      5.52979      
2101    0.27764       5.53         
2102    0.279786      5.53033      
2103    0.280672      5.53049      
2104    0.282534      5.53079      
2105    0.28343       5.53094      
2106    0.285605      5.53129      
2107    0.287081      5.53156      
2108    0.28856       5.5318       
2109    0.290069      5.53209      
2110    0.290977      5.53225      
2111    0.293161      5.53265      
2112    0.293929      5.5328       
2113    0.295249      5.53302      
2114    0.296589      5.53326      
2115    0.298337      5.5336       
2116    0.299227      5.53379      
2117    0.300334      5.53402      
2118    0.301191      5.5342       
2119    0.302169      5.53439      
2120    0.303483      5.53462      
2121    0.304563      5.53489      
2122    0.30554       5.5351       
2123    0.306893      5.53541      
2124    0.307852      5.53566      
2125    0.309614      5.53614      
2126    1.94009       5.53961      
2127    30.9705       5.54014      
2128    0.815605      5.5407       
2129    0.353575      5.54504      
2130    0.358331      5.54592      
2131    11.8871       5.56071      
2132    6.43981       5.57079      
2133    13.3386       5.58229      
2134    0.836159      5.59512      
2135    0.835698      5.59621      
2136    0.835729      5.5971       
2137    0.83548       5.59873      
2138    0.834396      5.60041      
2139    0.833029      5.60178      
2140    9.50888       5.60655      
2141    7.82274       5.61378      
2142    8.48553       5.62447      
2143    0.102113      5.62448      
2144    77.3993       5.63774      
2145    32.8402       5.6424       
2146    0.296409      5.65311      
2147    0.285086      5.65477      
2148    0.0885207     5.65501      
2149    6.86542       5.65779      
2150    98.121        5.66214      
2151    543.875       5.66679      
2152    28.3117       5.67787      
2153    112.671       5.68902      
2154    2749.58       5.69061      
2155    5.19533       5.6914       
2156    135.852       5.69171      
2157    56.1286       5.70474      
2158    0.27995       5.70884      
2159    0.285047      5.70919      
2160    0.289132      5.70949      
2161    0.29219       5.70974      
2162    0.294148      5.70989      
2163    0.297268      5.71015      
2164    0.299533      5.71034      
2165    0.302805      5.71065      
2166    0.30386       5.7108       
2167    0.304818      5.71091      
2168    0.306328      5.71104      
2169    0.307471      5.71117      
2170    0.308576      5.71128      
2171    0.310644      5.71143      
2172    0.312543      5.71161      
2173    0.314555      5.71183      
2174    0.316044      5.712        
2175    0.317842      5.7122       
2176    0.319308      5.71237      
2177    0.320975      5.71257      
2178    0.321977      5.71275      
2179    0.322763      5.71287      
2180    0.323812      5.71301      
2181    0.324187      5.71313      
2182    0.325182      5.71323      
2183    0.32641       5.7134       
2184    0.326999      5.7135       
2185    0.32846       5.71366      
2186    0.329218      5.71379      
2187    1.20771       5.71414      
2188    0.33372       5.71448      
2189    0.33488       5.71463      
2190    0.336125      5.7148       
2191    0.336885      5.71497      
2192    0.336969      5.71512      
2193    0.337487      5.71522      
2194    0.339034      5.71538      
2195    0.34017       5.71558      
2196    0.3405        5.71584      
2197    0.340384      5.71595      
2198    0.340877      5.71608      
2199    0.340842      5.71622      
2200    0.341054      5.71632      
2201    0.341909      5.71646      
2202    0.342473      5.71661      
2203    0.342931      5.71685      
2204    0.343008      5.71703      
2205    0.342678      5.71738      
2206    0.341743      5.71763      
2207    0.341262      5.71778      
2208    82.2824       5.72278      
2209    25.0063       5.72913      
2210    0.429803      5.7315       
2211    0.433296      5.7317       
2212    0.436684      5.73193      
2213    0.438681      5.73208      
2214    0.440496      5.73227      
2215    0.441607      5.73239      
2216    0.444632      5.73254      
2217    0.448266      5.73285      
2218    0.449398      5.73301      
2219    0.451526      5.73322      
2220    0.452798      5.73342      
2221    0.453469      5.7336       
2222    0.454828      5.73376      
2223    0.456704      5.73401      
2224    0.456172      5.73422      
2225    0.456612      5.73435      
2226    0.459001      5.73455      
2227    0.458574      5.73489      
2228    0.458715      5.73501      
2229    0.460678      5.7353       
2230    0.459709      5.73556      
2231    0.459362      5.73571      
2232    0.459617      5.73593      
2233    0.459132      5.73614      
2234    0.458803      5.73634      
2235    0.458025      5.73666      
2236    84.5269       5.74257      
2237    0.546928      5.74271      
2238    11.0047       5.74941      
2239    1.0853        5.75475      
2240    1.07593       5.75569      
2241    14.8777       5.75848      
2242    22.5127       5.76047      
2243    1.16377       5.76444      
2244    1.15591       5.76496      
2245    1.16029       5.76525      
2246    1.18852       5.76571      
2247    1.19748       5.7665       
2248    1.75896       5.76705      
2249    1.19304       5.76748      
2250    2.4461        5.76836      
2251    1.22068       5.76919      
2252    1.80683       5.76981      
2253    1.22017       5.77031      
2254    1.22802       5.77089      
2255    5.67124       5.77224      
2256    1.21199       5.77331      
2257    1.81315       5.77383      
2258    4.04461       5.77511      
2259    2.54025       5.7764       
2260    3.31796       5.77799      
2261    1.86172       5.77882      
2262    1.27287       5.77945      
2263    1.89883       5.78         
2264    1.27747       5.78071      
2265    1.89422       5.78121      
2266    1.28845       5.78198      
2267    1.26862       5.78263      
2268    9.77895       5.78427      
2269    1.28898       5.78605      
2270    1.9123        5.7869       
2271    1.31055       5.78764      
2272    6.65595       5.78931      
2273    2.68313       5.7918       
2274    5.74242       5.7919       
2275    2.24492       5.79474      
2276    10.2831       5.79573      
2277    8.85421       5.79716      
2278    8.18056       5.80003      
2279    1.34468       5.80171      
2280    1.36093       5.80217      
2281    1.36041       5.80299      
2282    1.3541        5.80337      
2283    3.33767       5.80433      
2284    1.36474       5.80518      
2285    1.3757        5.80586      
2286    2.53459       5.80706      
2287    21.4461       5.81086      
2288    16.3877       5.81194      
2289    4.90195       5.81216      
2290    1.41401       5.81622      
2291    1.43356       5.81755      
2292    3.37014       5.81919      
2293    2.59078       5.82124      
2294    7.59767       5.82423      
2295    32.5558       5.82672      
2296    0.985626      5.82743      
2297    4.39864       5.82869      
2298    9.15556       5.83112      
2299    2.11113       5.83588      
2300    15.1735       5.836        
2301    1.52605       5.83637      
2302    2.12193       5.83908      
2303    4.67577       5.83934      
2304    7.80409       5.84109      
2305    2.64613       5.84257      
2306    14.2887       5.8521       
2307    26.3853       5.85217      
2308    12.6034       5.85888      
2309    4.65857       5.86301      
2310    8.72788       5.86622      
2311    7.81092       5.86636      
2312    6.37128       5.87217      
2313    5.24911       5.8748       
2314    17.559        5.88028      
2315    16.4579       5.88052      
2316    2.59224       5.88112      
2317    1.04804       5.88432      
2318    91.2997       5.88527      
2319    1.60316       5.88556      
2320    5.06362       5.88694      
2321    4.3185        5.88891      
2322    8.8855        5.89365      
2323    1.07438       5.89398      
2324    6.18476       5.89758      
2325    1.28006       5.89985      
2326    15.5627       5.90387      
2327    71.1714       5.90392      
2328    13.8637       5.90716      
2329    2.811         5.90964      
2330    1.72663       5.91089      
2331    5.74158       5.91143      
2332    2.61339       5.91411      
2333    6.26307       5.91602      
2334    4.64257       5.91764      
2335    14.1344       5.92255      
2336    9.82442       5.92512      
2337    20.6018       5.93393      
2338    18.3856       5.93451      
2339    7.11144       5.94099      
2340    3.20111       5.94524      
2341    12.5686       5.94537      
2342    4.50473       5.94905      
2343    3.71008       5.95064      
2344    9.55909       5.95412      
2345    1.16087       5.95413      
2346    10.4477       5.9575       
2347    8.39899       5.96078      
2348    3.69536       5.9635       
2349    5.1486        5.96551      
2350    5.83741       5.96721      
2351    6.86809       5.96975      
2352    13.7803       5.97061      
2353    10.528        5.97817      
2354    21.3224       5.97863      
2355    2.32196       5.98436      
2356    11.2027       5.98452      
2357    1.86756       5.98754      
2358    10.2222       5.98826      
2359    2.10718       5.98999      
2360    13.3885       5.99335      
2361    1.08006       5.99795      
2362    17.7942       5.99829      
2363    6.98386       6.00471      
2364    22.134        6.00498      
2365    13.9822       6.00971      
2366    5.03804       6.01314      
2367    2.03832       6.01412      
2368    6.76807       6.01565      
2369    2.05783       6.01701      
2370    2.05069       6.01759      
2371    2.07922       6.01819      
2372    4.7824        6.01958      
2373    6.56527       6.02081      
2374    12.9058       6.02256      
2375    1.37812       6.02474      
2376    2.04545       6.02515      
2377    2.80518       6.026        
2378    2.80356       6.02704      
2379    2.01107       6.02785      
2380    2.00765       6.02827      
2381    6.76302       6.02971      
2382    1.35691       6.03091      
2383    3.38996       6.03161      
2384    2.01806       6.03243      
2385    1.34796       6.03288      
2386    2.71685       6.03352      
2387    2.03847       6.03449      
2388    1.34049       6.03522      
2389    19.2043       6.03795      
2390    0.402652      6.04062      
2391    0.396973      6.04081      
2392    5.18975       6.04211      
2393    3.01497       6.04235      
2394    18.1168       6.04688      
2395    32.6168       6.04702      
2396    856.617       6.04726      
2397    68.9532       6.05405      
2398    22.6614       6.05458      
2399    23.0889       6.06004      
2400    10.3988       6.06196      
2401    7.40597       6.06777      
2402    4.10611       6.06942      
2403    1.47834       6.07026      
2404    6.05575       6.07296      
2405    10.2509       6.07604      
2406    2.42115       6.07618      
2407    3.20639       6.07842      
2408    6.26885       6.07902      
2409    2.23512       6.08066      
2410    3.72892       6.08161      
2411    4.66561       6.08378      
2412    7.14078       6.08707      
2413    2.31245       6.0893       
2414    14.0023       6.09282      
2415    1.82896       6.10091      
2416    53.3143       6.10318      
2417    13.0346       6.10816      
2418    20.2332       6.10878      
2419    36.4537       6.10899      
2420    40.3909       6.10934      
2421    1.3661        6.11109      
2422    1.16569       6.11183      
2423    6.40413       6.11419      
2424    2.66358       6.11613      
2425    11.1729       6.12043      
2426    3.14414       6.12425      
2427    3.85454       6.12626      
2428    7.90955       6.13015      
2429    13.2648       6.13682      
2430    13.2035       6.13785      
2431    51.8399       6.13805      
2432    3.37388       6.14221      
2433    10.2585       6.144        
2434    6.1914        6.14931      
2435    11.191        6.15243      
2436    4.55803       6.15479      
2437    8.59112       6.15984      
2438    3.33472       6.16195      
2439    30.5803       6.16281      
2440    4.92419       6.16339      
2441    31.2605       6.1698       
2442    9.10059       6.17134      
2443    18.8181       6.1819       
2444    25.2578       6.18236      
2445    3.99204       6.18673      
2446    6.34058       6.18921      
2447    6.50793       6.19159      
2448    6.64275       6.19525      
2449    8.60579       6.19775      
2450    10.5285       6.20742      
2451    46.4253       6.20946      
2452    10.3311       6.21049      
2453    10.0978       6.21697      
2454    6.10619       6.22204      
2455    10.5277       6.22466      
2456    14.7876       6.22799      
2457    14.7763       6.2294       
2458    20.1815       6.22973      
2459    7.17365       6.23129      
2460    8.31345       6.23887      
2461    22.4073       6.24537      
2462    9.84456       6.24587      
2463    12.7665       6.25056      
2464    5.00702       6.25367      
2465    4.39619       6.25539      
2466    7.2368        6.25831      
2467    10.9431       6.26158      
2468    13.7091       6.26471      
2469    6.18098       6.26709      
2470    5.39049       6.26931      
2471    4.02178       6.27083      
2472    6.66698       6.27193      
2473    5.57497       6.27503      
2474    6.88103       6.27718      
2475    11.3212       6.2827       
