92           90          
92           47          
92           93          
92           115         
92           110         
51           47          
51           38          
51           52          
51           56          
51           46          
51           67          
51           37          
72           74          
111          45          
111          82          
111          112         
113          95          
113          115         
113          53          
95           97          
95           55          
95           93          
95           96          
95           53          
11           47          
11           45          
11           5           
11           10          
11           1           
11           12          
11           13          
106          107         
106          97          
106          108         
106          104         
22           33          
22           23          
22           26          
77           76          
103          108         
103          102         
57           58          
57           56          
14           12          
14           13          
14           15          
41           44          
41           40          
32           33          
6            5           
6            10          
6            4           
94           47          
94           93          
80           79          
37           38          
37           47          
37           31          
37           46          
37           39          
21           8           
21           20          
74           64          
74           79          
74           75          
74           76          
74           73          
74           68          
8            2           
8            7           
8            10          
8            9           
8            0           
8            1           
8            3           
8            4           
8            15          
65           64          
65           66          
66           64          
66           58          
38           45          
38           34          
38           47          
38           40          
38           39          
82           97          
82           84          
82           49          
82           90          
82           83          
82           87          
82           79          
82           107         
82           53          
82           108         
82           104         
82           46          
82           76          
82           81          
82           45          
24           23          
52           56          
115          47          
115          114         
115          62          
115          117         
115          63          
115          96          
115          116         
115          53          
117          1           
63           61          
63           49          
31           30          
61           62          
61           59          
61           60          
33           53          
33           35          
33           30          
53           47          
53           44          
53           116         
53           54          
53           96          
53           93          
53           76          
53           45          
53           55          
70           69          
70           67          
70           79          
70           76          
70           71          
46           47          
46           44          
46           45          
46           76          
18           19          
29           30          
29           28          
29           26          
81           76          
15           13          
97           104         
97           96          
97           98          
97           93          
97           101         
97           107         
97           108         
97           102         
97           99          
97           100         
84           85          
84           45          
49           47          
49           45          
49           50          
49           48          
26           30          
26           27          
26           25          
20           47          
5            12          
5            3           
5            4           
5            13          
85           79          
56           50          
56           58          
56           59          
93           96          
35           36          
35           34          
16           17          
109          110         
109          108         
0            45          
0            1           
102          79          
102          107         
102          108         
102          104         
102          76          
89           90          
12           47          
12           17          
12           10          
12           1           
12           13          
105          104         
3            4           
3            1           
4            1           
64           90          
64           58          
64           76          
17           19          
90           108         
90           110         
90           91          
45           44          
45           55          
45           50          
58           59          
54           96          
54           47          
86           87          
71           79          
71           76          
101          100         
88           87          
76           78          
76           79          
76           75          
76           104         
76           107         
76           69          
76           68          
76           108         
76           73          
76           67          
76           99          
108          107         
108          110         
104          107         
104          110         
110          107         
68           67          
68           79          
59           60          
78           79          
42           43          
42           44          
50           44          
79           75          
43           44          
1            2           
