0       3.74999       0.0820655    
1       8.20713       0.113254     
2       2.05764       0.130459     
3       3.60435       0.212212     
4       4.07177       0.24211      
5       5.00365       0.255929     
6       2.23936       0.265782     
7       0.377206      0.365557     
8       8.6962        0.366256     
9       0.724326      0.378101     
10      4.04183       0.450704     
11      7.08536       0.489597     
12      7.90353       0.516744     
13      3.94639       0.574834     
14      1.93501       0.575186     
15      2.05142       0.583586     
16      0.534613      0.6767       
17      3.31995       0.676875     
18      0.542802      0.740788     
19      2.14671       0.741147     
20      2.61415       0.797483     
21      2.5255        0.797819     
22      4.37308       0.939221     
23      1.81823       0.953897     
24      0.396368      0.955098     
25      0.622921      1.09339      
26      5.44511       1.09526      
27      0.742953      1.10203      
28      0.401422      1.17678      
29      2.69715       1.1775       
30      4.16696       1.21108      
31      2.01825       1.21661      
32      0.485978      1.2865       
33      5.14876       1.28742      
34      2.20883       1.34497      
35      2.66202       1.3561       
36      0.494046      1.35834      
37      6.84579       1.54517      
38      8.04179       1.54529      
39      0.915811      1.54544      
40      1.77642       1.68316      
41      1.76071       1.6849       
42      0.758785      1.76546      
43      0.814954      1.76603      
44      6.51524       1.77468      
45      15.5263       1.90374      
46      8.83074       1.9128       
47      17.6291       2.01578      
48      0.695699      2.12482      
49      5.95405       2.14208      
50      3.60907       2.14422      
51      7.94693       2.27416      
52      1.98964       2.28012      
53      18.7891       2.4955       
54      3.97583       2.50855      
55      4.10665       2.58162      
56      6.86101       2.75747      
57      1.12356       2.76364      
58      5.57057       2.76855      
59      3.7026        2.91945      
60      1.02263       2.92515      
61      3.56582       2.9302       
62      2.48965       2.96026      
63      5.3663        3.08299      
64      7.5198        3.29912      
65      1.01976       3.29975      
66      2.74989       3.30096      
67      6.50303       3.3786       
68      6.33321       3.79109      
69      1.81821       3.88643      
70      5.03156       3.90623      
71      2.82308       3.91552      
72      0.640348      4.04142      
73      1.26281       4.05646      
74      7.23288       4.05718      
75      3.05214       4.11733      
76      28.8057       4.15925      
77      0.45218       4.16461      
78      1.67873       4.26501      
79      14.1663       4.30276      
80      0.287742      4.30588      
81      1.99659       4.44851      
82      20.1728       4.47513      
83      0.44995       4.4812       
84      2.66184       4.55093      
85      1.39834       4.55277      
86      0.891848      4.61672      
87      2.52987       4.62432      
88      0.641178      4.62701      
89      0.50494       4.98528      
90      6.56204       4.98858      
91      0.701566      4.99616      
92      4.66247       5.06992      
93      5.0266        5.09479      
94      1.39476       5.10378      
95      5.44608       5.20118      
96      5.33917       5.20839      
97      12.0964       5.21743      
98      0.745028      5.24804      
99      1.85092       5.27304      
100     1.40692       5.31737      
101     1.43429       5.31862      
102     6.29446       5.40157      
103     1.72664       5.40502      
104     7.13397       5.48914      
105     0.333643      5.48921      
106     3.67893       5.56479      
107     8.43932       5.58215      
108     11.0682       5.62538      
109     2.06443       5.74068      
110     6.63899       5.75218      
111     3.34554       5.84636      
112     0.540097      5.84725      
113     4.43356       6.05507      
114     0.431542      6.09976      
115     10.8157       6.09981      
116     2.49923       6.13055      
117     2.96287       6.18593      
