115          54          
115          144         
115          193         
115          132         
115          111         
115          76          
115          110         
115          113         
115          77          
115          112         
115          119         
115          203         
115          46          
115          99          
115          103         
115          95          
115          88          
115          72          
115          84          
115          200         
115          93          
115          92          
115          78          
115          114         
115          172         
115          121         
115          146         
115          135         
115          97          
115          130         
115          138         
115          45          
115          79          
115          162         
115          91          
115          108         
115          219         
115          170         
115          117         
115          194         
115          137         
115          182         
115          109         
115          73          
115          147         
115          31          
115          168         
115          100         
115          118         
115          188         
115          181         
115          120         
115          89          
115          143         
115          9           
115          195         
115          74          
115          116         
115          71          
115          85          
115          83          
115          101         
115          152         
54           76          
54           92          
54           51          
54           47          
144          158         
144          127         
144          145         
144          170         
144          141         
144          172         
144          111         
144          149         
144          146         
144          140         
144          135         
144          143         
144          128         
144          125         
144          160         
142          132         
142          143         
142          146         
179          176         
185          186         
227          229         
227          240         
227          239         
227          223         
227          224         
227          221         
173          172         
26           25          
26           36          
26           27          
75           76          
75           72          
75           77          
113          114         
113          132         
113          122         
113          112         
113          119         
113          133         
77           88          
77           76          
77           112         
77           103         
77           65          
77           72          
77           84          
77           93          
77           92          
77           78          
77           114         
77           121         
77           97          
77           82          
77           45          
77           79          
77           60          
77           108         
77           109         
77           73          
77           87          
77           118         
77           89          
77           111         
77           74          
77           71          
77           83          
112          64          
112          120         
112          114         
112          111         
112          76          
112          110         
112          137         
112          119         
112          97          
112          109         
112          138         
112          172         
112          147         
112          74          
112          123         
55           56          
203          182         
203          197         
203          138         
203          215         
203          193         
203          172         
203          199         
48           76          
48           47          
17           16          
17           36          
243          244         
95           97          
95           76          
126          128         
126          129         
126          127         
126          120         
126          125         
244          224         
244          223         
10           7           
10           12          
10           9           
10           19          
10           32          
10           36          
148          207         
148          149         
148          146         
92           93          
92           89          
92           76          
92           90          
92           101         
92           97          
92           98          
92           99          
92           79          
92           74          
92           100         
92           91          
92           87          
127          106         
127          93          
127          146         
127          140         
127          97          
127          129         
127          128         
127          125         
127          123         
127          105         
12           13          
12           11          
12           16          
12           20          
12           36          
52           76          
52           53          
52           46          
52           72          
52           47          
52           51          
114          89          
114          76          
114          111         
114          97          
114          119         
114          122         
114          171         
163          162         
163          149         
163          36          
163          170         
176          153         
176          175         
176          177         
176          178         
176          174         
50           76          
50           51          
50           49          
206          207         
206          205         
57           64          
57           56          
146          143         
146          149         
146          125         
146          160         
146          172         
146          135         
146          108         
146          170         
146          140         
146          154         
146          36          
146          145         
146          181         
146          111         
146          128         
146          139         
146          123         
236          237         
236          239         
158          168         
158          162         
158          157         
44           43          
44           76          
44           56          
44           45          
44           60          
44           36          
239          193         
239          229         
239          181         
239          234         
239          233         
239          237         
239          220         
239          238         
239          235         
239          240         
239          241         
239          242         
239          225         
239          230         
239          211         
239          223         
239          216         
239          224         
239          221         
169          151         
169          157         
169          170         
169          172         
169          168         
169          167         
169          162         
6            21          
6            7           
32           24          
32           39          
32           33          
32           31          
32           36          
79           62          
79           78          
79           53          
79           80          
79           76          
79           64          
79           97          
79           98          
79           99          
79           45          
79           74          
79           72          
79           85          
79           91          
208          207         
167          166         
167          170         
167          162         
205          207         
205          204         
108          120         
108          143         
108          76          
108          110         
108          111         
108          97          
219          218         
219          120         
219          223         
219          217         
219          215         
219          220         
219          119         
219          199         
219          177         
219          168         
219          224         
219          221         
219          162         
155          154         
155          156         
155          160         
155          149         
155          162         
70           65          
70           76          
70           72          
80           76          
228          229         
140          141         
140          149         
140          135         
140          139         
140          125         
18           16          
18           36          
109          64          
109          132         
109          111         
109          76          
109          110         
109          137         
109          97          
109          119         
109          138         
109          152         
109          91          
61           60          
98           97          
98           99          
98           100         
225          223         
225          132         
225          119         
225          195         
225          224         
225          221         
133          132         
133          119         
133          36          
31           76          
168          193         
168          164         
168          170         
168          157         
168          137         
168          100         
168          166         
168          188         
168          162         
226          224         
226          223         
22           21          
22           111         
22           36          
105          106         
36           13          
36           41          
36           43          
36           35          
36           7           
36           16          
36           38          
36           24          
36           170         
36           40          
36           39          
36           34          
36           21          
36           19          
36           159         
36           181         
36           15          
36           111         
36           29          
36           20          
36           37          
36           123         
118          117         
118          119         
118          120         
106          74          
106          104         
106          107         
151          157         
151          150         
151          166         
151          147         
151          162         
151          152         
223          217         
223          215         
223          220         
223          238         
223          242         
223          213         
223          199         
223          240         
223          221         
223          214         
223          229         
223          181         
223          237         
223          222         
223          230         
223          224         
223          212         
181          193         
181          186         
181          180         
181          237         
181          170         
181          172         
181          149         
181          207         
181          229         
181          224         
181          160         
15           16          
15           14          
180          159         
183          182         
183          193         
183          184         
202          207         
202          201         
237          238         
237          235         
237          240         
237          230         
237          229         
237          221         
143          132         
143          93          
124          129         
124          123         
3            1           
3            4           
0            1           
0            242         
20           19          
20           21          
20           16          
195          200         
195          197         
195          193         
195          189         
195          194         
195          222         
195          190         
195          119         
195          199         
195          130         
195          196         
63           60          
63           64          
28           29          
230          229         
230          231         
241          193         
241          229         
241          240         
241          207         
241          224         
74           78          
74           111         
74           76          
74           90          
74           97          
74           73          
74           46          
74           45          
74           65          
74           72          
74           71          
74           88          
74           60          
74           84          
216          193         
216          215         
71           76          
71           72          
85           76          
85           138         
85           97          
171          97          
171          76          
171          193         
171          172         
101          97          
101          76          
101          100         
161          160         
23           24          
132          120         
132          117         
132          137         
132          56          
132          119         
132          122         
132          129         
132          110         
132          130         
132          131         
76           41          
76           88          
76           49          
76           53          
76           99          
76           65          
76           72          
76           47          
76           84          
76           93          
76           78          
76           90          
76           121         
76           59          
76           51          
76           82          
76           45          
76           60          
76           91          
76           102         
76           64          
76           73          
76           87          
76           81          
76           67          
76           89          
76           111         
76           97          
76           86          
76           46          
58           64          
58           56          
58           60          
238          214         
238          240         
238          229         
238          224         
149          159         
149          170         
149          154         
149          160         
149          162         
100          93          
100          90          
100          172         
100          97          
100          119         
100          162         
66           65          
66           67          
119          220         
119          88          
119          120         
119          103         
119          200         
119          68          
119          172         
119          121         
119          130         
119          138         
119          102         
119          117         
119          197         
129          97          
129          128         
129          139         
46           45          
46           47          
99           138         
99           97          
99           120         
99           91          
103          89          
103          97          
103          102         
211          193         
211          197         
211          210         
65           97          
65           89          
65           67          
65           72          
2            1           
160          170         
160          159         
160          154         
160          162         
187          186         
84           97          
200          199         
40           41          
62           64          
62           60          
73           97          
73           72          
73           47          
24           19          
213          193         
213          215         
213          199         
213          224         
213          221         
233          229         
56           64          
56           67          
56           69          
56           60          
56           68          
121          120         
121          97          
9            21          
42           41          
209          193         
209          188         
209          207         
209          210         
97           94          
97           88          
97           125         
97           49          
97           72          
97           93          
97           172         
97           96          
97           51          
97           91          
97           102         
97           120         
97           170         
97           137         
97           87          
97           89          
97           111         
97           128         
59           60          
138          117         
138          172         
138          137         
138          147         
51           53          
51           49          
51           45          
51           72          
51           47          
45           19          
45           72          
45           47          
1            4           
60           64          
60           111         
60           72          
30           29          
162          193         
162          164         
162          170         
162          157         
162          166         
162          147         
162          165         
91           120         
91           147         
193          215         
193          220         
193          192         
193          232         
193          182         
193          191         
193          172         
193          130         
193          199         
193          170         
193          194         
193          240         
193          207         
193          201         
193          214         
193          188         
193          229         
193          189         
193          184         
193          197         
120          122         
120          117         
120          87          
234          224         
170          229         
170          157         
170          172         
153          152         
39           41          
137          111         
137          147         
235          221         
190          189         
240          229         
240          242         
240          224         
240          221         
21           16          
207          229         
207          212         
201          197         
19           16          
147          157         
147          111         
69           68          
134          135         
5            7           
221          220         
221          215         
221          222         
221          224         
221          229         
221          232         
198          199         
198          197         
87           93          
87           86          
214          215         
214          197         
214          199         
214          224         
188          197         
188          172         
188          182         
188          199         
229          224         
229          232         
229          231         
67           68          
111          110         
111          125         
111          172         
111          64          
111          89          
111          128         
111          123         
222          224         
184          182         
166          164         
166          165         
197          215         
197          199         
197          172         
197          224         
128          125         
224          215         
224          220         
224          242         
224          212         
123          135         
123          93          
123          125         
94           93          
215          199         
88           89          
88           72          
110          64          
49           72          
53           47          
7            8           
136          135         
72           89          
72           78          
72           47          
