136          65          
136          27          
136          58          
136          134         
136          66          
136          75          
136          176         
136          59          
136          19          
136          129         
136          9           
136          89          
136          10          
136          30          
136          131         
136          71          
136          72          
136          78          
136          162         
136          178         
136          62          
136          90          
136          130         
136          46          
136          139         
136          0           
136          138         
136          35          
136          132         
136          168         
136          128         
136          197         
136          67          
136          79          
136          175         
136          52          
136          140         
136          55          
136          60          
136          114         
136          54          
136          135         
136          1           
136          88          
136          137         
136          181         
27           26          
27           10          
27           30          
27           117         
27           32          
27           31          
27           25          
27           114         
27           14          
27           35          
27           1           
27           33          
27           44          
27           15          
2            3           
195          199         
195          196         
195          189         
195          185         
123          117         
152          150         
152          154         
74           66          
74           75          
134          132         
134          115         
134          116         
134          75          
134          135         
134          133         
134          129         
134          130         
66           65          
66           58          
66           75          
66           56          
66           81          
66           59          
66           129         
66           90          
66           89          
66           54          
66           71          
66           78          
66           62          
66           130         
66           69          
66           68          
66           63          
66           67          
66           64          
66           52          
66           55          
66           60          
66           114         
66           73          
105          117         
105          106         
176          165         
176          177         
176          140         
176          135         
176          171         
176          178         
53           71          
53           60          
53           52          
198          199         
198          202         
198          168         
198          197         
198          117         
184          199         
184          162         
184          189         
184          185         
184          139         
187          189         
187          185         
77           75          
45           41          
45           44          
45           42          
45           43          
45           90          
98           97          
98           117         
98           107         
202          199         
202          192         
202          0           
202          185         
202          189         
202          201         
202          196         
202          203         
59           89          
59           71          
59           58          
59           52          
59           69          
59           79          
59           80          
59           55          
59           60          
59           75          
59           54          
59           70          
59           162         
59           56          
59           62          
59           63          
59           67          
44           30          
44           42          
44           41          
44           32          
44           37          
44           43          
107          117         
107          108         
107          109         
107          106         
107          102         
47           49          
47           48          
47           71          
47           60          
129          60          
129          75          
129          114         
129          130         
9            117         
9            19          
9            10          
150          149         
150          151         
150          154         
89           79          
89           60          
89           75          
91           92          
91           90          
30           35          
30           42          
30           131         
30           13          
30           32          
30           31          
30           0           
30           10          
30           114         
30           117         
30           78          
30           37          
30           14          
30           1           
30           33          
30           28          
30           43          
30           15          
145          147         
145          144         
145          141         
155          22          
155          156         
82           117         
82           83          
82           56          
82           60          
82           81          
199          10          
199          0           
199          193         
199          185         
199          200         
199          162         
199          189         
199          201         
199          196         
199          197         
21           19          
21           24          
21           22          
21           20          
120          117         
71           69          
71           76          
71           52          
71           70          
71           72          
71           75          
71           48          
71           60          
71           73          
71           81          
71           83          
71           67          
157          158         
157          156         
20           17          
20           19          
20           18          
20           10          
156          158         
156          163         
156          159         
156          153         
156          148         
36           35          
78           60          
78           75          
78           114         
78           130         
162          189         
162          172         
162          161         
162          177         
162          185         
162          117         
162          135         
162          171         
162          190         
162          169         
162          154         
162          90          
12           13          
12           14          
12           10          
12           11          
12           15          
93           117         
93           94          
93           75          
191          189         
96           97          
143          144         
130          114         
130          132         
130          115         
130          131         
130          117         
130          139         
130          73          
130          75          
130          140         
130          23          
130          135         
130          83          
130          128         
130          116         
69           55          
69           75          
69           70          
193          172         
193          116         
193          185         
193          135         
193          189         
115          117         
115          116         
115          114         
115          135         
46           79          
46           10          
46           131         
46           16          
46           19          
46           178         
139          13          
139          24          
139          75          
139          140         
139          117         
139          128         
139          22          
117          147         
117          127         
117          94          
117          119         
117          28          
117          125         
117          10          
117          92          
117          131         
117          101         
117          97          
117          106         
117          37          
117          90          
117          126         
117          0           
117          108         
117          109         
117          113         
117          102         
117          128         
117          104         
117          112         
117          122         
117          116         
117          118         
117          114         
117          124         
117          111         
117          100         
117          83          
117          121         
24           10          
24           23          
24           131         
24           25          
24           17          
24           22          
186          189         
186          185         
0            10          
0            3           
0            14          
0            203         
0            1           
0            196         
0            178         
0            15          
108          106         
29           28          
38           83          
38           37          
159          160         
35           14          
35           32          
35           31          
35           55          
35           116         
35           75          
35           23          
35           33          
39           28          
39           40          
39           43          
6            7           
6            8           
5            4           
5            3           
102          101         
102          97          
102          103         
102          106         
190          189         
190          185         
168          165         
168          183         
168          177         
168          169         
168          166         
168          167         
168          172         
168          171         
168          137         
168          135         
84           83          
148          147         
197          177         
197          175         
197          196         
197          178         
67           65          
67           52          
67           64          
67           60          
67           75          
67           56          
67           68          
67           87          
170          171         
64           60          
79           80          
79           55          
79           75          
79           178         
61           60          
112          113         
40           41          
40           42          
40           43          
32           31          
32           14          
32           37          
32           33          
116          132         
116          114         
116          135         
116          43          
116          83          
116          128         
60           65          
60           58          
60           80          
60           75          
60           48          
60           56          
60           81          
60           72          
60           87          
60           62          
60           86          
60           57          
60           68          
60           49          
60           52          
60           50          
60           55          
60           114         
60           54          
60           83          
60           51          
114          73          
114          37          
114          135         
114          81          
114          75          
114          128         
14           13          
14           10          
14           28          
14           19          
14           11          
14           22          
14           15          
76           140         
76           75          
153          154         
135          94          
135          178         
135          90          
135          132         
135          131         
135          169         
135          68          
135          140         
135          1           
135          133         
135          100         
135          137         
43           42          
43           41          
43           31          
43           90          
111          110         
111          106         
100          94          
100          106         
100          99          
88           87          
88           75          
180          178         
51           52          
15           13          
15           10          
4            3           
65           75          
65           62          
173          172         
58           52          
58           55          
58           75          
144          147         
177          185         
177          189         
177          171         
177          174         
177          178         
177          172         
94           86          
94           92          
94           99          
94           95          
94           83          
94           104         
163          175         
163          158         
163          164         
163          178         
75           87          
75           90          
75           54          
75           70          
75           62          
75           68          
75           42          
75           52          
75           55          
75           73          
75           56          
140          178         
188          189         
48           52          
48           50          
48           49          
48           56          
103          106         
56           49          
56           52          
56           97          
8            7           
81           83          
146          147         
19           10          
19           16          
19           18          
19           22          
19           178         
158          172         
158          196         
158          178         
87           86          
178          10          
178          179         
178          174         
178          175         
178          196         
178          172         
178          165         
178          171         
178          194         
178          201         
178          160         
178          181         
178          1           
90           70          
90           33          
7            3           
10           1           
10           22          
131          128         
192          189         
192          185         
166          165         
25           22          
97           106         
34           33          
37           42          
37           55          
37           41          
189          174         
189          196         
189          183         
189          169         
189          185         
189          171         
189          194         
189          201         
189          160         
189          172         
189          182         
106          104         
62           55          
174          169         
174          185         
174          172         
174          171         
174          175         
175          171         
196          160         
196          185         
196          194         
196          201         
22           23          
86           85          
142          141         
183          185         
169          185         
169          172         
169          171         
41           42          
185          172         
185          182         
185          171         
185          194         
185          201         
68           49          
17           16          
17           18          
171          172         
23           33          
52           54          
52           50          
52           73          
55           54          
172          182         
172          164         
