66           61          
66           13          
66           68          
66           17          
66           21          
66           75          
66           58          
66           34          
66           60          
66           142         
66           73          
66           40          
66           151         
66           37          
66           119         
66           89          
66           47          
66           41          
66           59          
66           105         
66           53          
66           67          
66           86          
66           24          
66           12          
66           104         
66           23          
66           65          
66           143         
66           55          
66           63          
66           106         
66           127         
66           74          
66           70          
66           139         
66           39          
66           29          
66           102         
66           93          
66           56          
66           137         
66           120         
66           76          
66           77          
66           69          
66           32          
66           149         
66           64          
66           35          
66           38          
66           49          
66           46          
66           54          
66           62          
66           42          
66           71          
66           25          
87           77          
87           61          
87           109         
87           83          
87           86          
87           113         
87           219         
87           101         
87           90          
87           119         
87           106         
87           89          
87           80          
212          213         
206          205         
121          122         
175          177         
175          176         
175          162         
175          159         
130          133         
33           34          
33           25          
58           59          
58           53          
58           68          
58           72          
58           57          
58           71          
34           61          
34           13          
34           24          
34           14          
34           60          
34           32          
34           40          
34           54          
34           37          
34           47          
34           41          
34           59          
34           31          
34           12          
34           9           
34           23          
34           55          
34           63          
34           70          
34           45          
34           76          
34           53          
34           35          
34           38          
34           36          
34           25          
60           61          
60           59          
60           53          
60           68          
60           70          
60           67          
60           38          
60           62          
60           25          
201          203         
201          219         
142          145         
142          67          
142          139         
142          143         
142          119         
142          146         
22           21          
22           25          
26           25          
26           24          
148          149         
148          176         
148          160         
148          159         
148          167         
148          172         
148          156         
181          93          
181          159         
181          182         
81           83          
81           82          
81           84          
81           79          
81           55          
81           80          
185          176         
185          184         
194          190         
194          199         
194          193         
194          219         
194          195         
115          86          
115          109         
115          124         
115          117         
47           48          
47           13          
47           53          
47           42          
47           50          
47           51          
47           45          
47           76          
47           49          
47           23          
47           46          
47           54          
47           38          
47           37          
47           43          
47           25          
80           83          
80           82          
80           84          
80           86          
80           79          
80           78          
80           90          
190          192         
190          191         
190          219         
190          203         
190          189         
18           24          
18           19          
18           17          
18           21          
18           20          
18           25          
59           61          
59           53          
59           70          
59           54          
59           25          
105          104         
105          109         
105          106         
105          219         
133          129         
133          135         
133          134         
133          131         
133          132         
31           30          
31           25          
116          124         
116          117         
0            2           
0            55          
86           109         
86           83          
86           82          
86           61          
86           84          
86           77          
86           110         
86           91          
86           78          
86           113         
86           219         
86           89          
86           119         
86           120         
86           63          
86           106         
86           90          
155          120         
155          156         
97           99          
97           104         
97           106         
97           96          
97           95          
224          219         
224          12          
224          225         
224          9           
224          25          
159          157         
159          170         
159          158         
159          143         
159          174         
159          106         
159          165         
159          177         
159          137         
159          162         
159          166         
159          120         
159          156         
159          176         
159          160         
159          152         
159          161         
159          178         
159          172         
99           98          
99           102         
99           104         
99           94          
99           100         
99           106         
199          200         
199          219         
23           41          
23           44          
23           53          
23           24          
23           42          
23           19          
23           50          
23           51          
23           32          
23           38          
23           9           
23           20          
23           8           
23           6           
23           25          
101          100         
101          102         
117          124         
117          118         
1            2           
63           61          
63           53          
63           55          
63           62          
63           25          
127          129         
127          145         
127          68          
127          176         
127          102         
127          126         
127          55          
127          166         
127          128         
127          177         
127          146         
108          110         
108          109         
108          104         
108          107         
108          113         
108          106         
223          219         
223          25          
218          219         
211          210         
5            219         
5            6           
70           61          
70           92          
70           53          
70           68          
70           42          
70           67          
70           74          
70           72          
70           219         
70           6           
70           62          
70           69          
70           71          
50           49          
50           51          
50           53          
165          68          
165          176         
165          177         
165          166         
165          71          
72           219         
72           71          
72           68          
29           25          
102          74          
102          49          
102          104         
102          103         
102          100         
102          106         
102          143         
188          187         
198          219         
198          197         
93           67          
93           104         
93           219         
93           94          
93           100         
93           62          
219          221         
219          195         
219          61          
219          204         
219          213         
219          209         
219          203         
219          210         
219          200         
219          197         
219          220         
219          55          
219          106         
219          225         
219          193         
219          78          
219          216         
219          112         
219          120         
219          205         
219          222         
219          62          
219          192         
219          217         
219          191         
219          208         
219          207         
219          71          
219          227         
56           55          
10           11          
10           12          
10           38          
94           74          
94           92          
94           98          
94           95          
94           104         
94           100         
166          176         
166          177         
166          167         
166          168         
166          162         
166          172         
120          109         
120          124         
120          113         
120          143         
120          162         
120          119         
120          106         
120          156         
120          122         
205          203         
111          112         
4            6           
125          124         
156          173         
156          172         
156          157         
156          162         
156          177         
77           109         
77           92          
77           53          
77           76          
77           71          
85           84          
85           109         
186          187         
186          184         
183          184         
192          203         
192          193         
192          197         
149          180         
149          153         
149          145         
149          68          
149          150         
149          147         
149          151         
149          143         
149          154         
149          73          
149          146         
7            6           
214          213         
157          162         
160          176         
160          161         
160          124         
160          143         
160          137         
160          162         
38           61          
38           39          
38           53          
38           24          
38           17          
38           12          
38           35          
38           36          
38           32          
38           40          
38           65          
38           37          
38           25          
152          143         
36           25          
36           24          
49           48          
49           53          
49           68          
49           104         
49           46          
49           76          
43           119         
43           25          
46           53          
46           25          
114          113         
207          208         
90           109         
90           91          
90           78          
71           68          
71           69          
71           73          
71           2           
25           61          
25           13          
25           16          
25           24          
25           12          
25           17          
25           21          
25           32          
25           54          
25           20          
25           37          
25           28          
25           6           
25           48          
25           19          
25           9           
25           65          
25           40          
25           41          
25           42          
25           76          
25           45          
25           14          
25           27          
25           15          
25           53          
25           35          
25           30          
61           83          
61           53          
61           68          
61           62          
109          110         
109          104         
109          113         
109          112         
109          106         
44           53          
44           67          
16           15          
16           14          
68           75          
68           227         
68           119         
68           57          
68           73          
68           67          
68           65          
68           55          
68           69          
68           74          
68           145         
68           35          
68           178         
84           83          
84           82          
84           91          
84           53          
204          203         
17           12          
51           53          
51           67          
51           55          
75           76          
75           65          
75           53          
170          171         
170          143         
14           53          
14           15          
182          184         
113          110         
113          112         
113          106         
123          122         
40           53          
209          208         
8            6           
8            9           
37           53          
37           24          
200          193         
169          177         
169          176         
169          143         
169          168         
169          146         
163          162         
2            3           
2            9           
2            227         
2            15          
2            6           
41           53          
41           55          
136          171         
136          124         
136          143         
136          137         
53           83          
53           24          
53           32          
53           54          
53           12          
53           42          
53           65          
53           55          
53           74          
53           45          
53           52          
53           76          
53           82          
53           35          
179          177         
19           13          
19           24          
19           21          
19           12          
19           20          
226          225         
12           24          
12           193         
184          187         
9            24          
9            6           
215          213         
104          95          
104          103         
104          143         
104          96          
104          100         
104          106         
124          143         
124          162         
143          164         
143          139         
143          140         
143          119         
143          146         
143          106         
143          144         
143          147         
143          167         
143          137         
143          162         
143          154         
143          138         
143          145         
143          168         
143          178         
143          141         
143          172         
55           54          
174          176         
106          119         
106          100         
173          172         
173          177         
153          154         
98           100         
197          203         
144          145         
193          203         
79           78          
88           89          
78           83          
78           76          
177          180         
177          176         
177          164         
177          167         
177          168         
177          162         
177          172         
177          178         
147          145         
147          146         
45           76          
167          145         
167          176         
167          168         
167          146         
137          145         
137          139         
137          168         
137          119         
162          164         
162          176         
162          161         
162          172         
180          176         
138          139         
145          168         
145          176         
145          119         
145          146         
82           83          
176          168         
176          172         
176          178         
35           24          
20           21          
95           103         
95           96          
168          146         
172          171         
202          203         
92           89          
195          196         
24           32          
24           54          
227          203         
