183          198         
183          170         
183          188         
183          193         
183          148         
183          223         
183          150         
183          222         
183          167         
183          186         
183          89          
183          151         
183          214         
183          181         
183          196         
183          115         
183          152         
183          184         
183          226         
183          208         
183          171         
183          227         
183          192         
183          224         
183          143         
183          189         
183          191         
183          19          
183          176         
183          180         
183          134         
183          155         
183          199         
183          162         
183          213         
183          154         
183          241         
183          127         
183          177         
183          182         
183          101         
183          96          
183          166         
183          178         
183          185         
183          131         
183          164         
183          103         
183          156         
183          108         
183          8           
183          132         
183          157         
183          165         
183          42          
183          105         
183          100         
183          210         
183          142         
183          149         
183          158         
183          97          
183          99          
183          225         
183          221         
209          211         
209          184         
209          223         
209          210         
141          120         
141          175         
141          168         
141          161         
141          119         
141          142         
141          146         
141          143         
141          131         
141          137         
141          176         
141          160         
141          134         
141          162         
141          174         
141          140         
144          142         
144          148         
144          145         
144          146         
144          143         
109          111         
35           30          
35           34          
38           39          
64           72          
64           78          
64           73          
64           54          
64           59          
64           63          
135          134         
11           5           
11           12          
110          111         
232          222         
232          231         
232          227         
232          223         
150          171         
150          148         
150          149         
150          167         
150          151         
150          172         
150          147         
222          193         
222          207         
222          223         
222          233         
222          167         
222          196         
222          218         
222          226         
222          184         
222          208         
222          171         
222          227         
222          192         
222          224         
222          191         
222          180         
222          199         
222          231         
222          213         
222          241         
222          177         
222          182         
222          185         
222          156         
222          165         
222          197         
222          210         
222          176         
222          225         
222          221         
167          235         
167          101         
167          134         
167          158         
167          176         
167          171         
167          166         
167          148         
167          223         
167          156         
167          180         
167          151         
167          155         
167          147         
167          237         
167          178         
167          225         
167          157         
33           34          
245          244         
89           96          
89           99          
89           84          
89           134         
89           155         
89           92          
89           90          
89           85          
215          223         
215          210         
32           34          
32           30          
32           5           
66           65          
196          184         
196          195         
196          223         
196          176         
196          180         
202          201         
173          175         
173          168         
173          178         
173          180         
173          169         
173          174         
65           72          
65           73          
24           28          
24           23          
24           3           
24           19          
24           9           
24           5           
24           25          
24           21          
117          119         
117          52          
117          143         
184          188         
184          182         
184          195         
184          185         
184          192         
184          223         
184          189         
184          186         
184          180         
184          190         
184          199         
184          181         
184          225         
168          175         
168          205         
168          235         
168          192         
168          160         
168          143         
168          161         
168          176         
168          180         
168          169         
168          174         
168          204         
28           27          
28           29          
28           26          
28           30          
28           5           
212          214         
212          227         
212          211         
212          223         
212          210         
171          170         
171          185         
171          223         
171          176         
171          180         
171          151         
171          172         
124          119         
124          5           
124          131         
124          127         
246          178         
246          237         
246          241         
246          244         
230          223         
230          229         
7            5           
51           52          
51           50          
236          237         
236          244         
143          235         
143          119         
143          140         
143          120         
143          134         
143          162         
143          175         
143          177         
143          160         
143          161         
143          121         
143          131         
143          5           
143          42          
143          142         
143          146         
143          176         
143          174         
201          205         
137          138         
137          127         
137          132         
137          136         
248          227         
248          249         
248          225         
248          223         
248          244         
248          213         
248          241         
248          5           
59           72          
59           63          
59           74          
59           81          
59           58          
59           86          
59           68          
59           47          
59           96          
59           228         
59           62          
59           82          
59           78          
59           73          
59           42          
59           54          
59           57          
59           56          
59           61          
59           85          
59           60          
130          120         
130          127         
130          139         
130          136         
130          131         
130          134         
130          132         
130          129         
9            15          
9            3           
9            10          
9            8           
9            5           
199          198         
199          182         
199          239         
199          210         
199          200         
199          223         
199          203         
199          227         
199          180         
199          190         
199          155         
199          237         
199          181         
199          213         
199          225         
199          224         
53           52          
129          127         
129          128         
129          131         
129          126         
50           49          
50           52          
113          111         
177          175         
177          178         
177          166         
177          146         
177          223         
177          176         
177          180         
101          127         
101          72          
101          78          
101          102         
101          73          
101          178         
101          70          
101          84          
101          74          
101          112         
101          151         
101          132         
101          90          
122          120         
122          119         
122          123         
122          121         
122          127         
219          227         
219          218         
219          223         
48           54          
48           47          
160          175         
160          161         
160          119         
160          162         
160          159         
31           30          
31           5           
161          162         
156          182         
156          176         
156          166         
156          148         
156          223         
156          158         
156          180         
156          151         
156          155         
156          237         
156          157         
247          241         
247          223         
190          181         
190          186         
190          180         
82           72          
82           78          
82           73          
82           105         
82           148         
82           84          
82           81          
82           107         
82           151         
82           90          
147          5           
147          148         
147          151         
8            223         
8            5           
132          127         
132          96          
132          100         
132          131         
132          125         
132          186         
132          136         
132          126         
132          86          
71           72          
71           73          
17           18          
17           176         
17           5           
204          205         
204          235         
5            235         
5            1           
5            21          
5            2           
5            15          
5            6           
5            30          
5            27          
5            249         
5            14          
5            131         
5            3           
5            18          
5            42          
5            34          
5            36          
5            25          
5            26          
5            4           
165          178         
165          223         
165          164         
165          151         
205          223         
205          206         
205          225         
139          127         
139          136         
139          115         
139          138         
139          126         
139          157         
139          140         
73           72          
73           69          
73           70          
73           84          
73           74          
73           81          
73           68          
73           83          
73           90          
73           63          
73           78          
73           42          
73           93          
73           54          
73           57          
73           79          
73           56          
73           61          
42           120         
42           72          
42           78          
42           96          
42           37          
42           39          
42           54          
42           57          
42           131         
42           41          
42           119         
42           134         
42           63          
42           52          
34           30          
37           36          
105          106         
105          108         
105          104         
105          96          
105          107         
105          103         
105          79          
105          151         
105          92          
105          90          
197          227         
197          195         
197          178         
197          192         
197          223         
197          180         
76           52          
76           75          
57           78          
57           54          
57           58          
57           63          
57           56          
146          145         
146          192         
146          148         
234          235         
46           44          
67           44          
67           68          
26           18          
26           25          
26           30          
98           99          
98           97          
98           96          
238          237         
238          241         
56           54          
56           55          
61           96          
61           72          
61           55          
61           54          
61           63          
61           52          
225          223         
225          233         
225          214         
225          218         
225          227         
225          208         
225          224         
225          189         
225          191         
225          180         
225          213         
225          241         
225          226         
225          176         
225          221         
85           84          
85           96          
221          227         
221          210         
221          223         
221          180         
198          180         
198          223         
198          155         
170          180         
170          223         
170          96          
188          223         
188          189         
188          186         
188          180         
188          140         
118          120         
70           72          
16           15          
148          176         
148          158         
148          164         
148          178         
148          169         
148          244         
148          149         
148          151         
148          80          
148          152         
148          154         
223          203         
223          193         
223          207         
223          229         
223          1           
223          233         
223          214         
223          181         
223          218         
223          210         
223          226         
223          227         
223          192         
223          224         
223          189         
223          191         
223          180         
223          240         
223          185         
223          231         
223          213         
223          241         
223          182         
223          153         
223          228         
223          211         
223          194         
223          195         
223          208         
223          220         
223          217         
223          176         
223          237         
81           72          
81           78          
81           54          
81           63          
81           80          
119          120         
119          127         
119          121         
119          131         
186          127         
186          134         
186          192         
186          189         
186          187         
186          180         
186          151         
114          111         
216          217         
216          218         
151          74          
151          233         
151          153         
151          152         
151          108         
151          191         
151          134         
151          155         
151          154         
151          178         
151          164         
151          103         
151          217         
151          149         
151          92          
169          159         
169          174         
214          210         
214          213         
181          182         
181          195         
181          178         
181          180         
181          155         
152          153         
152          180         
86           92          
86           96          
86           87          
218          227         
218          185         
218          217         
218          180         
45           44          
140          131         
120          127         
120          36          
120          131         
120          121         
40           39          
91           92          
91           90          
226          227         
226          180         
108          90          
2            1           
239          237         
239          241         
208          227         
208          210         
208          207         
208          180         
83           90          
83           96          
83           84          
47           54          
244          217         
244          242         
244          237         
244          241         
244          243         
191          178         
191          176         
191          180         
19           18          
19           21          
0            1           
88           96          
88           87          
180          193         
180          207         
180          233         
180          229         
180          175         
180          227         
180          192         
180          176         
180          134         
180          179         
180          182         
180          153         
180          178         
180          185         
180          131         
180          211         
180          195         
180          210         
180          217         
180          158         
180          174         
240          176         
240          241         
155          182         
155          134         
155          158         
155          164         
155          154         
155          157         
211          227         
211          210         
211          228         
211          229         
211          203         
211          213         
231          227         
213          227         
213          210         
44           43          
241          235         
241          227         
241          242         
241          176         
241          237         
241          243         
127          96          
127          128         
127          133         
127          131         
127          125         
127          136         
127          126         
127          157         
182          195         
182          176         
182          178         
96           84          
96           74          
96           94          
96           77          
96           99          
96           95          
96           134         
96           154         
96           90          
96           131         
96           103         
96           63          
96           52          
96           75          
96           93          
96           100         
96           54          
96           107         
96           97          
96           92          
178          185         
178          164         
178          176         
178          172         
178          179         
23           18          
23           21          
228          229         
131          134         
131          54          
131          136         
164          176         
116          111         
116          115         
3            1           
158          176         
158          157         
62           63          
106          107         
63           72          
63           78          
63           54          
63           68          
18           30          
52           75          
52           54          
52           69          
75           92          
25           30          
157          176         
157          136         
243          242         
20           21          
78           72          
78           54          
78           74          
78           79          
78           77          
194          227         
194          195         
93           92          
93           90          
93           84          
100          99          
100          84          
100          134         
100          92          
100          90          
54           72          
54           77          
54           74          
54           55          
142          134         
217          242         
107          154         
176          235         
176          193         
176          166         
176          175         
176          227         
176          185         
176          237         
176          134         
176          174         
79           72          
97           99          
126          125         
92           134         
92           84          
92           90          
174          175         
13           14          
133          134         
72           84          
72           74          
72           68          
72           69          
235          175         
235          237         
235          192         
235          162         
69           84          
207          192         
84           90          
233          227         
111          112         
229          227         
229          210         
203          210         
21           22          
163          162         
227          210         
227          224         
227          185         
