151          122         
151          202         
151          104         
151          132         
151          175         
151          158         
151          162         
151          165         
151          146         
151          174         
151          156         
151          17          
151          14          
151          170         
151          153         
151          154         
151          57          
151          147         
151          225         
151          178         
151          197         
151          102         
151          167         
151          155         
151          149         
151          171         
151          200         
151          183         
151          119         
151          145         
151          125         
151          19          
151          152         
151          1           
151          221         
151          159         
151          184         
151          161         
151          180         
151          219         
151          138         
151          222         
151          148         
151          210         
151          163         
151          10          
151          233         
151          160         
151          135         
151          137         
151          195         
151          168         
151          177         
151          127         
151          54          
151          150         
151          144         
151          172         
151          181         
151          173         
151          164         
151          139         
122          146         
122          178         
122          132         
122          126         
202          225         
202          221         
202          191         
202          197         
202          175         
202          204         
202          203         
202          200         
202          195         
202          190         
202          201         
202          206         
202          95          
202          211         
194          195         
5            6           
230          231         
30           24          
30           31          
30           38          
4            6           
72           75          
72           95          
72           73          
129          127         
129          146         
129          132         
165          166         
165          104         
165          167         
165          162         
165          103         
146          132         
146          175         
146          127         
146          174         
146          156         
146          135         
146          120         
146          170         
146          139         
146          145         
146          168         
146          147         
146          178         
146          167         
146          155         
146          171         
146          119         
146          112         
146          125         
146          152         
146          148         
146          161         
146          169         
146          163         
146          144         
146          143         
146          164         
174          162         
174          132         
174          167         
174          175         
174          171         
174          161         
174          183         
174          144         
174          153         
174          184         
174          164         
74           75          
74           95          
17           225         
17           56          
17           22          
17           183         
17           13          
17           14          
17           19          
17           41          
68           70          
68           67          
136          135         
136          132         
128          127         
44           33          
44           35          
44           48          
44           31          
44           42          
44           43          
39           38          
154          171         
154          132         
192          164         
192          191         
192          193         
192          190         
192          189         
64           65          
64           48          
88           78          
88           149         
88           87          
88           89          
88           85          
88           95          
226          204         
226          234         
226          227         
226          200         
178          132         
178          179         
178          180         
178          171         
178          176         
178          177         
178          181         
178          144         
178          170         
178          125         
178          172         
178          169         
178          168         
178          173         
178          147         
191          201         
191          171         
191          200         
191          189         
191          193         
191          140         
191          190         
191          187         
78           75          
78           79          
78           80          
78           95          
78           77          
133          132         
133          137         
133          127         
133          126         
133          135         
133          134         
167          166         
167          132         
167          175         
167          171         
167          161         
167          162         
167          181         
167          168         
223          219         
223          204         
223          221         
223          95          
6            9           
6            8           
6            3           
6            7           
124          132         
124          123         
229          234         
229          227         
107          144         
107          109         
200          175         
200          204         
200          190         
200          189         
200          95          
200          206         
200          225         
200          205         
200          152         
200          224         
200          221         
200          201         
200          187         
200          197         
200          233         
200          195         
200          193         
200          199         
36           35          
216          219         
216          218         
216          221         
216          215         
105          95          
105          106         
105          119         
105          112         
105          132         
31           45          
31           33          
31           59          
31           13          
31           26          
31           32          
31           24          
31           19          
31           49          
31           221         
31           34          
31           47          
31           38          
31           10          
31           43          
31           233         
31           35          
31           28          
31           48          
31           29          
31           27          
215          212         
215          221         
215          222         
215          219         
215          214         
85           84          
85           95          
125          180         
125          114         
125          132         
125          126         
125          182         
125          171         
125          127         
125          176         
125          177         
125          144         
125          134         
125          139         
125          113         
211          219         
211          212         
211          222         
227          234         
227          228         
152          153         
152          132         
152          175         
152          171         
152          164         
1            2           
1            56          
1            22          
1            162         
1            3           
1            48          
1            222         
1            38          
1            219         
1            95          
1            164         
1            0           
1            43          
208          221         
208          204         
208          209         
208          219         
208          205         
208          206         
131          132         
23           24          
201          204         
201          203         
201          190         
201          199         
201          193         
201          187         
201          197         
92           90          
93           95          
161          160         
161          104         
161          114         
161          153         
161          175         
161          158         
161          171         
161          162         
161          183         
161          180         
161          159         
161          95          
161          184         
176          172         
176          177         
176          171         
47           104         
47           162         
47           38          
47           48          
47           43          
103          95          
103          104         
103          162         
138          132         
222          212         
222          220         
222          184         
222          172         
222          221         
222          219         
222          218         
222          19          
222          10          
61           62          
61           48          
82           175         
82           95          
82           81          
210          212         
210          59          
210          183         
210          180         
210          219         
210          214         
95           104         
95           175         
95           106         
95           76          
95           70          
95           96          
95           153         
95           99          
95           75          
95           84          
95           97          
95           116         
95           221         
95           94          
95           90          
95           87          
95           89          
95           81          
95           187         
95           186         
95           233         
95           80          
95           98          
95           77          
95           100         
163          162         
163          164         
141          142         
141          119         
141          144         
141          140         
214          212         
214          184         
214          158         
214          213         
214          219         
214          218         
43           45          
43           33          
43           40          
43           35          
43           50          
43           233         
43           46          
43           41          
43           38          
43           48          
43           42          
43           24          
233          225         
233          221         
233          35          
233          231         
233          204         
233          206         
233          234         
233          24          
233          19          
185          186         
16           14          
16           19          
55           54          
55           19          
235          234         
35           33          
35           34          
35           28          
35           38          
35           24          
195          204         
195          170         
188          187         
188          189         
63           62          
63           65          
66           65          
80           75          
80           89          
80           81          
54           51          
54           102         
54           56          
54           52          
54           22          
54           162         
54           50          
54           53          
54           57          
54           19          
115          114         
69           70          
28           27          
28           24          
32           33          
32           48          
32           38          
32           234         
32           19          
32           10          
32           24          
144          132         
144          175         
144          171         
144          127         
144          137         
144          139         
144          145         
144          147         
144          179         
144          149         
144          119         
144          112         
144          157         
144          148         
144          143         
29           19          
143          127         
143          132         
172          225         
172          179         
172          171         
172          162         
172          170         
172          219         
172          173         
181          225         
181          132         
181          19          
173          171         
173          132         
207          206         
207          204         
91           90          
106          112         
106          132         
83           84          
104          159         
104          102         
104          109         
104          162         
132          123         
132          175         
132          127         
132          135         
132          120         
132          170         
132          139         
132          168         
132          147         
132          121         
132          179         
132          155         
132          171         
132          119         
132          145         
132          112         
132          148         
132          126         
132          180         
132          169         
132          130         
132          117         
132          137         
132          134         
132          100         
111          112         
111          114         
111          109         
175          224         
175          153         
175          114         
175          184         
175          225         
175          171         
175          187         
175          190         
204          221         
204          205         
204          219         
204          206         
204          186         
182          171         
182          183         
118          117         
118          120         
162          45          
162          156         
162          57          
162          116         
162          225         
162          102         
162          155         
162          183         
162          157         
162          164         
162          159         
162          22          
162          148         
189          171         
189          190         
189          199         
189          193         
76           75          
137          119         
177          171         
177          183         
177          164         
156          171         
156          170         
156          157         
13           12          
13           19          
120          121         
120          117         
120          171         
120          127         
60           59          
60           65          
206          221         
206          205         
206          219         
206          186         
232          231         
145          171         
57           56          
99           100         
113          114         
113          112         
147          171         
147          127         
121          127         
84           89          
40           56          
40           48          
40           38          
40           19          
40           41          
26           24          
109          114         
109          110         
109          108         
109          112         
109          117         
109          116         
155          171         
155          164         
101          100         
11           12          
11           19          
11           10          
171          190         
171          127         
171          170         
171          139         
171          168         
171          157         
171          148         
171          184         
171          169         
171          224         
171          180         
171          193         
171          164         
183          184         
37           38          
126          123         
126          127         
126          119         
126          135         
126          134         
119          127         
119          89          
65           62          
112          127         
112          114         
71           70          
219          212         
219          220         
219          217         
219          221         
219          10          
219          218         
219          19          
234          19          
234          24          
19           45          
19           33          
19           25          
19           14          
19           18          
19           225         
19           20          
19           56          
19           10          
19           221         
19           21          
19           42          
19           24          
19           51          
19           15          
19           22          
19           41          
164          166         
49           48          
221          212         
221          225         
221          224         
221          24          
34           33          
34           38          
52           51          
213          212         
81           75          
21           22          
89           75          
196          197         
187          197         
187          170         
187          190         
38           45          
38           33          
38           48          
38           50          
38           25          
38           41          
38           24          
58           56          
58           22          
169          170         
42           56          
42           22          
42           48          
42           41          
10           225         
10           22          
10           14          
24           33          
24           48          
24           25          
24           27          
224          225         
117          116         
50           48          
15           14          
22           225         
22           56          
22           48          
22           41          
193          190         
48           45          
48           33          
48           46          
48           41          
148          127         
134          135         
218          220         
218          217         
41           56          
33           59          
153          114         
123          127         
87           86          
198          197         
127          168         
127          139         
