0       2.89028       0.0683059    
1       0.466425      0.0684599    
2       3.00098       0.192246     
3       0.580918      0.192397     
4       4.17386       0.285844     
5       8.29202       0.293212     
6       4.62178       0.371233     
7       6.86226       0.373175     
8       5.76997       0.412571     
9       3.07701       0.443718     
10      0.906816      0.563491     
11      0.525353      0.573474     
12      9.08976       0.578424     
13      2.7291        0.595693     
14      3.91517       0.818965     
15      3.22275       0.869023     
16      7.47504       0.877022     
17      7.96029       0.96581      
18      4.20313       0.96619      
19      2.91221       0.977837     
20      3.15135       0.993354     
21      6.70494       1.0744       
22      2.37482       1.0768       
23      0.708163      1.20067      
24      2.35335       1.20077      
25      4.20382       1.26631      
26      0.72914       1.26658      
27      4.00047       1.41933      
28      0.493372      1.44687      
29      6.81482       1.45014      
30      0.714769      1.45836      
31      3.54733       1.50102      
32      2.08806       1.5431       
33      6.4856        1.54963      
34      0.785089      1.6251       
35      3.30887       1.6329       
36      1.61991       1.63431      
37      0.922262      1.6437       
38      3.29568       1.71169      
39      0.497688      1.71192      
40      0.615732      1.79096      
41      10.0233       1.79258      
42      3.60307       1.8456       
43      2.13687       1.86684      
44      0.38687       1.86811      
45      0.95299       1.87406      
46      9.3761        2.04423      
47      1.50435       2.05342      
48      10.841        2.06648      
49      3.71064       2.2952       
50      1.03697       2.29808      
51      6.83485       2.30977      
52      1.6292        2.31578      
53      0.95449       2.43531      
54      5.39254       2.43853      
55      3.29411       2.44124      
56      4.22033       2.47373      
57      7.52567       2.56165      
58      8.77481       2.70142      
59      7.33952       2.72912      
60      3.39753       2.73139      
61      6.62758       2.94366      
62      1.40738       2.95986      
63      2.79347       2.96465      
64      4.84303       3.07417      
65      7.02966       3.11931      
66      1.48322       3.13473      
67      13.2396       3.16026      
68      3.56163       3.35654      
69      0.761157      3.35686      
70      7.27848       3.4834       
71      5.53618       3.53388      
72      3.28447       3.56689      
73      2.05463       3.65474      
74      8.91861       3.69377      
75      4.60575       3.70669      
76      3.50225       3.71557      
77      3.29043       3.79895      
78      2.39711       3.85283      
79      2.95308       3.93506      
80      1.29768       3.97731      
81      11.6457       3.97755      
82      1.85014       4.02746      
83      1.87715       4.03719      
84      28.2779       4.1117       
85      18.8806       4.12856      
86      1.06196       4.14029      
87      0.738934      4.18649      
88      0.959553      4.20822      
89      0.406428      4.34806      
90      3.31317       4.34831      
91      2.08063       4.40779      
92      0.558599      4.40839      
93      8.11117       4.77007      
94      1.53078       4.77689      
95      0.348588      4.83272      
96      15.4111       4.83482      
97      0.218935      4.90679      
98      9.30127       4.90805      
99      8.1879        4.95861      
100     1.2992        4.96474      
101     10.2014       5.05454      
102     4.25241       5.07778      
103     2.58157       5.22923      
104     13.4012       5.25761      
105     0.484833      5.25958      
106     1.65307       5.31919      
107     1.66387       5.3203       
108     0.415286      5.46028      
109     5.70384       5.46104      
110     0.713593      5.46786      
111     5.07765       5.51309      
112     2.20164       5.64877      
113     8.79679       5.65963      
114     3.63741       5.69262      
115     3.00988       5.87642      
116     16.9055       5.89243      
117     5.95492       5.91657      
118     2.59949       5.92796      
119     7.07144       6.06213      
120     2.62522       6.09027      
121     1.91718       6.1319       
122     1.9211        6.13232      
123     1.61123       6.18049      
124     12.3921       6.19047      
125     14.9647       6.26832      
126     0.501104      6.27663      
