131          85          
131          153         
131          71          
131          88          
131          98          
131          120         
131          180         
131          206         
131          144         
131          95          
131          117         
131          207         
131          122         
131          196         
131          190         
131          111         
131          81          
131          126         
131          118         
131          84          
131          63          
131          83          
131          177         
131          124         
131          79          
131          89          
131          202         
131          97          
131          136         
131          80          
131          69          
131          145         
131          193         
131          154         
131          116         
131          121         
131          96          
131          100         
131          86          
131          130         
131          157         
131          82          
131          55          
131          56          
131          101         
131          189         
131          172         
131          127         
131          198         
131          129         
131          135         
131          166         
131          138         
131          137         
131          113         
131          133         
131          19          
131          179         
131          132         
131          139         
131          147         
131          237         
131          99          
131          203         
131          209         
131          155         
131          72          
131          105         
131          195         
131          194         
65           79          
65           69          
65           67          
153          107         
153          161         
153          142         
153          106         
153          147         
153          152         
153          162         
153          150         
153          154         
153          155         
153          171         
153          149         
153          160         
153          103         
153          105         
153          157         
153          166         
140          132         
140          154         
140          141         
140          142         
140          155         
181          171         
181          184         
37           35          
37           36          
219          220         
245          236         
245          248         
245          239         
245          247         
245          240         
245          235         
267          269         
267          266         
267          265         
267          273         
267          272         
267          271         
267          268         
267          275         
156          157         
156          129         
1            12          
1            0           
36           34          
36           35          
36           38          
36           12          
187          184         
162          172         
162          166         
162          163         
162          159         
162          237         
162          192         
162          154         
162          169         
162          160         
162          170         
162          158         
144          97          
144          145         
144          132         
144          117         
144          190         
144          39          
144          143         
95           85          
95           71          
95           114         
95           79          
95           117         
95           83          
95           111         
95           75          
95           63          
95           60          
95           124         
95           89          
95           97          
95           80          
95           69          
95           116         
95           84          
95           96          
95           100         
95           86          
95           67          
95           59          
95           82          
95           56          
95           101         
95           127         
95           119         
95           137         
95           113         
95           139         
95           94          
95           99          
95           115         
95           72          
95           105         
117          85          
117          104         
117          132         
117          79          
117          190         
117          111         
117          135         
117          177         
117          97          
117          116         
117          113         
117          130         
117          157         
117          55          
117          189         
117          129         
117          137         
117          133         
117          39          
117          136         
117          105         
47           50          
47           48          
207          210         
207          211         
207          198         
207          208         
207          203         
207          214         
207          193         
207          212         
207          206         
207          130         
207          157         
207          209         
70           79          
70           69          
70           67          
34           12          
34           39          
34           35          
275          274         
275          269         
275          272         
275          276         
275          271         
275          277         
275          273         
275          278         
255          239         
255          256         
255          223         
111          124         
111          97          
111          112         
111          79          
111          105         
111          113         
90           91          
108          107         
108          106         
108          103         
108          129         
108          93          
108          110         
108          105         
108          109         
256          239         
256          236         
26           12          
26           25          
26           24          
26           31          
26           43          
26           16          
26           18          
26           40          
227          228         
227          160         
124          85          
124          113         
124          120         
124          127         
124          112         
124          79          
124          115         
124          121         
124          122         
124          125         
124          86          
124          116         
124          126         
124          100         
106          102         
106          109         
106          103         
106          107         
106          104         
106          150         
106          154         
106          149         
106          105         
106          113         
106          93          
31           12          
31           30          
31           32          
31           41          
31           35          
31           42          
68           67          
68           79          
68           72          
68           81          
68           69          
97           98          
97           100         
97           79          
97           105         
97           113         
97           190         
97           143         
165          12          
165          166         
165          160         
165          172         
53           132         
53           55          
53           50          
53           129         
53           56          
74           72          
74           79          
74           67          
74           75          
11           12          
242          228         
242          243         
93           85          
93           92          
93           102         
93           107         
93           91          
93           79          
93           110         
154          107         
154          104         
154          160         
154          161         
154          152         
154          157         
154          147         
154          101         
154          150         
154          149         
154          158         
154          12          
154          136         
154          103         
154          237         
154          155         
154          142         
154          166         
154          105         
171          172         
171          167         
171          169         
171          170         
171          179         
45           85          
45           56          
45           72          
45           46          
45           79          
45           50          
247          241         
247          211         
247          246         
247          236         
247          218         
247          238         
247          251         
247          208         
247          250         
247          259         
247          258         
247          189         
247          198         
247          76          
247          216         
247          249         
247          240         
247          239         
247          237         
247          248         
247          235         
247          254         
170          189         
170          172         
170          168         
170          179         
170          166         
170          169         
170          157         
170          173         
18           12          
18           4           
18           16          
18           19          
18           17          
86           85          
86           71          
86           88          
86           66          
86           79          
86           126         
86           72          
86           57          
86           69          
86           84          
86           96          
86           113         
86           130         
86           82          
86           55          
86           56          
86           127         
86           87          
86           125         
229          228         
173          174         
173          166         
173          172         
173          175         
243          228         
243          244         
183          184         
10           12          
101          103         
101          72          
101          129         
101          79          
101          105         
101          113         
101          135         
189          186         
189          214         
189          172         
189          239         
189          218         
189          212         
189          129         
189          232         
189          188         
189          235         
189          196         
189          216         
189          190         
189          179         
189          236         
163          158         
163          172         
163          164         
163          160         
64           63          
64           79          
64           72          
27           28          
87           79          
87           113         
257          248         
257          258         
185          184         
150          107         
150          147         
150          151         
150          149         
150          160         
51           55          
51           50          
33           12          
33           35          
149          107         
149          147         
137          55          
137          139         
137          136         
137          127         
137          79          
137          132         
137          138         
137          84          
137          133         
137          105         
137          190         
137          135         
52           56          
52           79          
52           50          
125          127         
125          122         
125          113         
125          126         
216          248         
216          214         
216          239         
216          203         
216          132         
216          235         
216          212         
216          238         
216          200         
216          196         
216          190         
216          236         
39           132         
39           12          
39           105         
39           190         
19           79          
19           12          
179          208         
179          176         
179          172         
179          169         
179          198         
179          166         
179          122         
179          175         
234          236         
234          239         
234          235         
44           41          
44           12          
44           42          
44           105         
102          104         
102          105         
12           14          
12           20          
12           104         
12           46          
12           30          
12           8           
12           15          
12           276         
12           24          
12           7           
12           4           
12           2           
12           50          
12           35          
12           55          
12           22          
12           166         
12           16          
12           42          
12           25          
12           13          
12           237         
12           192         
12           41          
12           105         
139          129         
139          79          
139          138         
139          190         
21           28          
21           20          
128          113         
128          129         
168          161         
168          177         
168          172         
168          136         
168          169         
168          167         
168          175         
239          241         
239          236         
239          232         
239          212         
239          218         
239          238         
239          259         
239          248         
239          205         
239          230         
239          214         
239          240         
239          235         
239          237         
239          215         
239          250         
239          231         
239          254         
94           113         
94           79          
237          248         
237          157         
237          250         
237          241         
237          191         
237          220         
237          235         
237          238         
237          233         
237          224         
237          240         
237          198         
237          236         
237          160         
99           113         
99           79          
99           105         
191          192         
203          210         
203          211         
203          200         
203          202         
203          198         
203          204         
203          214         
203          205         
203          206         
203          190         
203          201         
203          231         
115          79          
115          119         
115          72          
115          112         
115          129         
115          116         
115          114         
115          105         
115          113         
115          118         
226          228         
226          225         
250          248         
250          235         
250          249         
250          240         
250          251         
250          254         
142          132         
142          141         
142          116         
110          104         
261          263         
260          263         
260          259         
41           25          
41           24          
41           43          
41           40          
41           35          
41           42          
194          198         
194          195         
194          193         
54           55          
54           56          
254          248         
254          253         
254          235         
241          253         
241          209         
241          248         
241          236         
241          235         
241          240         
241          198         
85           71          
85           79          
85           83          
85           81          
85           63          
85           89          
85           72          
85           80          
85           121         
85           96          
85           113         
85           82          
85           56          
85           84          
85           112         
85           105         
211          210         
211          214         
211          198         
211          212         
71           79          
71           72          
71           69          
71           105         
71           67          
88           79          
88           130         
88           113         
98           79          
98           198         
98           113         
120          161         
120          112         
120          79          
120          121         
120          122         
120          113         
159          158         
159          160         
232          236         
232          235         
232          248         
5            4           
132          138         
132          50          
132          129         
132          145         
132          134         
132          109         
132          105         
132          133         
132          190         
132          196         
132          135         
132          118         
79           66          
79           114         
79           8           
79           83          
79           122         
79           61          
79           81          
79           126         
79           63          
79           78          
79           60          
79           89          
79           80          
79           69          
79           119         
79           116         
79           121         
79           96          
79           100         
79           58          
79           67          
79           59          
79           82          
79           55          
79           56          
79           77          
79           84          
79           127         
79           76          
79           113         
79           75          
79           72          
79           112         
79           62          
79           73          
79           105         
238          248         
238          235         
238          240         
238          236         
160          161         
160          172         
160          166         
160          158         
122          116         
122          123         
122          121         
122          113         
122          157         
122          172         
182          184         
61           63          
61           62          
190          210         
190          218         
190          83          
190          196         
190          202         
190          145         
190          96          
190          130         
190          157         
190          119         
190          129         
190          138         
190          206         
190          62          
190          200         
109          107         
29           28          
81           89          
81           80          
81           69          
81           82          
126          127         
126          112         
126          129         
126          113         
126          130         
118          119         
118          113         
208          210         
208          198         
208          223         
63           72          
63           62          
63           83          
63           100         
63           113         
264          263         
161          172         
161          166         
161          105         
60           72          
60           59          
221          220         
213          210         
213          214         
89           113         
202          214         
202          200         
7            8           
57           55          
57           56          
80           72          
80           114         
80           69          
80           105         
80           113         
205          198         
205          212         
205          214         
258          248         
258          240         
271          269         
271          272         
271          270         
50           55          
50           48          
50           56          
50           49          
50           62          
96           129         
96           113         
96           105         
40           42          
6            8           
222          198         
222          223         
113          112         
113          107         
113          114         
113          133         
113          83          
113          69          
113          116         
113          100         
113          157         
113          127         
113          119         
113          129         
113          166         
113          75          
113          103         
113          62          
113          72          
113          105         
58           56          
58           105         
58           72          
130          136         
130          127         
130          138         
130          196         
130          133         
130          157         
217          218         
67           76          
67           66          
67           69          
67           72          
67           75          
67           82          
59           72          
82           72          
82           69          
263          262         
56           48          
56           104         
56           55          
56           105         
56           49          
56           72          
3            2           
172          169         
172          176         
172          180         
172          166         
172          198         
172          158         
172          174         
172          175         
127          136         
127          105         
127          112         
127          129         
198          180         
198          236         
198          210         
198          212         
198          218         
198          199         
198          196         
198          193         
198          224         
198          157         
198          197         
198          214         
198          166         
198          206         
198          240         
198          228         
198          225         
198          215         
198          209         
198          248         
198          200         
198          195         
129          141         
129          138         
129          105         
129          143         
43           35          
43           42          
76           75          
166          248         
166          169         
166          105         
166          157         
138          105         
178          184         
178          177         
133          136         
133          105         
249          248         
249          240         
201          200         
240          248         
240          259         
240          223         
240          235         
240          236         
240          230         
42           35          
228          225         
228          248         
228          230         
225          210         
225          214         
25           24          
136          169         
136          155         
136          105         
48           49          
148          147         
9            8           
235          248         
235          236         
235          218         
235          231         
73           72          
73           112         
112          116         
112          100         
215          210         
215          214         
215          236         
215          212         
209          214         
209          210         
209          193         
209          212         
209          157         
248          236         
248          253         
248          218         
248          252         
248          224         
155          157         
200          214         
200          196         
105          107         
105          104         
105          135         
105          69          
105          100         
105          157         
105          143         
105          55          
105          103         
105          72          
231          236         
195          193         
175          176         
175          174         
210          212         
210          157         
210          214         
107          103         
107          104         
151          157         
236          212         
236          218         
236          259         
236          224         
236          230         
104          103         
104          55          
66           69          
114          116         
212          214         
212          230         
83           72          
184          186         
75           72          
75           69          
24           23          
24           22          
146          147         
72           69          
72           84          
72           100         
