0       21.8569       0.0196886    
1       4.1501        0.0257637    
2       4.2893        0.0754627    
3       4.53952       0.133452     
4       8.9336        0.259056     
5       0.848781      0.260038     
6       11.5999       0.269006     
7       2.53581       0.350552     
8       0.386818      0.350749     
9       1.52231       0.351292     
10      0.881359      0.420012     
11      0.721452      0.432443     
12      30.1132       0.445588     
13      0.588796      0.445844     
14      0.640412      0.455778     
15      0.836972      0.467483     
16      9.21595       0.559105     
17      5.7469        0.614267     
18      3.2029        0.622121     
19      0.51003       0.704723     
20      3.23956       0.704853     
21      2.19953       0.769895     
22      0.395724      0.77809      
23      7.17762       0.780713     
24      1.14417       0.790933     
25      2.56277       0.79257      
26      0.63846       0.954959     
27      8.2308        0.955208     
28      3.60152       1.05984      
29      3.99717       1.08676      
30      4.41067       1.11047      
31      1.41887       1.11867      
32      7.60805       1.14327      
33      1.55002       1.14838      
34      1.65938       1.16202      
35      3.61236       1.18245      
36      1.14874       1.30792      
37      1.00698       1.32001      
38      0.882612      1.3326       
39      0.705369      1.33965      
40      0.645738      1.34622      
41      0.661585      1.35326      
42      0.628897      1.36254      
43      42.63         1.36834      
44      0.604076      1.37108      
45      0.569267      1.37761      
46      0.621238      1.38458      
47      0.79888       1.39332      
48      0.919548      1.40651      
49      0.997259      1.41611      
50      1.24437       1.4288       
51      2.34943       1.70198      
52      0.571214      1.70222      
53      2.4348        1.73653      
54      4.34089       1.74333      
55      0.41893       1.7449       
56      3.99023       1.82052      
57      3.98401       1.82137      
58      0.485416      1.88666      
59      4.75921       1.88796      
60      2.24092       1.90257      
61      6.72031       1.93813      
62      3.29173       1.95861      
63      3.5415        1.97032      
64      4.45157       2.12281      
65      11.8506       2.14029      
66      0.446037      2.14326      
67      0.708676      2.15052      
68      1.40067       2.16936      
69      2.66926       2.17069      
70      4.51978       2.21353      
71      3.73894       2.38129      
72      9.08217       2.3865       
73      6.70387       2.39645      
74      3.35129       2.42711      
75      1.72048       2.45589      
76      11.6295       2.46358      
77      2.0432        2.48193      
78      5.03041       2.53818      
79      0.535306      2.57332      
80      7.20021       2.57759      
81      5.17121       2.59684      
82      3.81532       2.72122      
83      9.98144       2.73914      
84      9.20827       2.77405      
85      5.45634       2.78284      
86      19.0665       2.80479      
87      0.625695      2.81935      
88      8.80663       3.04607      
89      2.16423       3.09478      
90      1.47827       3.10074      
91      0.63039       3.10225      
92      2.71883       3.17314      
93      11.5749       3.18433      
94      0.576293      3.18933      
95      3.31726       3.21997      
96      0.35977       3.2208       
97      0.790871      3.40941      
98      16.7064       3.41784      
99      0.608429      3.41905      
100     1.6962        3.47006      
101     5.19121       3.48276      
102     0.329244      3.48393      
103     9.96255       3.52056      
104     0.448456      3.76249      
105     8.62504       3.76485      
106     6.69976       3.79809      
107     2.9935        3.79868      
108     1.66314       3.90887      
109     7.56414       3.94112      
110     4.298         3.95002      
111     9.51446       3.95995      
112     19.9022       3.96182      
113     1.76742       3.97754      
114     4.19914       4.01992      
115     9.19061       4.14174      
116     5.40347       4.19719      
117     2.17766       4.20444      
118     5.13751       4.29095      
119     10.3569       4.3311       
120     0.522123      4.33292      
121     2.55349       4.38535      
122     0.455645      4.38637      
123     3.95091       4.43187      
124     8.55546       4.4337       
125     3.22743       4.46435      
126     1.69318       4.47227      
127     1.55828       4.50388      
128     4.10252       4.50906      
129     2.10072       4.51988      
130     3.95748       4.53166      
131     3.72981       4.54259      
132     8.38717       4.72063      
133     15.6448       4.74606      
134     4.1895        4.75294      
135     3.82802       4.76086      
136     1.54233       4.76595      
137     2.04281       4.83953      
138     4.15494       4.85212      
139     3.08377       4.88243      
140     0.8786        4.88254      
141     3.26266       4.88774      
142     3.1862        4.90512      
143     4.30095       4.92756      
144     2.2932        4.94089      
145     3.35944       5.00908      
146     0.503059      5.0094       
147     3.69506       5.10032      
148     2.81884       5.15047      
149     7.35471       5.18758      
150     15.0356       5.23002      
151     16.504        5.26372      
152     7.78945       5.30386      
153     1.92839       5.35958      
154     0.237174      5.35962      
155     7.94446       5.46487      
156     5.55897       5.49117      
157     44.9187       5.50655      
158     3.53239       5.60006      
159     3.3681        5.65248      
160     0.323197      5.71001      
161     4.61234       5.7111       
162     1.2234        5.75088      
163     1.22206       5.7519       
164     0.933278      5.78782      
165     0.813324      5.79819      
166     3.97568       5.82476      
167     32.3264       5.84205      
168     1.41051       5.88397      
169     3.9384        5.8841       
170     13.4066       5.89798      
171     0.617084      5.91567      
172     6.97226       5.98497      
173     3.69299       6.0494       
174     2.83204       6.16733      
175     5.56366       6.22403      
176     3.06843       6.26863      
