0       0.45201       0.107982     
1       6.5056        0.109153     
2       2.28848       0.115857     
3       6.46575       0.158884     
4       0.589785      0.17579      
5       38.4934       0.176808     
6       0.529255      0.180197     
7       0.640848      0.18589      
8       5.53132       0.205624     
9       7.36935       0.217217     
10      0.35385       0.218611     
11      1.52348       0.239004     
12      0.291852      0.239124     
13      0.552864      0.260653     
14      2.0132        0.261051     
15      3.83866       0.283446     
16      0.589741      0.283829     
17      4.91374       0.342316     
18      9.03755       0.349803     
19      5.30855       0.429841     
20      0.827182      0.446621     
21      4.89894       0.449669     
22      0.306016      0.449941     
23      3.19512       0.46434      
24      7.92038       0.468755     
25      4.10562       0.497722     
26      4.70181       0.507702     
27      1.67167       0.520437     
28      4.62075       0.524069     
29      0.624866      0.525944     
30      8.14786       0.544446     
31      2.14121       0.545668     
32      3.27476       0.563556     
33      0.534741      0.573189     
34      4.36535       0.57442      
35      2.22833       0.578236     
36      4.73664       0.647991     
37      3.06884       0.648669     
38      0.911715      0.705733     
39      3.11251       0.708367     
40      0.395638      0.708891     
41      0.766209      0.740612     
42      22.1338       0.741434     
43      0.666031      0.77329      
44      3.68875       0.775183     
45      0.217303      0.77531      
46      0.953037      0.778574     
47      4.5887        0.838052     
48      2.97926       0.838368     
49      0.575181      0.924468     
50      2.59839       0.925613     
51      1.84809       0.928231     
52      13.4169       0.945682     
53      0.669015      0.947096     
54      22.5591       1.08061      
55      2.02673       1.0962       
56      4.19175       1.10396      
57      7.28095       1.12176      
58      0.902689      1.12729      
59      23.5517       1.13146      
60      0.55915       1.13975      
61      8.00108       1.16175      
62      1.4644        1.18515      
63      13.1553       1.19362      
64      6.00162       1.20496      
65      2.86742       1.25469      
66      0.524876      1.25506      
67      1.90395       1.29259      
68      4.72875       1.29454      
69      3.86631       1.33749      
70      2.19323       1.35372      
71      0.50197       1.36332      
72      18.1095       1.36584      
73      23.7719       1.36723      
74      8.22256       1.38022      
75      3.2855        1.41995      
76      1.51175       1.421        
77      3.2188        1.46401      
78      14.4219       1.48547      
79      4.20375       1.48596      
80      1.97451       1.51989      
81      8.52861       1.52477      
82      13.9324       1.60337      
83      4.81998       1.72853      
84      13.8456       1.738        
85      4.2308        1.75384      
86      4.17148       1.7834       
87      1.40498       1.78969      
88      1.48589       1.79132      
89      9.44826       1.82735      
90      13.4146       1.84983      
91      0.967301      1.85539      
92      12.7271       1.86637      
93      4.97377       1.87421      
94      0.689402      1.93543      
95      0.609002      1.9421       
96      38.1857       1.94298      
97      3.13459       1.97225      
98      1.90067       1.97412      
99      6.15239       1.98586      
100     10.0353       2.01166      
101     18.6237       2.09419      
102     0.640096      2.09455      
103     5.49421       2.19118      
104     0.441352      2.20844      
105     13.8271       2.20928      
106     1.58792       2.2231       
107     5.86126       2.2255       
108     6.90409       2.27902      
109     1.17602       2.35441      
110     0.78794       2.35709      
111     6.23692       2.36142      
112     2.25253       2.36177      
113     0.732389      2.36543      
114     1.20032       2.36866      
115     3.38921       2.56289      
116     2.26138       2.56312      
117     3.6422        2.58031      
118     0.97931       2.60436      
119     10.2861       2.61841      
120     10.2763       2.61846      
121     3.41297       2.62682      
122     3.67129       2.64177      
123     0.51408       2.64283      
124     3.99181       2.6711       
125     1.93212       2.70711      
126     3.74106       2.70763      
127     19.2304       2.71714      
128     1.15472       2.73243      
129     3.58728       2.73778      
130     8.20798       2.7632       
131     19.1861       2.7664       
132     14.2973       2.77889      
133     2.25171       2.84179      
134     20.7711       2.85145      
135     0.594777      2.8539       
136     7.80765       2.96955      
137     5.17411       2.98079      
138     1.82836       2.99059      
139     8.67235       3.00526      
140     6.74589       3.04187      
141     21.5745       3.20401      
142     7.91519       3.2292       
143     29.864        3.24737      
144     4.94992       3.42033      
145     1.44362       3.42396      
146     7.00565       3.43045      
147     5.64132       3.47406      
148     19.981        3.52112      
149     3.70056       3.53355      
150     8.22065       3.537        
151     29.1168       3.59321      
152     4.83096       3.60502      
153     3.77359       3.60685      
154     6.85604       3.65975      
155     13.4241       3.77264      
156     13.1354       3.7857       
157     8.26864       3.78702      
158     7.25851       3.78956      
159     1.96508       3.84893      
160     5.89691       3.85686      
161     4.00184       3.8674       
162     5.09374       3.87618      
163     0.694772      3.87846      
164     6.47252       3.93107      
165     5.71369       3.93349      
166     5.20815       4.00131      
167     19.996        4.02119      
168     12.9401       4.06689      
169     4.4449        4.08017      
170     3.95479       4.13005      
171     8.85619       4.13328      
172     2.54165       4.1505       
173     4.43515       4.19763      
174     6.32351       4.21492      
175     8.63488       4.22313      
176     35.3591       4.26809      
177     10.1494       4.3155       
178     19.8538       4.33626      
179     1.0937        4.35816      
180     58.2136       4.41292      
181     9.79824       4.45589      
182     12.0624       4.46674      
183     90.4242       4.50961      
184     16.4886       4.5498       
185     8.78032       4.5503       
186     9.00558       4.58786      
187     0.190963      4.58851      
188     4.82518       4.60442      
189     3.97798       4.60691      
190     4.46308       4.64708      
191     7.87379       4.68401      
192     10.9231       4.76288      
193     5.00547       4.79912      
194     2.76296       4.83081      
195     6.80207       4.84557      
196     6.09534       4.85231      
197     6.79774       4.88367      
198     5.46316       4.9548       
199     17.3442       4.95901      
200     0.725223      4.96697      
201     1.6796        4.99158      
202     0.509225      4.992        
203     4.38146       5.02359      
204     2.95327       5.05236      
205     4.49554       5.06043      
206     0.500082      5.06135      
207     4.43561       5.09309      
208     6.41081       5.11557      
209     2.76085       5.14241      
210     12.9024       5.14852      
211     7.10049       5.1559       
212     3.18702       5.16979      
213     7.4551        5.18654      
214     4.3335        5.18918      
215     2.22285       5.22287      
216     0.883901      5.28366      
217     5.18525       5.28578      
218     7.41299       5.29159      
219     2.04199       5.30946      
220     0.744699      5.32509      
221     6.57033       5.36228      
222     36.3606       5.37361      
223     76.8171       5.39211      
224     5.01493       5.40631      
225     24.6738       5.41063      
226     5.51659       5.4461       
227     29.8955       5.45472      
228     2.86561       5.51546      
229     5.57873       5.52141      
230     1.48455       5.52905      
231     3.18116       5.55712      
232     3.2232        5.55884      
233     7.28133       5.5973       
234     0.736002      5.78909      
235     15.5599       5.79108      
236     2.04639       5.86503      
237     11.8378       5.87089      
238     1.69586       5.87622      
239     2.78554       5.88498      
240     3.03207       5.90491      
241     17.3547       5.93595      
242     2.56889       5.93724      
243     1.34848       5.93775      
244     8.42539       5.9462       
245     0.439669      5.95078      
246     3.62713       5.95851      
247     2.25242       5.97701      
248     9.68542       6.00725      
249     2.63257       6.00972      
