97           213         
97           88          
97           158         
97           179         
97           91          
97           231         
97           234         
97           93          
97           235         
97           143         
97           90          
97           99          
97           112         
97           104         
97           56          
97           100         
97           202         
97           200         
97           110         
97           215         
97           162         
97           185         
97           203         
97           64          
97           230         
97           228         
97           157         
97           98          
97           236         
97           96          
97           177         
97           188         
97           189         
97           68          
97           175         
97           206         
97           94          
97           67          
97           87          
97           139         
97           148         
97           89          
97           197         
97           109         
97           239         
97           101         
97           60          
97           229         
97           176         
97           95          
97           232         
97           70          
97           76          
97           106         
97           102         
213          179         
213          212         
213          229         
213          187         
213          21          
213          193         
213          203         
213          216         
213          218         
213          211         
213          214         
213          204         
213          191         
213          223         
213          215         
213          217         
213          206         
4            3           
4            5           
4            1           
82           81          
120          119         
126          146         
126          147         
126          130         
126          122         
81           80          
81           84          
81           78          
81           73          
81           86          
16           21          
49           48          
49           51          
49           47          
170          168         
170          171         
170          172         
92           93          
92           99          
234          233         
234          237         
234          231         
234          93          
234          235         
234          238         
234          99          
234          232         
234          236         
234          100         
93           88          
93           91          
93           235         
93           99          
93           104         
93           56          
93           54          
93           100         
93           110         
93           185         
93           64          
93           228         
93           236         
93           96          
93           105         
93           68          
93           67          
93           66          
93           89          
93           72          
93           60          
93           229         
93           95          
93           232         
93           70          
93           101         
93           71          
235          100         
235          229         
235          232         
235          104         
235          236         
28           21          
28           30          
143          144         
143          162         
143          179         
143          159         
143          142         
143          232         
143          176         
143          112         
143          132         
65           60          
65           64          
65           68          
145          148         
145          144         
145          153         
145          146         
145          196         
145          21          
145          122         
145          151         
145          139         
154          189         
154          146         
154          196         
154          157         
154          122         
154          130         
125          130         
125          122         
223          185         
223          216         
223          218         
223          220         
223          99          
223          95          
223          222         
223          221         
223          217         
113          114         
113          122         
33           41          
33           37          
33           32          
33           21          
151          150         
151          147         
151          146         
151          152         
151          175         
151          174         
151          149         
151          130         
151          153         
104          88          
104          91          
104          108         
104          99          
104          112         
104          56          
104          100         
104          110         
104          60          
104          64          
104          157         
104          98          
104          96          
104          105         
104          107         
104          89          
104          109         
104          103         
104          106         
104          68          
104          95          
104          101         
217          215         
217          216         
217          218         
217          220         
217          99          
217          222         
217          221         
217          219         
37           39          
37           21          
37           31          
37           36          
37           38          
37           30          
62           61          
62           64          
62           60          
62           66          
100          60          
100          229         
100          99          
100          232         
100          101         
100          236         
202          200         
202          203         
202          21          
168          171         
168          169         
168          172         
168          167         
110          109         
110          60          
110          99          
110          61          
184          185         
215          212         
215          187         
215          179         
215          203         
215          230         
215          211         
215          228         
215          219         
215          209         
215          21          
215          175         
215          220         
215          214         
215          206         
215          195         
215          216         
215          218         
215          229         
215          204         
215          222         
5            6           
172          173         
172          181         
55           10          
55           21          
55           14          
55           60          
55           53          
55           56          
55           54          
48           47          
146          148         
146          144         
146          121         
146          153         
146          162         
146          150         
146          203         
146          152         
146          175         
146          127         
146          157         
146          122         
146          149         
146          130         
146          147         
192          200         
192          190         
192          189         
192          193         
192          203         
192          196         
192          175         
192          201         
192          191         
20           21          
64           10          
64           91          
64           99          
64           61          
64           56          
64           54          
64           60          
64           98          
64           105         
64           63          
64           224         
64           67          
64           89          
64           68          
64           111         
64           70          
64           106         
51           50          
51           47          
181          182         
181          180         
201          200         
201          203         
201          198         
201          199         
182          180         
182          183         
182          194         
182          178         
182          173         
182          2           
207          206         
228          239         
228          185         
228          60          
228          220         
228          229         
228          99          
227          226         
157          141         
157          140         
157          171         
157          142         
157          114         
157          200         
157          185         
157          130         
157          121         
157          188         
157          21          
157          131         
157          122         
157          124         
157          148         
157          132         
157          224         
157          155         
157          156         
157          232         
226          200         
226          212         
226          211         
226          203         
226          225         
226          204         
43           21          
43           44          
129          130         
40           21          
40           41          
73           75          
236          238         
236          121         
236          237         
236          10          
236          239         
236          189         
236          231         
236          98          
236          230         
236          195         
236          229         
236          99          
236          21          
236          232         
236          70          
236          112         
105          99          
105          95          
105          106         
121          141         
121          238         
121          122         
121          232         
121          139         
121          130         
237          21          
237          238         
237          229         
237          232         
188          200         
188          177         
188          162         
188          190         
188          189         
188          203         
188          230         
188          109         
188          197         
22           21          
189          200         
189          109         
189          190         
189          21          
189          239         
189          196         
189          211         
189          99          
189          112         
189          232         
21           203         
21           10          
21           25          
21           46          
21           17          
21           42          
21           44          
21           230         
21           34          
21           41          
21           219         
21           209         
21           175         
21           31          
21           19          
21           36          
21           14          
21           38          
21           26          
21           239         
21           27          
21           185         
21           32          
21           238         
21           24          
21           229         
21           204         
21           1           
21           18          
21           23          
21           29          
21           30          
21           11          
8            7           
8            56          
8            1           
196          200         
196          190         
196          203         
196          195         
196          230         
196          191         
196          198         
127          130         
127          122         
175          179         
175          212         
175          147         
175          162         
175          203         
175          119         
175          204         
175          174         
31           30          
208          209         
224          219         
194          180         
194          204         
194          195         
206          87          
206          195         
206          216         
206          238         
206          214         
206          204         
206          99          
206          205         
206          95          
206          187         
205          204         
205          209         
205          87          
205          222         
115          116         
115          114         
117          116         
117          118         
117          153         
36           44          
36           34          
36           41          
36           35          
36           30          
124          130         
124          122         
107          99          
107          185         
139          141         
139          138         
139          158         
139          140         
139          144         
139          159         
139          142         
139          134         
139          131         
139          137         
139          132         
139          232         
139          160         
139          162         
9            10          
2            1           
148          177         
148          147         
148          162         
148          142         
148          122         
148          130         
89           76          
89           72          
89           88          
89           10          
89           60          
89           91          
89           68          
89           90          
89           229         
89           75          
89           99          
89           67          
89           87          
89           56          
133          132         
72           68          
72           60          
72           99          
109          179         
109          162         
109          200         
109          108         
109          99          
109          95          
57           60          
103          99          
210          211         
210          212         
210          204         
216          187         
216          214         
216          204         
216          219         
238          229         
238          10          
238          239         
238          230         
238          231         
238          232         
238          222         
60           88          
60           10          
60           91          
60           58          
60           108         
60           99          
60           53          
60           61          
60           56          
60           87          
60           44          
60           54          
60           98          
60           96          
60           63          
60           13          
60           67          
60           66          
60           59          
60           15          
60           68          
60           229         
60           69          
60           95          
60           70          
60           76          
60           101         
60           71          
229          91          
229          99          
229          54          
229          203         
229          231         
229          230         
229          219         
229          239         
229          232         
229          70          
204          212         
204          211         
204          200         
204          203         
204          209         
204          225         
204          190         
111          99          
111          112         
232          179         
232          233         
232          158         
232          14          
232          99          
232          112         
232          87          
232          162         
232          185         
232          231         
232          230         
232          13          
232          131         
232          67          
232          11          
232          102         
222          218         
222          185         
222          220         
222          214         
222          99          
29           30          
76           66          
106          185         
106          99          
106          112         
102          87          
102          99          
102          95          
102          101         
136          135         
136          142         
136          162         
71           13          
71           68          
71           99          
212          203         
212          211         
118          119         
88           68          
88           96          
88           99          
25           26          
52           10          
52           54          
91           68          
91           99          
91           95          
91           70          
142          141         
142          177         
142          162         
142          140         
142          144         
142          132         
142          134         
142          130         
142          137         
142          122         
74           78          
74           75          
84           78          
84           85          
84           86          
84           83          
14           45          
14           10          
14           27          
14           44          
14           13          
14           12          
14           11          
108          56          
178          135         
178          180         
178          177         
178          162         
99           61          
99           87          
99           185         
99           56          
99           230         
99           98          
99           96          
99           68          
99           220         
99           70          
99           67          
99           101         
99           218         
99           69          
99           95          
53           54          
112          162         
128          130         
61           68          
61           59          
61           69          
61           66          
61           56          
35           30          
78           77          
78           79          
56           44          
56           41          
56           68          
56           66          
114          116         
54           10          
86           85          
0            1           
200          162         
200          190         
200          203         
200          197         
200          198         
200          199         
42           41          
180          141         
180          147         
180          162         
87           13          
87           95          
87           66          
163          162         
162          141         
162          135         
162          179         
162          203         
162          165         
162          144         
162          177         
162          147         
162          159         
162          164         
162          132         
162          150         
162          153         
162          140         
162          166         
162          176         
162          161         
185          186         
185          187         
116          119         
123          122         
203          190         
203          179         
44           45          
230          239         
152          153         
152          130         
152          122         
160          159         
191          190         
34           30          
98           96          
41           30          
221          220         
12           13          
12           11          
186          187         
219          10          
219          218         
219          220         
219          95          
130          141         
130          140         
130          144         
130          147         
130          134         
130          131         
130          122         
130          132         
130          150         
130          153         
130          166         
30           27          
30           11          
96           95          
144          141         
144          132         
144          177         
144          140         
144          131         
144          122         
177          132         
177          176         
147          150         
147          166         
147          122         
147          149         
147          153         
47           46          
190          195         
13           15          
13           11          
159          158         
134          122         
131          141         
131          132         
131          122         
220          218         
122          140         
122          132         
122          150         
122          153         
67           68          
67           66          
66           68          
66           69          
198          197         
198          199         
132          141         
132          140         
132          150         
153          135         
239          10          
195          187         
68           70          
68           101         
68           69          
166          187         
69           101         
95           101         
11           10          
141          140         
141          135         
