157          167         
157          156         
157          109         
157          0           
157          88          
157          105         
157          98          
157          115         
157          124         
157          114         
157          170         
157          148         
157          152         
157          176         
157          82          
157          147         
157          93          
157          150         
157          172         
157          151         
157          106         
157          155         
157          103         
157          149         
157          4           
157          16          
157          175         
157          123         
157          12          
157          64          
157          166         
157          112         
157          158         
157          1           
132          133         
132          43          
132          121         
132          119         
132          134         
132          135         
132          124         
132          150         
74           73          
74           72          
74           86          
74           76          
146          145         
89           95          
89           90          
116          118         
116          117         
116          133         
116          119         
116          103         
109          152         
109          110         
109          167         
109          111         
109          108         
109          112         
109          151         
154          153         
0            152         
0            176         
0            175         
0            3           
0            167         
0            12          
0            6           
0            17          
0            2           
0            1           
0            115         
0            174         
0            4           
0            172         
0            170         
0            150         
0            16          
22           23          
88           84          
88           83          
88           112         
88           98          
88           69          
5            4           
5            6           
34           43          
34           32          
87           86          
165          167         
138          139         
138          137         
138          141         
138          142         
138          115         
28           43          
28           29          
28           27          
101          100         
101          102         
101          72          
101          86          
101          103         
170          169         
170          175         
170          168         
170          167         
170          12          
170          6           
170          173         
170          166         
170          171         
170          16          
170          172         
142          143         
142          141         
142          139         
29           30          
29           43          
29           32          
8            7           
8            9           
152          167         
152          12          
152          150         
152          151         
90           91          
176          12          
133          136         
133          118         
133          135         
133          143         
133          103         
133          119         
133          137         
133          147         
133          145         
133          43          
133          134         
133          139         
133          124         
133          123         
133          150         
51           52          
51           54          
58           59          
18           43          
18           12          
18           17          
73           78          
73           71          
73           86          
73           72          
73           75          
73           76          
131          105         
131          130         
131          128         
131          125         
6            169         
6            12          
6            159         
6            167         
6            7           
6            3           
6            4           
60           59          
60           61          
125          126         
125          105         
125          124         
59           62          
59           61          
59           53          
147          150         
145          143         
93           84          
93           94          
93           95          
93           80          
93           86          
93           112         
93           115         
93           92          
93           76          
96           95          
164          167         
26           27          
151          110         
151          149         
151          167         
151          156         
151          111         
151          161         
151          155         
151          112         
151          43          
151          150         
151          114         
169          167         
169          168         
169          172         
78           80          
78           111         
78           86          
78           76          
110          112         
110          111         
110          113         
106          107         
106          166         
106          105         
106          98          
106          124         
155          118         
155          156         
155          130         
155          149         
155          43          
43           23          
43           161         
43           50          
43           115         
43           124         
43           41          
43           27          
43           32          
43           21          
43           153         
43           40          
43           150         
43           49          
43           45          
43           36          
43           103         
43           33          
43           149         
43           35          
43           30          
43           54          
43           37          
43           46          
43           39          
43           44          
43           111         
43           48          
43           56          
43           38          
43           42          
43           25          
43           47          
10           12          
130          127         
130          128         
130          129         
103          119         
103          98          
33           32          
113          112         
113          111         
144          143         
144          161         
62           63          
62           61          
134          136         
134          135         
134          129         
30           31          
30           32          
30           27          
92           86          
65           84          
65           68          
65           67          
65           80          
65           56          
65           64          
65           85          
65           112         
65           69          
65           70          
65           66          
65           81          
160          161         
53           54          
57           72          
57           56          
57           98          
16           167         
16           12          
16           17          
16           4           
11           12          
159          167         
159          156         
15           12          
140          139         
140          141         
135          136         
135          119         
111          112         
111          149         
111          150         
111          114         
12           14          
12           167         
12           7           
12           17          
12           13          
12           173         
12           20          
12           150         
12           172         
12           9           
12           2           
12           4           
12           175         
12           158         
12           1           
119          118         
119          120         
119          117         
119          153         
119          128         
119          124         
166          167         
112          114         
112          123         
112          156         
112          108         
112          2           
112          64          
112          115         
112          150         
112          148         
112          81          
25           23          
25           24          
163          167         
163          162         
97           98          
174          167         
158          167         
1            167         
84           83          
84           86          
84           85          
84           98          
84           76          
23           161         
23           35          
23           20          
23           24          
23           21          
167          162         
167          115         
167          173         
167          150         
167          172         
167          3           
167          2           
167          4           
167          175         
167          168         
7            9           
31           32          
17           27          
55           54          
105          107         
105          104         
105          98          
105          124         
61           80          
61           72          
61           98          
98           82          
98           80          
98           83          
98           63          
98           99          
115          121         
124          128         
124          123         
148          149         
100          86          
68           69          
127          128         
27           32          
122          121         
143          141         
86           70          
86           71          
86           83          
86           77          
86           85          
86           72          
86           76          
32           35          
85           83          
85           82          
82           83          
72           63          
72           71          
72           76          
128          129         
20           19          
150          149         
70           76          
81           80          
81           83          
81           76          
141          139         
76           75          
76           71          
76           83          
76           77          
126          107         
83           80          
4            3           
80           79          
