149          133         
149          119         
149          137         
149          160         
149          202         
149          154         
149          155         
149          156         
149          147         
149          167         
149          145         
149          79          
149          113         
149          172         
149          74          
149          173         
149          163         
149          170         
149          157         
149          146         
149          107         
149          168         
149          176         
149          120         
149          182         
149          151         
149          94          
149          175         
149          62          
149          153         
149          200         
149          150         
149          106         
149          40          
149          136         
149          144         
149          100         
149          162         
149          98          
149          85          
149          134         
149          75          
149          139         
149          148         
149          164         
149          126         
149          174         
149          166         
149          47          
149          171         
149          77          
149          61          
149          201         
149          159         
149          158         
149          212         
149          57          
149          142         
149          140         
149          178         
149          141         
149          198         
119          129         
119          96          
119          124         
119          120         
119          121         
119          111         
119          85          
119          245         
119          118         
119          113         
119          101         
119          75          
119          110         
119          106         
119          131         
119          126         
119          141         
119          127         
119          130         
188          216         
188          189         
76           87          
76           69          
76           82          
76           75          
76           73          
240          245         
23           22          
26           58          
26           29          
26           36          
26           60          
26           25          
3            1           
3            6           
3            13          
3            2           
3            10          
3            4           
84           236         
84           58          
84           85          
220          219         
220          222         
69           68          
69           82          
169          157         
169          178         
169          112         
169          167         
169          198         
147          157         
147          146         
147          137         
147          144         
147          143         
147          145         
147          135         
147          140         
147          139         
167          137         
167          160         
167          174         
167          155         
167          194         
167          145         
167          172         
167          163         
167          157         
167          146         
167          168         
167          212         
167          182         
167          175         
167          153         
167          150         
167          156         
167          144         
167          161         
167          162         
167          164         
167          187         
167          166         
167          171         
167          196         
167          201         
167          199         
167          178         
167          141         
167          198         
145          157         
145          146         
145          137         
145          144         
145          184         
145          141         
145          134         
145          153         
145          142         
145          178         
145          136         
236          245         
236          234         
79           137         
79           134         
79           78          
79           48          
79           85          
79           62          
79           77          
79           38          
79           37          
79           71          
177          175         
177          178         
177          198         
50           41          
50           29          
50           24          
50           61          
50           60          
50           245         
50           95          
50           58          
50           27          
50           52          
50           47          
99           40          
99           95          
99           36          
99           60          
99           98          
31           36          
31           29          
173          178         
131          129         
131          128         
131          160         
131          157         
131          132         
131          153         
131          118         
131          127         
131          130         
14           15          
14           29          
246          232         
246          228         
246          247         
246          238         
246          249         
246          245         
246          244         
89           132         
89           40          
89           87          
89           112         
89           73          
163          160         
163          154         
163          156         
163          164         
163          172         
163          165         
163          157         
163          168         
163          212         
163          175         
163          40          
163          170         
163          161         
163          162         
163          152         
163          201         
163          159         
163          158         
163          178         
163          198         
130          129         
130          128         
130          160         
130          157         
130          120         
130          121         
130          132         
130          118         
130          127         
232          228         
232          230         
232          234         
232          245         
232          233         
232          231         
192          175         
192          178         
192          195         
192          196         
146          157         
146          137         
146          144         
146          156         
146          178         
146          141         
107          82          
107          94          
107          245         
107          106         
107          110         
82           83          
82           81          
82           68          
82           80          
168          157         
168          195         
168          196         
168          159         
168          158         
168          178         
86           87          
86           73          
209          208         
120          128         
120          111         
120          85          
120          113         
120          150         
120          106         
120          136         
120          108         
120          121         
120          123         
120          98          
120          245         
120          116         
120          75          
120          126         
120          129         
120          124         
120          127         
120          118         
120          112         
120          141         
120          110         
53           52          
53           75          
90           92          
90           91          
90           94          
90           97          
90           102         
90           106         
204          178         
204          203         
204          208         
204          212         
204          182         
204          245         
204          184         
204          205         
221          222         
60           67          
60           27          
60           58          
60           29          
60           24          
60           43          
60           61          
60           36          
60           51          
60           41          
60           54          
60           62          
60           57          
60           59          
60           106         
60           40          
60           52          
60           75          
97           96          
97           100         
97           94          
97           85          
97           95          
97           75          
97           102         
97           106         
97           40          
97           98          
249          245         
249          250         
175          133         
175          154         
175          183         
175          195         
175          212         
175          182         
175          174         
175          170         
175          161         
175          184         
175          179         
175          166         
175          171         
175          157         
175          201         
175          176         
175          172         
175          178         
175          198         
219          218         
219          222         
101          100         
101          102         
87           56          
87           83          
87           217         
87           73          
87           88          
125          126         
150          129         
150          157         
150          153         
150          142         
150          178         
150          141         
103          104         
40           137         
40           94          
40           37          
40           68          
40           157         
40           15          
40           153         
40           43          
40           100         
40           36          
40           44          
40           245         
40           102         
40           122         
40           39          
40           41          
40           32          
40           29          
40           46          
40           42          
40           34          
40           38          
104          94          
104          111         
104          106         
104          110         
104          105         
104          108         
186          245         
186          184         
33           36          
239          245         
239          238         
1            0           
248          245         
191          190         
144          157         
144          137         
144          170         
144          174         
144          43          
144          184         
144          143         
144          245         
144          136         
144          134         
144          142         
144          139         
144          140         
144          98          
144          112         
144          141         
161          157         
161          160         
161          154         
161          159         
43           137         
43           36          
43           44          
43           27          
43           140         
43           47          
43           29          
143          137         
143          245         
143          140         
143          141         
100          57          
100          78          
100          159         
100          94          
100          98          
100          62          
100          102         
100          93          
100          106         
100          136         
19           18          
123          245         
98           157         
98           137         
98           159         
98           94          
98           245         
98           95          
98           102         
98           106         
98           134         
98           108         
98           142         
245          247         
245          224         
245          241         
245          0           
245          211         
245          234         
245          252         
245          229         
245          250         
245          223         
245          216         
245          208         
245          237         
245          153         
245          106         
245          205         
245          238         
245          121         
245          116         
245          75          
245          233         
245          228         
245          242         
245          59          
245          230         
245          251         
245          136         
245          184         
245          142         
245          244         
245          235         
245          140         
245          243         
245          141         
138          140         
138          137         
213          212         
213          201         
213          216         
213          214         
213          127         
95           96          
95           92          
95           94          
95           102         
95           112         
95           136         
27           29          
27           36          
27           41          
27           24          
27           75          
27           58          
27           28          
75           36          
75           111         
75           85          
75           62          
75           22          
75           106         
75           58          
75           52          
75           73          
75           110         
233          234         
117          116         
122          121         
72           73          
52           54          
52           36          
52           51          
52           24          
52           59          
52           58          
52           25          
126          160         
126          157         
126          124         
126          151         
126          118         
126          140         
126          112         
126          110         
115          116         
115          128         
115          110         
17           15          
17           18          
20           24          
20           18          
20           21          
228          229         
228          238         
228          234         
228          205         
32           36          
32           29          
152          153         
166          157         
166          153         
166          178         
47           49          
47           137         
47           29          
47           74          
47           48          
47           70          
47           44          
47           46          
47           45          
47           62          
47           38          
47           37          
47           71          
47           28          
47           41          
47           39          
185          184         
217          216         
54           24          
61           29          
61           24          
61           59          
61           55          
61           62          
61           57          
61           37          
61           58          
201          202         
201          174         
201          156         
201          164         
201          184         
201          165         
201          200         
201          157         
201          212         
201          151         
201          0           
201          162         
201          171         
201          199         
201          172         
201          178         
201          141         
201          198         
48           62          
48           46          
199          157         
199          178         
199          198         
159          157         
159          158         
159          94          
159          62          
159          85          
159          165         
159          160         
180          178         
158          157         
109          110         
109          111         
109          108         
225          226         
34           36          
118          129         
118          124         
118          121         
118          113         
118          110         
140          137         
140          128         
140          184         
140          142         
140          139         
140          141         
178          133         
178          197         
178          160         
178          202         
178          174         
178          194         
178          206         
178          181         
178          165         
178          212         
178          182         
178          205         
178          156         
178          170         
178          157         
178          184         
178          203         
178          162         
178          179         
178          151         
178          164         
178          195         
178          171         
178          196         
178          193         
178          176         
178          172         
178          187         
178          141         
178          198         
141          137         
141          172         
141          157         
141          182         
141          139         
141          136         
141          121         
141          85          
141          184         
141          142         
110          116         
110          111         
110          94          
110          106         
110          102         
110          108         
133          134         
133          157         
137          155         
137          211         
137          74          
137          208         
137          157         
137          134         
137          151         
137          62          
137          153         
137          136         
137          139         
137          206         
137          85          
137          39          
137          171         
137          135         
137          51          
128          129         
128          124         
128          157         
128          127         
224          226         
224          234         
202          212         
202          196         
154          157         
154          134         
154          153         
155          157         
155          160         
155          156         
155          151         
78           94          
78           55          
78           62          
78           37          
194          157         
194          206         
194          193         
194          198         
16           15          
16           21          
111          108         
111          116         
111          106         
21           22          
164          157         
164          162         
164          198         
45           44          
252          251         
183          182         
183          184         
172          157         
172          160         
172          171         
172          174         
172          198         
37           49          
37           29          
37           36          
37           44          
37           46          
37           41          
37           62          
37           38          
37           28          
37           39          
5            6           
10           6           
10           13          
10           9           
10           12          
10           11          
208          184         
208          207         
208          182         
208          211         
208          235         
208          210         
208          206         
165          157         
56           55          
56           62          
56           57          
56           73          
157          160         
157          151         
157          212         
157          170         
157          153         
157          156         
157          136         
157          162         
157          195         
157          129         
157          174         
157          171         
157          127         
157          198         
203          182         
134          62          
134          136         
35           36          
195          197         
195          187         
195          212         
195          196         
195          198         
6            7           
6            8           
212          205         
212          238         
212          198         
212          196         
15           18          
182          184         
182          198         
13           12          
215          216         
94           102         
94           62          
94           91          
94           93          
94           106         
94           92          
237          238         
73           58          
73           44          
73           62          
151          160         
66           62          
62           67          
62           65          
62           55          
62           77          
62           38          
62           106         
62           70          
62           63          
62           44          
62           41          
62           57          
62           58          
62           71          
62           85          
62           39          
62           64          
62           46          
62           51          
62           24          
153          156         
18           22          
30           29          
106          102         
106          113         
106          58          
106          85          
227          226         
136          142         
25           36          
25           24          
25           58          
70           71          
96           102         
229          234         
238          234         
132          129         
132          121         
207          211         
207          206         
114          113         
121          129         
121          160         
121          127         
36           67          
36           44          
36           41          
36           58          
36           28          
36           39          
36           29          
36           46          
36           51          
36           24          
36           38          
44           55          
44           38          
44           46          
44           39          
162          160         
41           29          
41           46          
41           57          
41           38          
41           39          
210          211         
57           77          
57           46          
57           85          
57           39          
58           67          
58           29          
58           51          
58           24          
58           59          
222          223         
102          112         
206          211         
206          193         
71           74          
28           29          
190          189         
39           46          
39           38          
39           29          
129          160         
129          127         
29           38          
29           46          
29           51          
29           24          
171          196         
171          156         
171          198         
196          197         
196          198         
92           93          
92           91          
46           51          
46           38          
24           55          
142          184         
235          234         
112          113         
198          197         
198          174         
198          156         
67           113         
160          156         
211          234         
