0       2.5988        0.0873836    
1       4.17376       0.0909783    
2       0.453783      0.0913056    
3       2.08363       0.103523     
4       3.54908       0.10566      
5       1.63273       0.132153     
6       7.96432       0.133457     
7       0.388833      0.134639     
8       1.88376       0.13914      
9       0.831472      0.155694     
10      0.648926      0.159564     
11      46.363        0.168426     
12      7.27191       0.171789     
13      3.76715       0.172396     
14      0.780169      0.182548     
15      6.15833       0.212316     
16      0.282088      0.212351     
17      0.667919      0.288676     
18      7.16263       0.289284     
19      5.86542       0.303416     
20      5.67782       0.309575     
21      0.385035      0.309889     
22      3.32857       0.318301     
23      4.99016       0.331242     
24      3.77554       0.347046     
25      0.693141      0.347142     
26      1.05877       0.349134     
27      0.897208      0.372561     
28      0.489404      0.375071     
29      10.0866       0.376248     
30      0.301725      0.377118     
31      4.14938       0.379623     
32      5.08802       0.474182     
33      8.53445       0.475511     
34      0.708501      0.512285     
35      13.389        0.517558     
36      5.79395       0.520698     
37      14.3667       0.53266      
38      1.80672       0.535929     
39      16.0472       0.542819     
40      0.538789      0.546816     
41      5.73811       0.558419     
42      12.6895       0.575474     
43      5.26005       0.586198     
44      4.9272        0.610389     
45      4.1823        0.638222     
46      12.7926       0.641835     
47      2.54156       0.706728     
48      0.480236      0.710227     
49      7.43055       0.711048     
50      2.52418       0.714867     
51      12.7862       0.750146     
52      2.51684       0.775137     
53      2.51918       0.775198     
54      5.64215       0.838122     
55      11.1156       0.844285     
56      5.27125       0.863147     
57      0.75191       0.885457     
58      1.97102       0.885834     
59      6.14016       0.90174      
60      18.2077       0.928565     
61      2.98613       0.935647     
62      2.53725       0.949654     
63      1.40707       0.957011     
64      18.052        0.95825      
65      4.10809       0.965999     
66      1.93631       0.9714       
67      3.31389       0.97608      
68      28.7486       1.01474      
69      3.13224       1.01852      
70      11.5439       1.01968      
71      8.74674       1.07746      
72      10.02         1.27738      
73      3.95791       1.28073      
74      6.20634       1.30588      
75      16.2437       1.31263      
76      5.14467       1.41833      
77      8.84917       1.42349      
78      9.26125       1.44472      
79      8.52129       1.55239      
80      15.0284       1.555        
81      2.28293       1.58549      
82      7.97474       1.59288      
83      11.6065       1.59696      
84      13.4482       1.63793      
85      13.4593       1.64474      
86      4.03785       1.7021       
87      5.9661        1.73739      
88      33.7824       1.76531      
89      31.657        1.78594      
90      1.11653       1.7989       
91      2.70287       1.8131       
92      17.306        1.84554      
93      9.65438       1.85488      
94      1.79996       1.87536      
95      0.197762      1.88268      
96      100.098       1.88523      
97      9.11439       1.90843      
98      3.43331       1.90884      
99      39.6454       1.92497      
100     18.2118       1.92971      
101     3.53012       1.93701      
102     9.19979       1.93973      
103     0.830171      1.96165      
104     8.9254        1.99009      
105     14.957        2.04378      
106     4.33905       2.08461      
107     9.13767       2.09857      
108     4.31998       2.10221      
109     3.38096       2.13697      
110     5.74363       2.16522      
111     13.1792       2.21192      
112     12.1871       2.21677      
113     51.0246       2.25772      
114     9.46302       2.29447      
115     7.65248       2.29619      
116     9.92974       2.37179      
117     14.2814       2.38075      
118     8.85545       2.39568      
119     13.3169       2.40667      
120     14.364        2.52683      
121     39.6098       2.53266      
122     16.7003       2.54977      
123     64.7105       2.55638      
124     63.0638       2.55962      
125     16.59         2.56568      
126     9.6492        2.63752      
127     16.2239       2.63885      
128     9.67285       2.6992       
129     5.3795        2.73795      
130     3.39747       2.76459      
131     4.73023       2.76696      
132     4.38269       2.7933       
133     10.7345       2.82635      
134     20.3593       2.83605      
135     11.9635       2.84071      
136     15.2343       2.86801      
137     5.42412       2.94093      
138     7.44763       2.97033      
139     4.52198       2.99718      
140     7.40996       3.00898      
141     6.63534       3.01907      
142     5.93907       3.03941      
143     5.60375       3.06249      
144     3.32004       3.06484      
145     8.12667       3.10163      
146     7.39487       3.11189      
147     0.769257      3.13665      
148     28.9094       3.17379      
149     25.4232       3.17971      
150     113.996       3.18721      
151     27.8773       3.23465      
152     5.28436       3.25259      
153     11.1383       3.28793      
154     6.46737       3.29873      
155     42.5724       3.40345      
156     24.9177       3.40438      
157     18.4915       3.45045      
158     1.62625       3.45706      
159     7.68159       3.60074      
160     5.96751       3.60135      
161     3.84866       3.62932      
162     5.68624       3.65347      
163     18.2039       3.6568       
164     7.37432       3.66751      
165     6.6921        3.68245      
166     11.0632       3.68657      
167     16.026        3.7341       
168     2.3035        3.788        
169     30.3886       3.78976      
170     0.566448      3.85883      
171     30.075        3.85944      
172     0.36129       3.89008      
173     12.9494       3.89014      
174     28.5505       3.97209      
175     16.7862       4.01326      
176     17.6423       4.0763       
177     4.2017        4.08675      
178     4.18166       4.08824      
179     4.49266       4.13388      
180     2.06443       4.14562      
181     4.93906       4.15564      
182     11.1661       4.15754      
183     8.19522       4.17218      
184     2.2508        4.23194      
185     2.88964       4.24147      
186     4.43276       4.24218      
187     5.52713       4.25349      
188     17.7252       4.26018      
189     9.91269       4.2737       
190     11.9114       4.27592      
191     10.6433       4.29473      
192     8.7668        4.29713      
193     9.56819       4.36743      
194     3.30678       4.36884      
195     13.5888       4.38555      
196     6.65365       4.40085      
197     2.50416       4.44657      
198     6.2917        4.45216      
199     3.92509       4.45288      
200     8.04352       4.56799      
201     5.66963       4.57348      
202     10.0913       4.6214       
203     9.06821       4.62284      
204     8.31129       4.6388       
205     1.93365       4.64284      
206     6.55533       4.67503      
207     2.09486       4.6765       
208     0.803113      4.73585      
209     41.2431       4.74747      
210     15.9441       4.76552      
211     11.1232       4.76794      
212     8.82695       4.82265      
213     12.9028       4.82566      
214     9.40664       4.88192      
215     13.7251       4.88741      
216     11.3556       4.89297      
217     17.2243       4.91381      
218     0.538636      4.91584      
219     9.73894       4.97762      
220     0.418152      5.00807      
221     2.94561       5.00831      
222     20.7605       5.03928      
223     18.8366       5.05451      
224     18.8636       5.05781      
225     25.7218       5.07465      
226     0.644317      5.08265      
227     4.53443       5.16834      
228     4.29599       5.17286      
229     3.36462       5.18243      
230     2.80265       5.18645      
231     3.23927       5.20587      
232     4.54903       5.22098      
233     7.65753       5.24106      
234     4.92855       5.26537      
235     32.9828       5.28166      
236     27.0159       5.28744      
237     10.3522       5.29177      
238     2.54294       5.30531      
239     10.5816       5.34112      
240     0.770232      5.36395      
241     26.0749       5.38393      
242     23.7815       5.38438      
243     26.0474       5.39068      
244     4.77748       5.42936      
245     2.58554       5.44388      
246     4.61305       5.45952      
247     3.1953        5.47309      
248     10.4514       5.51086      
249     8.3916        5.5111       
250     29.2458       5.51242      
251     1.58253       5.51336      
252     24.4491       5.52145      
253     0.626037      5.53185      
254     8.77571       5.55019      
255     1.45674       5.55433      
256     1.88342       5.56052      
257     2.00878       5.59904      
258     5.09182       5.59991      
259     9.52432       5.62075      
260     6.00724       5.6923       
261     3.54818       5.69614      
262     4.4517        5.71234      
263     0.86357       5.7127       
264     8.35291       5.71307      
265     1.62293       5.71634      
266     3.67288       5.75208      
267     3.44847       5.7596       
268     6.65347       5.76016      
269     0.890198      5.7604       
270     1.78169       5.76372      
271     2.93668       5.80637      
272     10.0208       5.8111       
273     2.97508       5.81326      
274     1.12584       5.96458      
275     0.745779      5.96653      
276     2.19511       5.96935      
277     9.55024       5.97011      
278     0.568776      5.97226      
279     2.9591        5.97572      
280     2.5988        6.01813      
281     4.5119        6.02085      
282     4.40235       6.02855      
283     2.04014       6.02923      
284     0.733053      6.03827      
285     4.02288       6.03924      
286     0.850916      6.04042      
287     0.768401      6.10888      
288     10.7206       6.11179      
289     2.12737       6.11212      
290     0.763857      6.11566      
291     3.90411       6.12322      
292     0.877585      6.13871      
293     0.680918      6.14056      
294     0.508822      6.14256      
295     14.0526       6.14458      
296     4.11725       6.14657      
297     2.90649       6.19835      
298     2.52114       6.206        
299     2.34644       6.21314      
300     13.0253       6.21346      
301     2.47182       6.21933      
302     3.18566       6.28186      
303     5.2009        6.28255      
