111          99          
111          109         
111          125         
111          113         
48           70          
48           54          
48           41          
48           47          
48           125         
48           58          
48           57          
48           46          
73           74          
73           84          
68           67          
68           69          
68           85          
92           91          
118          117         
118          116         
118          124         
117          104         
117          115         
117          119         
117          113         
117          116         
7            8           
7            17          
7            125         
7            21          
7            6           
7            5           
7            16          
31           24          
31           33          
31           29          
102          104         
102          96          
102          101         
102          98          
82           81          
82           84          
82           83          
88           84          
94           96          
94           93          
39           38          
60           59          
60           58          
60           61          
6            9           
6            8           
6            5           
6            4           
52           51          
52           49          
32           33          
32           29          
20           18          
20           19          
20           17          
20           21          
112          125         
112          113         
78           81          
78           74          
62           63          
62           61          
46           41          
46           47          
46           125         
46           59          
46           57          
46           49          
43           44          
43           45          
43           42          
10           12          
74           75          
74           61          
74           81          
74           72          
74           76          
74           84          
74           77          
12           19          
12           18          
12           13          
12           9           
12           11          
12           14          
12           16          
12           15          
63           59          
63           61          
41           125         
41           67          
41           36          
41           40          
41           38          
41           33          
41           42          
85           86          
85           104         
85           83          
85           65          
85           109         
85           67          
85           90          
85           101         
85           81          
85           87          
85           116         
85           57          
85           96          
85           84          
85           98          
23           24          
124          99          
124          0           
124          114         
124          121         
124          125         
124          119         
124          4           
124          56          
124          122         
124          116         
124          123         
4            16          
4            5           
122          121         
122          65          
38           29          
55           56          
55           54          
55           53          
55           58          
33           116         
33           35          
33           27          
116          114         
116          125         
116          119         
116          120         
116          51          
116          67          
116          115         
116          123         
116          84          
116          113         
71           70          
71           81          
71           84          
71           79          
71           72          
57           51          
57           125         
57           84          
1            0           
25           26          
25           27          
25           29          
86           84          
9            8           
104          103         
104          96          
104          107         
104          113         
104          119         
104          105         
104          106         
104          98          
104          93          
104          101         
83           67          
65           67          
65           64          
65           56          
65           66          
13           125         
29           30          
29           27          
29           28          
126          125         
114          113         
17           18          
17           19          
17           8           
17           21          
17           5           
17           16          
125          120         
125          70          
125          5           
58           54          
58           64          
58           59          
58           42          
113          119         
113          101         
35           34          
35           36          
35           37          
3            2           
100          99          
100          96          
22           21          
22           15          
14           21          
14           16          
93           81          
93           98          
93           84          
93           96          
93           101         
110          109         
5            8           
5            2           
5            21          
97           98          
18           19          
18           16          
61           59          
61           84          
2            0           
109          99          
109          108         
109          96          
67           51          
67           115         
67           64          
67           66          
67           8           
121          119         
59           54          
120          119         
91           90          
56           54          
79           84          
79           81          
106          107         
89           90          
84           75          
84           80          
84           81          
84           98          
84           72          
84           76          
84           70          
84           103         
84           96          
84           101         
84           77          
96           99          
96           70          
96           95          
96           98          
96           101         
101          99          
101          98          
77           99          
99           98          
75           76          
75           81          
75           70          
54           53          
80           81          
50           51          
50           49          
64           51          
81           76          
49           51          
16           15          
