0       0.561536      0.0920053    
1       4.84641       0.0930392    
2       2.46239       0.0981871    
3       0.578802      0.118043     
4       3.08333       0.118185     
5       2.20575       0.137951     
6       0.737907      0.138732     
7       0.567295      0.162571     
8       3.18863       0.162631     
9       0.608896      0.206913     
10      15.8425       0.208405     
11      7.48987       0.264424     
12      1.35406       0.270523     
13      8.67938       0.271986     
14      11.5815       0.279499     
15      2.36991       0.305784     
16      1.12327       0.46898      
17      0.955816      0.47585      
18      0.835277      0.483169     
19      0.773107      0.489693     
20      0.559717      0.493876     
21      53.155        0.498451     
22      0.727988      0.500526     
23      0.806352      0.508587     
24      0.884048      0.516981     
25      1.39215       0.533749     
26      1.28575       0.533915     
27      4.15015       0.565253     
28      1.87681       0.583895     
29      1.70851       0.596302     
30      11.5858       0.598193     
31      3.68368       0.615408     
32      2.03978       0.650925     
33      4.37566       0.652339     
34      3.4577        0.697601     
35      1.72493       0.711556     
36      6.40851       0.713827     
37      6.09007       0.730118     
38      1.67935       0.730433     
39      0.898698      0.735328     
40      2.23195       0.770062     
41      7.16387       0.776092     
42      2.29667       0.780106     
43      2.51788       0.841016     
44      8.36799       0.844756     
45      2.67293       0.851806     
46      2.64113       1.01016      
47      3.42236       1.01811      
48      1.13175       1.02108      
49      2.3008        1.02171      
50      0.420373      1.04391      
51      3.07574       1.04398      
52      2.20712       1.07755      
53      2.11484       1.09599      
54      7.67458       1.09602      
55      6.65637       1.09798      
56      17.3623       1.15951      
57      0.853358      1.24543      
58      0.724551      1.25197      
59      1.18661       1.26847      
60      46.2282       1.27476      
61      8.99912       1.28165      
62      2.85587       1.29546      
63      0.981914      1.31395      
64      21.8415       1.31609      
65      1.97669       1.32931      
66      9.00369       1.36218      
67      7.95481       1.36743      
68      19.2145       1.41762      
69      5.03408       1.419        
70      8.06637       1.4614       
71      4.66485       1.49743      
72      4.74051       1.52357      
73      1.96285       1.54818      
74      1.41261       1.55332      
75      2.12375       1.55347      
76      3.90456       1.56555      
77      0.781065      1.60048      
78      3.94566       1.60235      
79      0.871047      1.60475      
80      0.377745      1.62939      
81      4.39622       1.62944      
82      0.821386      1.63179      
83      0.534955      1.66152      
84      3.9542        1.66231      
85      1.76493       1.68003      
86      2.48992       1.68312      
87      10.3994       1.7232       
88      7.42063       1.75519      
89      18.7048       1.77701      
90      1.40772       1.78837      
91      11.5724       1.85121      
92      0.980859      1.89011      
93      35.2427       1.89047      
94      0.476562      1.93519      
95      15.9484       1.96669      
96      7.16579       1.96773      
97      74.832        1.97163      
98      5.63318       2.01737      
99      59.3439       2.03174      
100     10.6378       2.08469      
101     9.44453       2.09344      
102     4.91856       2.13166      
103     1.54958       2.17573      
104     26.8587       2.19014      
105     5.36534       2.21398      
106     6.40193       2.22977      
107     2.91578       2.2695       
108     3.71219       2.29457      
109     11.6189       2.32427      
110     7.58441       2.33476      
111     4.01236       2.42436      
112     10.6626       2.42452      
113     2.49164       2.49997      
114     3.72852       2.50822      
115     1.23302       2.51084      
116     3.98744       2.51312      
117     3.70741       2.58829      
118     2.10544       2.58944      
119     4.47016       2.59866      
120     0.465068      2.5992       
121     12.742        2.88247      
122     26.3982       2.91949      
123     0.453341      2.91972      
124     3.27451       2.9423       
125     1.97624       2.95865      
126     4.19218       2.97653      
127     3.15271       3.00313      
128     0.647691      3.02334      
129     0.430788      3.02901      
130     25.82         3.03178      
131     9.13884       3.0609       
132     14.1638       3.08792      
133     0.445244      3.09047      
134     4.47458       3.1522       
135     4.44297       3.18766      
136     2.8651        3.18909      
137     1.72162       3.23648      
138     0.403701      3.24611      
139     14.7097       3.24881      
140     8.41351       3.27192      
141     11.2619       3.27469      
142     14.3208       3.28036      
143     9.41351       3.37923      
144     12.1987       3.40535      
145     8.23326       3.44343      
146     18.4379       3.45367      
147     11.3117       3.50412      
148     8.54084       3.50752      
149     2.54099       3.53532      
150     5.69278       3.56154      
151     8.24209       3.56169      
152     4.50765       3.59049      
153     9.54669       3.60644      
154     8.06884       3.69782      
155     0.654456      3.73922      
156     0.429969      3.74538      
157     24.7083       3.74689      
158     4.22877       3.78903      
159     4.75771       3.79741      
160     0.934422      3.79799      
161     0.61853       3.83141      
162     33.3118       3.83612      
163     0.645558      3.83773      
164     0.689847      3.84512      
165     0.865138      3.85165      
166     6.93054       3.88483      
167     0.388778      4.01121      
168     4.23054       4.01153      
169     0.780042      4.01358      
170     2.67719       4.02618      
171     2.66215       4.02729      
172     3.89942       4.04092      
173     2.07615       4.04349      
174     3.16824       4.09701      
175     16.2639       4.10069      
176     5.4447        4.18113      
177     11.4876       4.19195      
178     6.84586       4.21631      
179     11.6388       4.29462      
180     8.475         4.3562       
181     3.26678       4.35735      
182     7.61382       4.3683       
183     0.373712      4.36954      
184     0.580707      4.49701      
185     16.2598       4.50209      
186     1.42177       4.51249      
187     10.2744       4.51758      
188     14.589        4.56232      
189     17.1811       4.69448      
190     9.637         4.73013      
191     3.64509       4.74394      
192     8.78691       4.74771      
193     2.0368        4.76314      
194     4.19987       4.8044       
195     7.24107       4.80837      
196     11.8838       4.84379      
197     3.71656       4.93893      
198     4.4674        4.94359      
199     2.28511       4.95995      
200     16.4472       4.96097      
201     4.57849       4.96859      
202     4.45343       5.04035      
203     20.1483       5.05119      
204     18.3896       5.09328      
205     5.60674       5.11774      
206     14.5871       5.12931      
207     0.547134      5.13394      
208     0.629884      5.20894      
209     5.19313       5.20974      
210     2.75948       5.28123      
211     6.29261       5.30238      
212     7.17649       5.30255      
213     16.3261       5.31255      
214     4.15822       5.35292      
215     21.7533       5.37137      
216     7.31208       5.3745       
217     7.86578       5.42164      
218     5.90617       5.42485      
219     7.86755       5.42648      
220     6.88896       5.4274       
221     2.56453       5.47065      
222     9.18086       5.48883      
223     9.196         5.48928      
224     4.55652       5.54014      
225     3.20664       5.64256      
226     9.13012       5.643        
227     0.720551      5.64786      
228     13.6856       5.92672      
229     31.686        5.94097      
230     12.5682       6.06676      
231     4.63742       6.09531      
232     39.6138       6.1086       
233     0.749056      6.11538      
234     9.96231       6.12284      
235     6.38975       6.14411      
236     26.1458       6.16155      
237     4.08972       6.17003      
238     14.3117       6.17966      
239     9.28945       6.19965      
