0       3.40233       0.026655     
1       4.71302       0.0330009    
2       0.463063      0.0335207    
3       2.5567        0.0496596    
4       2.83771       0.0523571    
5       0.759561      0.133684     
6       2.12584       0.137221     
7       5.14251       0.137409     
8       0.894454      0.141763     
9       4.10654       0.171389     
10      7.22833       0.179106     
11      0.687899      0.205101     
12      5.80533       0.208188     
13      2.1913        0.21         
14      0.472068      0.237971     
15      2.90594       0.238408     
16      7.85962       0.259962     
17      2.27491       0.261287     
18      2.42885       0.272171     
19      7.05485       0.309016     
20      5.76949       0.334215     
21      6.8175        0.351015     
22      3.28683       0.351496     
23      0.62494       0.393294     
24      5.00326       0.393739     
25      1.04199       0.438093     
26      2.91252       0.440414     
27      0.419655      0.440666     
28      0.946501      0.464422     
29      2.74021       0.466553     
30      0.420459      0.46669      
31      4.5341        0.513323     
32      8.1056        0.52394      
33      0.288983      0.524589     
34      0.938885      0.571376     
35      0.772101      0.578256     
36      34.4196       0.586119     
37      0.749533      0.587503     
38      0.832573      0.594544     
39      3.61673       0.654839     
40      1.54796       0.664734     
41      4.59948       0.667307     
42      0.621715      0.669536     
43      2.43609       0.716663     
44      7.74343       0.718671     
45      14.344        0.794781     
46      6.42649       0.865673     
47      10.1867       0.871199     
48      1.81397       0.882574     
49      3.75157       0.908937     
50      2.12135       0.909171     
51      9.78481       0.928574     
52      5.86155       0.934909     
53      5.02582       0.938156     
54      8.5881        1.07982      
55      0.563511      1.2196       
56      11.3879       1.22069      
57      2.91374       1.22971      
58      3.28466       1.30707      
59      1.70167       1.32277      
60      11.4234       1.32626      
61      0.491095      1.32911      
62      2.60292       1.33953      
63      1.64528       1.35527      
64      11.0542       1.35752      
65      7.08183       1.42583      
66      0.959877      1.426        
67      3.66243       1.42781      
68      2.98939       1.45216      
69      1.55513       1.45318      
70      3.1672        1.48286      
71      4.18152       1.55295      
72      23.3194       1.58824      
73      6.68499       1.59244      
74      23.2069       1.61093      
75      1.26344       1.65018      
76      68.67         1.65902      
77      33.7743       1.6703       
78      5.53032       1.70025      
79      18.584        1.7109       
80      1.38506       1.74233      
81      0.948334      1.75522      
82      1.82042       1.76659      
83      2.23026       1.79695      
84      5.20287       1.83023      
85      5.40566       1.8702       
86      2.17044       1.92754      
87      6.80891       1.92998      
88      8.52206       2.02858      
89      11.6743       2.03777      
90      3.93045       2.1036       
91      9.05936       2.14963      
92      16.6383       2.17222      
93      10.4362       2.20927      
94      1.42818       2.22204      
95      2.90724       2.26105      
96      0.544426      2.27632      
97      50.5514       2.28418      
98      4.05673       2.30965      
99      7.82968       2.30991      
100     9.66991       2.33494      
101     4.41008       2.35149      
102     3.81883       2.40069      
103     5.64787       2.40111      
104     0.923027      2.47842      
105     1.55318       2.48196      
106     3.73162       2.48276      
107     0.939486      2.48672      
108     10.2838       2.52805      
109     17.463        2.62225      
110     8.29011       2.6498       
111     28.2596       2.84297      
112     20.8509       2.90924      
113     6.55509       2.91211      
114     11.8815       2.91598      
115     91.4707       2.9284       
116     0.498897      2.95916      
117     4.04669       3.00534      
118     2.99603       3.01171      
119     26.8046       3.02041      
120     14.0246       3.0479       
121     5.02491       3.05237      
122     3.49435       3.08896      
123     8.31668       3.15368      
124     1.77868       3.15748      
125     8.99649       3.20835      
126     4.02402       3.28839      
127     11.0057       3.2916       
128     7.02683       3.2919       
129     6.30386       3.31092      
130     5.48842       3.38944      
131     0.481553      3.41241      
132     15.7044       3.4152       
133     4.41345       3.42555      
134     0.425461      3.47088      
135     5.8204        3.47148      
136     0.610751      3.47331      
137     10.2115       3.54309      
138     12.2022       3.55032      
139     3.19033       3.63725      
140     7.30875       3.64934      
141     1.9248        3.6563       
142     2.56941       3.69164      
143     7.37327       3.69908      
144     17.539        3.73544      
145     1.3285        3.74655      
146     24.3565       3.75447      
147     11.0103       3.9607       
148     3.71936       4.00052      
149     12.1771       4.0067       
150     0.677041      4.04903      
151     5.53996       4.05168      
152     3.47006       4.0588       
153     1.92134       4.06623      
154     3.77482       4.08511      
155     3.86149       4.09824      
156     0.571195      4.0991       
157     5.99162       4.12643      
158     3.69011       4.12879      
159     3.88555       4.15922      
160     8.63953       4.16222      
161     0.740214      4.16831      
162     17.9453       4.21326      
163     4.91649       4.23166      
164     3.15166       4.27914      
165     1.73977       4.29318      
166     4.72227       4.29801      
167     3.61779       4.30982      
168     14.3065       4.36157      
169     8.11854       4.37181      
170     19.5143       4.39224      
171     6.44294       4.48084      
172     20.7973       4.48773      
173     0.738998      4.49756      
174     1.11803       4.5592       
175     0.849772      4.56203      
176     4.67958       4.56696      
177     1.64771       4.56704      
178     0.850869      4.57189      
179     1.12303       4.57475      
180     3.21376       4.64047      
181     19.9007       4.64324      
182     6.83969       4.80766      
183     2.83912       4.80795      
184     2.83217       4.80855      
185     0.581293      4.8609       
186     2.47959       4.86162      
187     1.05585       4.86455      
188     9.95223       4.89995      
189     2.44292       4.93685      
190     1.33509       4.93706      
191     0.823334      4.96154      
192     0.671855      4.96865      
193     36.9274       4.98191      
194     2.70481       5.00145      
195     14.5527       5.00824      
196     0.49567       5.0165       
197     14.4057       5.05906      
198     1.12207       5.07359      
199     12.6604       5.08182      
200     3.51024       5.09758      
201     2.0424        5.11765      
202     1.33861       5.11863      
203     9.17128       5.1421       
204     0.68719       5.23534      
205     2.39215       5.23715      
206     1.65438       5.24033      
207     9.68006       5.25164      
208     0.489784      5.2524       
209     4.23202       5.27126      
210     1.62811       5.28         
211     4.04573       5.28412      
212     5.11874       5.31716      
213     8.4757        5.48367      
214     8.37712       5.53453      
215     12.3152       5.5587       
216     3.41902       5.56887      
217     1.73042       5.6594       
218     0.581191      5.66885      
219     13.4531       5.67455      
220     6.60802       5.69006      
221     15.2417       5.71262      
222     2.50631       5.73181      
223     24.3691       5.74268      
224     22.7571       5.76337      
225     6.25851       5.76689      
226     1.50638       5.7896       
227     5.5638        5.82388      
228     0.848554      5.85614      
229     15.4388       5.86877      
230     3.7578        5.8689       
231     0.663771      5.86963      
232     2.99886       5.8977       
233     2.23122       5.91874      
234     2.19593       5.93226      
235     2.51262       5.95577      
236     1.119         5.96956      
237     8.21104       5.96973      
238     6.62459       5.98911      
239     22.1144       5.99921      
240     12.3137       6.03597      
241     6.72336       6.04349      
242     6.87909       6.0959       
243     0.782326      6.15208      
244     4.50971       6.15251      
