301          300         
301          288         
281          285         
281          280         
281          282         
281          295         
213          212         
213          223         
213          217         
213          156         
213          209         
213          200         
213          169         
213          210         
213          211         
213          214         
213          224         
213          150         
213          215         
177          11          
177          176         
177          178         
177          174         
9            11          
171          170         
171          126         
171          159         
171          167         
171          241         
171          150         
171          163         
171          124         
171          225         
171          178         
171          165         
171          174         
171          183         
171          166         
171          176         
171          127         
171          162         
171          182         
171          164         
171          160         
171          80          
171          122         
171          169         
171          175         
171          173         
171          125         
253          252         
161          164         
161          148         
161          165         
161          151         
20           21          
20           18          
20           19          
20           11          
20           22          
20           37          
263          264         
263          262         
262          264         
262          265         
262          261         
262          272         
201          150         
201          209         
201          200         
201          206         
154          153         
154          89          
154          156         
154          136         
154          123         
154          157         
154          149         
119          153         
119          121         
119          117         
119          104         
119          99          
119          148         
119          118         
119          136         
119          120         
119          112         
119          123         
119          96          
119          128         
119          88          
119          149         
33           124         
33           46          
33           39          
33           11          
33           32          
33           42          
33           36          
11           29          
11           15          
11           8           
11           60          
11           71          
11           24          
11           241         
11           124         
11           35          
11           141         
11           0           
11           54          
11           23          
11           18          
11           14          
11           45          
11           22          
11           12          
11           43          
11           42          
11           174         
11           198         
11           4           
11           51          
11           39          
11           303         
11           46          
11           31          
11           10          
11           50          
11           5           
11           80          
11           19          
11           49          
11           64          
11           13          
11           6           
11           37          
145          113         
145          84          
145          99          
145          148         
145          134         
145          146         
145          150         
145          96          
145          155         
7            6           
241          254         
241          150         
241          249         
241          199         
241          248         
241          252         
241          235         
241          197         
241          174         
241          240         
241          176         
241          182         
241          221         
241          242         
241          236         
241          243         
241          222         
241          209         
241          244         
241          169         
241          250         
241          239         
241          175         
59           60          
59           68          
59           148         
59           151         
59           64          
249          242         
249          243         
249          252         
249          250         
249          251         
249          235         
249          254         
249          248         
249          256         
214          237         
214          216         
214          223         
214          217         
214          225         
214          209         
214          250         
214          224         
214          215         
93           113         
93           89          
93           99          
93           100         
93           102         
93           92          
93           123         
93           150         
93           96          
93           124         
93           88          
44           46          
44           42          
44           169         
44           39          
96           98          
96           87          
96           117         
96           55          
96           89          
96           74          
96           84          
96           86          
96           127         
96           85          
96           109         
96           133         
96           112         
96           150         
96           124         
96           153         
96           110         
96           126         
96           97          
96           75          
96           91          
96           144         
96           95          
96           148         
96           143         
96           134         
96           108         
96           68          
96           63          
96           174         
96           83          
96           88          
96           142         
96           128         
96           90          
96           72          
96           73          
96           113         
96           60          
96           51          
96           121         
96           104         
96           70          
96           77          
96           99          
96           76          
96           102         
96           100         
96           136         
96           114         
96           120         
96           157         
96           78          
96           106         
96           101         
96           118         
96           49          
96           111         
96           107         
96           19          
96           122         
96           116         
96           138         
96           64          
96           115         
96           92          
96           105         
96           149         
96           123         
96           94          
96           132         
96           125         
124          117         
124          126         
124          129         
124          85          
124          167         
124          133         
124          112         
124          163         
124          137         
124          150         
124          134         
124          155         
124          113         
124          121         
124          148         
124          141         
124          135         
124          68          
124          174         
124          88          
124          128         
124          151         
124          127         
124          60          
124          79          
124          82          
124          70          
124          156         
124          99          
124          100         
124          140         
124          120         
124          78          
124          136         
124          111         
124          80          
124          122         
124          116         
124          169         
124          105         
124          123         
124          175         
124          125         
124          146         
124          132         
124          77          
35           29          
35           15          
35           51          
35           39          
35           38          
35           43          
35           41          
35           42          
35           34          
35           36          
35           37          
35           6           
155          84          
155          222         
155          167         
155          85          
155          150         
155          141         
155          121         
155          203         
155          157         
155          225         
155          148         
155          134         
155          135         
155          204         
155          151         
155          215         
155          202         
155          156         
155          111         
155          140         
155          114         
155          120         
155          101         
155          139         
155          209         
155          237         
155          217         
155          152         
155          169         
155          211         
155          72          
155          146         
155          132         
131          127         
131          122         
131          130         
131          123         
131          151         
131          125         
0            1           
153          121         
153          89          
153          156         
153          148         
153          136         
153          123         
153          150         
153          149         
110          113         
110          97          
110          123         
110          150         
110          88          
203          202         
203          217         
203          219         
203          224         
203          150         
203          204         
203          223         
56           60          
56           68          
56           55          
56           89          
18           15          
18           17          
18           41          
18           37          
180          181         
180          176         
196          150         
196          195         
196          188         
196          212         
196          186         
25           24          
264          209         
264          244         
264          233         
264          261         
264          178         
264          265         
264          260         
184          185         
184          173         
148          117         
148          126         
148          130         
148          137         
148          85          
148          150         
148          121         
148          225         
148          151         
148          162         
148          70          
148          164         
148          168         
148          136         
148          115         
148          123         
148          175         
148          146         
148          149         
267          268         
267          266         
267          269         
267          270         
108          92          
108          107         
108          250         
108          236         
22           37          
135          121         
135          156         
135          169         
135          134         
135          136         
135          167         
135          133         
135          123         
135          150         
135          166         
135          151         
38           37          
38           39          
43           51          
43           42          
43           39          
67           68          
67           65          
67           64          
67           66          
47           49          
47           6           
83           113         
83           127         
83           79          
83           82          
83           122         
83           52          
83           175         
83           81          
83           198         
83           88          
83           125         
296          295         
296          300         
296          288         
166          162         
166          156         
166          164         
166          169         
166          167         
166          165         
166          150         
166          163         
166          151         
166          176         
189          182         
189          191         
189          190         
189          193         
189          225         
189          195         
189          167         
189          188         
189          174         
189          187         
189          192         
90           89          
72           73          
72           75          
72           64          
72           74          
72           123         
293          295         
232          242         
232          235         
232          219         
232          179         
232          236         
206          209         
206          207         
206          200         
206          210         
206          150         
4            3           
4            1           
51           113         
51           49          
51           55          
51           64          
51           68          
51           37          
298          300         
298          288         
223          250         
223          216         
223          209         
223          235         
223          231         
223          217         
223          225         
223          219         
223          222         
223          233         
223          242         
223          224         
223          236         
223          210         
223          215         
39           29          
39           42          
39           36          
39           45          
39           46          
39           31          
39           6           
39           40          
39           37          
39           41          
185          187         
185          188         
185          186         
104          113         
104          89          
104          99          
104          100         
104          92          
104          102         
104          112         
104          88          
164          162         
164          114         
164          165         
164          163         
164          151         
246          243         
246          242         
246          252         
246          235         
246          250         
246          236         
168          169         
140          121         
140          111         
140          139         
140          137         
140          150         
140          141         
140          151         
32           12          
32           42          
32           37          
16           15          
120          113         
120          121         
120          111         
120          122         
120          116         
120          169         
120          88          
120          123         
120          150         
120          149         
120          125         
230          235         
230          229         
230          236         
78           113         
78           77          
78           123         
78           150         
78           88          
186          191         
186          195         
186          188         
186          187         
277          274         
277          271         
277          275         
277          276         
277          280         
277          279         
277          282         
277          278         
106          92          
106          99          
106          100         
106          107         
279          193         
101          97          
101          99          
101          100         
101          102         
36           46          
36           42          
36           37          
187          191         
187          190         
187          188         
187          174         
257          258         
257          252         
30           29          
160          127         
160          159         
160          173         
160          163         
160          125         
209          216         
209          252         
209          233         
209          195         
209          224         
209          150         
209          248         
209          202         
209          219         
209          208         
209          188         
209          174         
209          142         
209          204         
209          215         
209          212         
209          200         
209          211         
209          260         
209          210         
209          192         
209          236         
209          243         
209          250         
209          237         
209          244         
209          217         
209          207         
209          169         
209          259         
209          227         
80           127         
80           121         
80           60          
80           79          
80           82          
80           122         
80           134         
80           68          
80           81          
80           173         
80           125         
191          194         
191          190         
191          272         
191          156         
191          167         
191          188         
191          175         
191          192         
61           60          
61           68          
61           64          
244          252         
244          242         
244          236         
217          216         
217          205         
217          225         
217          219         
217          222         
217          235         
217          218         
217          211         
217          204         
217          224         
217          150         
217          215         
138          113         
138          89          
138          156         
138          136         
138          133         
138          123         
138          150         
226          225         
152          117         
152          114         
152          123         
152          150         
152          151         
115          113         
115          117         
115          116         
115          99          
115          114         
115          123         
115          149         
288          300         
288          290         
288          295         
288          291         
288          289         
288          287         
92           113         
92           98          
92           87          
92           97          
92           107         
92           89          
92           91          
92           99          
92           100         
92           102         
92           123         
92           79          
92           94          
3            1           
105          113         
105          127         
105          117         
105          97          
105          82          
105          89          
105          116         
105          99          
105          100         
105          68          
105          123         
105          150         
105          88          
105          125         
258          243         
258          250         
258          248         
258          252         
41           150         
41           42          
41           37          
227          224         
227          235         
227          243         
227          228         
123          117         
123          162         
123          84          
123          169         
123          85          
123          133         
123          112         
123          150         
123          157         
123          75          
123          89          
123          174         
123          88          
123          142         
123          128         
123          126         
123          127         
123          113         
123          82          
123          121         
123          99          
123          100         
123          86          
123          136         
123          114         
123          118         
123          111         
123          107         
123          122         
123          116         
123          149         
123          130         
123          132         
123          125         
239          243         
239          250         
239          216         
239          252         
239          71          
239          222         
239          235         
239          211         
239          242         
239          236         
175          176         
175          190         
175          169         
175          174         
175          188         
175          163         
175          128         
175          183         
266          259         
266          268         
146          156         
146          134         
146          150         
146          151         
132          134         
2            1           
247          243         
247          250         
247          252         
247          242         
216          235         
216          219         
216          222         
216          224         
216          242         
216          236         
216          215         
252          251         
252          222         
252          254         
252          248         
252          234         
252          259         
252          225         
252          235         
252          174         
252          211         
252          242         
252          236         
252          243         
252          237         
252          250         
158          157         
158          149         
283          282         
283          300         
84           113         
84           121         
84           117         
84           107         
84           75          
84           99          
84           88          
84           85          
84           150         
251          250         
251          248         
129          121         
129          126         
129          134         
129          150         
129          151         
255          250         
255          254         
71           68          
71           151         
71           64          
172          173         
233          243         
233          250         
233          235         
233          242         
233          224         
233          236         
24           26          
24           53          
133          113         
133          89          
133          99          
133          134         
133          167         
133          150         
133          88          
112          113         
112          111         
112          157         
112          75          
112          99          
112          150         
112          88          
112          149         
228          224         
228          243         
228          212         
228          229         
137          150         
137          111         
224          235         
224          225         
224          219         
224          222         
224          260         
224          210         
224          204         
224          215         
150          117         
150          89          
150          200         
150          85          
150          167         
150          163         
150          157         
150          97          
150          237         
150          225         
150          143         
150          141         
150          68          
150          188         
150          174         
150          88          
150          128         
150          126         
150          151         
150          134         
150          156         
150          202         
150          121         
150          99          
150          70          
150          113         
150          60          
150          111         
150          102         
150          86          
150          114         
150          118         
150          272         
150          210         
150          147         
150          100         
150          192         
150          136         
150          142         
150          75          
150          19          
150          116         
150          139         
150          195         
150          169         
150          211         
150          173         
150          149         
163          162         
163          182         
163          174         
163          122         
163          193         
163          125         
163          159         
163          169         
163          127         
163          165         
163          173         
163          176         
199          198         
199          221         
256          254         
141          23          
141          121         
141          151         
113          117         
113          89          
113          85          
113          75          
113          134         
113          68          
113          88          
113          128         
113          126         
113          121         
113          70          
113          77          
113          99          
113          76          
113          102         
113          100         
113          136         
113          114         
113          118         
113          111         
113          107         
113          122         
113          116         
113          149         
113          109         
121          89          
121          167         
121          85          
121          225         
121          134         
121          174         
121          88          
121          151         
121          127         
121          60          
121          272         
121          156         
121          118         
121          111         
121          107         
121          122         
121          116         
121          169         
121          77          
23           46          
23           12          
300          303         
300          295         
300          299         
300          297         
300          291         
284          285         
91           89          
91           100         
259          243         
259          250         
259          235         
259          242         
259          236         
193          194         
193          190         
193          195         
193          188         
193          174         
193          176         
225          190         
225          222         
225          234         
225          202         
225          235         
225          276         
225          188         
225          242         
225          236         
225          243         
225          237         
225          268         
225          250         
45           46          
134          89          
134          167         
134          151         
134          60          
134          156         
134          136         
134          139         
134          111         
134          169         
235          222         
235          254         
235          248         
235          234         
235          219         
235          174         
235          212         
235          211         
235          242         
235          238         
235          245         
235          236         
235          243         
235          250         
235          237         
235          231         
235          229         
12           13          
12           46          
197          198         
261          260         
178          176         
165          118         
165          151         
165          176         
103          99          
88           87          
88           55          
88           89          
88           85          
88           97          
88           75          
88           143         
88           68          
88           128         
88           156         
88           99          
88           102         
88           107         
88           149         
142          111         
142          169         
142          149         
128          157         
128          143         
128          149         
302          303         
302          295         
151          222         
151          65          
151          202         
151          139         
151          237         
151          64          
176          182         
176          188         
176          181         
176          159         
176          174         
176          183         
176          179         
73           75          
162          156         
212          243         
212          250         
212          210         
212          215         
269          268         
182          190         
182          198         
182          181         
182          174         
182          188         
182          183         
182          179         
220          221         
221          268         
205          204         
27           29          
70           64          
70           99          
70           68          
70           69          
156          89          
156          169         
156          136         
156          167         
156          192         
156          202         
76           99          
76           77          
102          97          
102          89          
102          99          
102          100         
291          295         
136          89          
136          167         
136          149         
114          117         
114          116         
114          130         
271          272         
211          243         
211          210         
260          215         
242          222         
242          254         
242          248         
242          234         
242          238         
242          236         
242          243         
242          237         
242          250         
238          268         
238          236         
210          243         
210          200         
210          169         
210          195         
210          250         
210          248         
210          215         
81           82          
282          285         
42           29          
42           46          
42           37          
5            6           
245          243         
245          250         
192          190         
192          169         
192          195         
192          188         
236          222         
236          254         
236          248         
236          234         
236          219         
236          215         
236          243         
236          237         
236          231         
236          250         
243          222         
243          248         
243          254         
243          237         
243          250         
111          99          
237          250         
107          99          
107          100         
19           37          
122          79          
122          82          
122          126         
122          159         
122          127         
122          125         
116          117         
116          118         
64           60          
64           55          
64           63          
64           66          
64           68          
64           65          
64           85          
64           62          
297          295         
169          190         
169          167         
169          157         
169          174         
169          215         
169          149         
286          285         
268          270         
13           46          
294          295         
6            8           
250          222         
250          248         
250          234         
250          254         
250          273         
77           99          
173          272         
173          159         
173          167         
173          125         
94           100         
229          222         
37           29          
149          87          
149          117         
149          89          
149          157         
149          144         
149          143         
149          118         
125          127         
125          79          
125          82          
125          159         
29           28          
29           46          
29           31          
98           87          
98           97          
98           99          
98           100         
87           100         
117          118         
117          99          
55           54          
55           60          
55           68          
55           99          
190          195         
190          188         
190          174         
190          183         
89           85          
89           97          
89           75          
89           68          
89           60          
89           99          
89           100         
89           86          
126          127         
126          99          
181          188         
181          183         
159          127         
299          295         
222          202         
222          219         
222          204         
222          215         
195          194         
195          188         
195          174         
195          157         
109          99          
85           99          
69           68          
69           60          
157          144         
157          174         
157          143         
157          188         
157          118         
50           49          
179          183         
57           58          
54           68          
54           49          
65           68          
65           66          
97           99          
97           100         
75           99          
75           74          
58           68          
144          143         
295          292         
295          289         
74           99          
68           62          
68           60          
68           99          
188          174         
188          183         
62           60          
204          202         
53           52          
127          79          
127          82          
60           79          
49           48          
272          273         
99           100         
