0       4.37469       0.0          
1       2.48767       0.000254548  
2       0.705811      0.0281482    
3       6.89482       0.0297575    
4       0.418414      0.0301724    
5       0.735518      0.0579281    
6       4.77347       0.059552     
7       0.520869      0.0605968    
8       1.0446        0.0629082    
9       0.82076       0.104589     
10      6.45211       0.106734     
11      0.812057      0.108424     
12      2.56595       0.126956     
13      3.99601       0.131123     
14      2.41125       0.16787      
15      5.29308       0.173029     
16      2.2078        0.175252     
17      2.74797       0.196524     
18      4.89697       0.206        
19      0.511658      0.206317     
20      4.03177       0.22572      
21      4.10512       0.22733      
22      6.31035       0.312004     
23      0.753213      0.312127     
24      15.0818       0.447983     
25      4.65396       0.462594     
26      4.30557       0.473419     
27      9.94179       0.505292     
28      4.55899       0.510388     
29      23.8394       0.524927     
30      0.591893      0.531333     
31      2.13906       0.557207     
32      3.00319       0.587944     
33      0.80691       0.628728     
34      1.38967       0.637069     
35      0.290127      0.645144     
36      28.3359       0.647139     
37      16.5895       0.681905     
38      11.4639       0.685673     
39      12.6986       0.694086     
40      34.2468       0.706251     
41      13.8216       0.726849     
42      0.981965      0.74931      
43      10.2428       0.853553     
44      11.6588       0.882881     
45      1.71673       0.892672     
46      12.8305       0.931633     
47      19.3544       0.941005     
48      4.05127       0.958786     
49      2.39778       0.976553     
50      11.3916       1.06284      
51      7.84506       1.10405      
52      10.0489       1.11421      
53      2.0692        1.12628      
54      3.44709       1.14714      
55      5.55817       1.19058      
56      4.67598       1.19467      
57      11.3709       1.25504      
58      19.0505       1.29463      
59      3.71252       1.29519      
60      22.2773       1.29538      
61      11.732        1.30804      
62      36.3176       1.34734      
63      0.393195      1.35111      
64      0.592858      1.35738      
65      0.763978      1.36365      
66      0.90526       1.3696       
67      6.10921       1.40078      
68      3.12006       1.45664      
69      3.114         1.45792      
70      3.25039       1.49004      
71      5.22129       1.49321      
72      0.561405      1.5418       
73      10.247        1.5436       
74      4.52858       1.56664      
75      21.0227       1.59573      
76      6.51068       1.60058      
77      5.46584       1.69319      
78      7.9463        1.72529      
79      13.4193       1.72901      
80      0.958368      1.78835      
81      0.570713      1.79101      
82      7.25903       1.79321      
83      2.63197       1.79599      
84      5.30495       1.90106      
85      15.4861       1.9277       
86      2.13677       1.97015      
87      8.56628       1.97634      
88      0.349782      1.97642      
89      6.83404       1.99163      
90      5.95785       2.09875      
91      2.5979        2.10118      
92      4.68585       2.10678      
93      3.32007       2.12269      
94      18.4639       2.16519      
95      10.0616       2.20844      
96      2.82659       2.20946      
97      11.1295       2.2196       
98      18.024        2.24425      
99      4.70165       2.25258      
100     15.3065       2.31105      
101     3.17459       2.33873      
102     13.311        2.34661      
103     0.675377      2.42861      
104     7.19966       2.43096      
105     0.533059      2.43246      
106     22.6534       2.47835      
107     7.99491       2.53261      
108     6.13988       2.60955      
109     1.92702       2.61422      
110     15.7633       2.61862      
111     9.57112       2.62544      
112     8.92406       2.73139      
113     8.56616       2.73617      
114     0.654213      2.74097      
115     3.07381       2.80881      
116     5.1143        2.81535      
117     0.50181       2.81647      
118     11.2802       2.88271      
119     21.257        2.8854       
120     26.4064       2.8978       
121     12.2348       2.89967      
122     2.0589        2.93765      
123     2.65293       2.97596      
124     5.94726       2.99843      
125     0.584779      3.05679      
126     12.4083       3.05727      
127     8.41241       3.1792       
128     8.29654       3.18401      
129     11.129        3.20196      
130     10.0291       3.20756      
131     8.94407       3.2161       
132     4.37596       3.23228      
133     5.6167        3.36013      
134     10.0975       3.38532      
135     2.02184       3.42908      
136     11.2918       3.46046      
137     32.3234       3.48032      
138     1.26796       3.50205      
139     3.98252       3.52074      
140     12.1158       3.5276       
141     22.0593       3.54662      
142     7.74907       3.55999      
143     3.8247        3.5904       
144     20.3887       3.62784      
145     12.6332       3.64169      
146     8.28074       3.64863      
147     8.3285        3.64965      
148     0.56014       3.73243      
149     81.6255       3.73748      
150     9.20306       3.77193      
151     7.8422        3.8472       
152     1.32885       3.87842      
153     11.7266       3.88351      
154     6.59933       3.89781      
155     6.20178       4.00088      
156     10.9585       4.00695      
157     56.8494       4.0374       
158     3.56391       4.0555       
159     11.2747       4.07123      
160     15.7376       4.10088      
161     5.47396       4.10261      
162     6.37117       4.17652      
163     21.5226       4.18133      
164     6.36632       4.18367      
165     4.13507       4.22303      
166     5.46105       4.26725      
167     35.5345       4.29774      
168     8.59587       4.30951      
169     4.51772       4.36379      
170     5.43497       4.37878      
171     11.7057       4.45726      
172     12.7686       4.46196      
173     2.29321       4.5263       
174     9.00552       4.58633      
175     25.1434       4.60427      
176     1.9587        4.60869      
177     2.2163        4.62224      
178     53.6014       4.62266      
179     1.46423       4.64046      
180     0.669302      4.64913      
181     0.722804      4.65387      
182     10.7088       4.6815       
183     1.68152       4.68879      
184     14.3017       4.69606      
185     0.617965      4.70293      
186     2.4343        4.73729      
187     3.75366       4.78241      
188     1.89408       4.80492      
189     1.76042       4.80696      
190     1.50167       4.81148      
191     0.536104      4.81187      
192     4.07321       4.83086      
193     2.6035        4.85364      
194     4.96465       4.85568      
195     9.47935       4.90342      
196     9.47891       4.90394      
197     2.7424        4.90803      
198     22.5356       4.92522      
199     5.73991       4.97326      
200     2.30639       5.01904      
201     26.6749       5.02066      
202     6.77113       5.04724      
203     3.77982       5.17397      
204     9.05679       5.18426      
205     5.87495       5.19844      
206     7.24016       5.25869      
207     2.39938       5.26778      
208     10.95         5.26967      
209     0.64215       5.27467      
210     1.48863       5.28875      
211     7.39065       5.29302      
212     18.5833       5.33185      
213     5.76858       5.4075       
214     0.564513      5.40848      
215     0.817806      5.41655      
216     5.90858       5.42073      
217     2.4839        5.42485      
218     0.919595      5.55924      
219     2.80611       5.56159      
220     1.72198       5.56263      
221     0.529293      5.56948      
222     4.24827       5.5705       
223     2.96242       5.57529      
224     4.39717       5.81514      
225     0.344928      5.82325      
226     2.05904       5.82345      
227     0.856288      5.82489      
228     8.44514       5.85364      
229     3.16463       5.858        
230     1.69878       5.87695      
231     0.455535      5.88371      
232     6.19245       5.88524      
233     2.44111       5.89125      
234     11.6902       5.90139      
235     3.56219       5.9292       
236     3.85995       5.94598      
237     1.73502       5.98826      
238     8.71783       5.99248      
239     1.72164       5.99728      
240     1.00928       6.02649      
241     0.891628      6.03345      
242     0.763851      6.03991      
243     0.621601      6.04553      
244     1.65047       6.0567       
245     59.0648       6.06057      
246     8.96806       6.06512      
247     1.17601       6.06557      
248     0.76711       6.08479      
249     3.40813       6.10187      
250     1.43262       6.1023       
251     1.82277       6.1268       
252     1.82467       6.12722      
