0       0.778428      0.0665113    
1       15.7369       0.0717432    
2       0.680704      0.0725022    
3       2.72902       0.136286     
4       0.956108      0.144164     
5       0.609677      0.147029     
6       4.13863       0.148887     
7       0.500389      0.150059     
8       0.979859      0.153082     
9       1.64678       0.159452     
10      12.4071       0.307626     
11      2.63621       0.341471     
12      1.61503       0.345173     
13      3.9351        0.355422     
14      5.50207       0.38685      
15      1.76914       0.387594     
16      2.08925       0.398449     
17      12.3714       0.470958     
18      0.480948      0.509166     
19      39.0401       0.513479     
20      0.438921      0.516237     
21      1.31594       0.549541     
22      16.4247       0.55471      
23      0.573723      0.631412     
24      19.732        0.63877      
25      3.25215       0.642108     
26      2.41359       0.685879     
27      2.76446       0.724056     
28      3.89402       0.72457      
29      2.4654        0.765637     
30      4.01909       0.790093     
31      26.7069       0.796188     
32      9.50265       0.938078     
33      12.8654       0.94494      
34      3.9597        1.00753      
35      9.16193       1.01854      
36      0.536136      1.02082      
37      0.648706      1.07279      
38      16.5488       1.07813      
39      0.653686      1.07962      
40      5.31906       1.11602      
41      8.04054       1.12481      
42      5.85755       1.15915      
43      15.3361       1.17219      
44      5.07099       1.1775       
45      5.65279       1.21481      
46      2.22972       1.24312      
47      6.36436       1.27194      
48      18.8572       1.29045      
49      2.30239       1.30387      
50      4.85646       1.33579      
51      2.30804       1.37981      
52      1.21276       1.37986      
53      0.490316      1.39111      
54      10.4331       1.39295      
55      2.02898       1.40086      
56      10.8665       1.43695      
57      4.72139       1.44078      
58      2.2784        1.45462      
59      5.75485       1.53098      
60      3.15063       1.53379      
61      2.34643       1.58019      
62      3.08909       1.58434      
63      2.22063       1.58988      
64      2.81549       1.6087       
65      5.7836        1.61456      
66      0.441484      1.61482      
67      0.706102      1.70122      
68      2.83576       1.70134      
69      0.528934      1.7243       
70      5.59647       1.72466      
71      0.985048      1.72772      
72      3.69729       1.89414      
73      0.446219      1.89443      
74      2.3603        1.91771      
75      8.78541       1.92275      
76      2.34896       1.93124      
77      1.81267       1.96076      
78      5.1374        1.96161      
79      0.659413      1.96469      
80      4.96711       1.98667      
81      3.98765       1.99213      
82      3.34091       2.01006      
83      0.593489      2.03684      
84      3.1964        2.03807      
85      2.84312       2.04599      
86      0.459388      2.06297      
87      1.96628       2.06366      
88      6.76083       2.07464      
89      7.53265       2.08441      
90      2.3459        2.11913      
91      0.282117      2.11941      
92      0.879799      2.12182      
93      0.859719      2.18797      
94      0.772525      2.19508      
95      43.3222       2.19962      
96      0.707331      2.20108      
97      0.748854      2.20615      
98      0.926515      2.2144       
99      2.26217       2.34621      
100     3.96224       2.35038      
101     0.580022      2.35193      
102     5.52854       2.38907      
103     5.68099       2.42982      
104     13.0871       2.43161      
105     5.88219       2.51964      
106     4.81987       2.52137      
107     1.89808       2.57443      
108     0.301754      2.57835      
109     7.65765       2.57907      
110     0.623829      2.58318      
111     3.55464       2.60169      
112     11.3395       2.60534      
113     4.58223       2.71879      
114     10.1178       2.73411      
115     0.536298      2.73486      
116     4.88132       2.79576      
117     5.43303       2.81346      
118     1.95017       2.81652      
119     13.2059       2.85361      
120     8.70074       3.09565      
121     3.90243       3.10023      
122     5.57487       3.15542      
123     3.56802       3.18508      
124     1.82289       3.18623      
125     19.5655       3.30627      
126     10.8394       3.30725      
127     23.6069       3.31978      
128     0.491385      3.33513      
129     2.27996       3.37332      
130     0.561599      3.38877      
131     0.485998      3.39482      
132     56.7201       3.40865      
133     3.77716       3.42576      
134     2.8568        3.42705      
135     4.51935       3.42954      
136     1.51191       3.44648      
137     4.12056       3.47561      
138     1.73387       3.49646      
139     6.47114       3.52307      
140     1.40527       3.56372      
141     2.13269       3.56891      
142     0.392854      3.56951      
143     2.97123       3.59289      
144     24.4284       3.61508      
145     4.44356       3.62231      
146     36.8392       3.68942      
147     7.64757       3.72791      
148     7.39423       3.79255      
149     2.93147       3.84659      
150     0.490019      3.86293      
151     87.2925       3.88023      
152     7.79878       3.89762      
153     6.82913       3.90049      
154     3.18139       3.95585      
155     5.74593       3.99742      
156     5.07588       4.03691      
157     3.34374       4.0472       
158     2.65102       4.08294      
159     3.31253       4.10542      
160     1.35259       4.12347      
161     15.4274       4.1297       
162     25.739        4.18348      
163     2.9849        4.19873      
164     10.9088       4.21794      
165     3.89895       4.2631       
166     1.70693       4.26348      
167     10.3927       4.28227      
168     6.21179       4.30971      
169     4.42979       4.4209       
170     9.31801       4.42256      
171     46.266        4.47553      
172     10.7535       4.48641      
173     4.33675       4.493        
174     14.4203       4.59439      
175     22.3397       4.60438      
176     4.13695       4.69907      
177     6.1051        4.70376      
178     19.0092       4.71367      
179     3.63834       4.73925      
180     7.1443        4.77269      
181     7.01505       4.84232      
182     3.59461       4.89902      
183     10.5814       4.91596      
184     10.0992       4.93671      
185     0.800246      5.04033      
186     6.07475       5.0405       
187     9.93745       5.26627      
188     2.58161       5.27587      
189     6.96647       5.3313       
190     8.99159       5.33901      
191     8.99668       5.3393       
192     3.35302       5.34107      
193     5.74292       5.34788      
194     0.594953      5.42511      
195     5.16364       5.42678      
196     0.466644      5.45153      
197     5.34416       5.45307      
198     0.646322      5.45639      
199     2.30907       5.48508      
200     20.5489       5.49433      
201     9.66248       5.49904      
202     14.252        5.53127      
203     1.5298        5.53438      
204     13.0785       5.64535      
205     3.88063       5.65383      
206     8.86873       5.66233      
207     1.49302       5.66933      
208     5.23263       5.705        
209     0.60487       5.70614      
210     6.48626       5.7494       
211     3.59158       5.78002      
212     5.79964       5.79655      
213     1.25532       5.80004      
214     6.03151       5.8086       
215     4.87341       5.83446      
216     3.08471       5.8553       
217     0.81058       5.87009      
218     3.99382       5.87194      
219     16.7127       5.88023      
220     2.04684       5.88371      
221     18.047        5.9221       
222     13.1005       5.93301      
223     4.72537       5.99352      
224     6.29074       6.03043      
225     15.7411       6.12233      
226     4.38526       6.1659       
227     2.99234       6.1766       
228     0.473528      6.17725      
229     2.19971       6.18531      
230     0.306452      6.22256      
231     2.13695       6.22279      
232     0.855514      6.22508      
233     16.2668       6.25574      
234     9.83139       6.27811      
235     0.396137      6.28036      
