0       17.1739       0.00126426   
1       10.6452       0.0286395    
2       0.926974      0.108425     
3       4.28623       0.112194     
4       0.998074      0.115114     
5       0.922172      0.115223     
6       0.848369      0.158028     
7       2.25588       0.158208     
8       0.609442      0.158212     
9       5.74554       0.203789     
10      16.8821       0.250661     
11      1.22498       0.300982     
12      3.62543       0.304206     
13      4.0916        0.324424     
14      11.1101       0.326073     
15      6.00169       0.326863     
16      2.45626       0.382684     
17      2.86127       0.390908     
18      1.97588       0.403791     
19      7.55646       0.407375     
20      3.57415       0.412017     
21      3.40511       0.438        
22      7.53071       0.461752     
23      4.56688       0.469922     
24      7.75598       0.521128     
25      3.05548       0.52296      
26      0.511063      0.578464     
27      14.3483       0.57914      
28      5.01985       0.658702     
29      0.237523      0.659354     
30      21.5514       0.687171     
31      5.61686       0.709449     
32      8.4212        0.767188     
33      6.54389       0.783495     
34      0.391363      0.785338     
35      11.1741       0.817916     
36      0.459546      0.819977     
37      7.82028       0.877679     
38      2.05823       0.878717     
39      2.51665       0.915383     
40      2.76272       0.926846     
41      4.25046       0.945435     
42      6.15701       0.945477     
43      8.7283        0.958988     
44      6.87312       0.962675     
45      4.16103       0.969039     
46      11.9541       1.22378      
47      3.77017       1.43552      
48      6.91969       1.43846      
49      4.63513       1.44311      
50      2.98063       1.46907      
51      2.09675       1.50161      
52      15.0965       1.51339      
53      3.17424       1.52277      
54      7.98602       1.58183      
55      14.3135       1.62353      
56      11.2657       1.76307      
57      0.775471      1.80043      
58      6.55074       1.83618      
59      21.5311       1.84283      
60      41.0068       1.85728      
61      0.437608      1.87607      
62      5.97676       1.89745      
63      1.3211        1.93172      
64      1.73928       1.95449      
65      4.00605       1.97613      
66      28.165        1.97617      
67      10.3097       1.98492      
68      4.24119       2.0065       
69      4.72912       2.07073      
70      3.77752       2.0999       
71      16.5866       2.10036      
72      2.27645       2.12742      
73      5.84574       2.16733      
74      1.90494       2.20271      
75      40.1311       2.21954      
76      3.27061       2.22528      
77      0.769406      2.24209      
78      8.31868       2.31713      
79      9.08242       2.37171      
80      3.42397       2.3787       
81      7.59935       2.51447      
82      6.29098       2.51985      
83      11.8915       2.53293      
84      0.592038      2.53889      
85      0.398712      2.76086      
86      4.05382       2.76156      
87      5.74178       2.77718      
88      3.50936       2.78361      
89      8.03376       2.83631      
90      12.8962       2.90232      
91      1.65701       2.92597      
92      3.20859       2.92776      
93      4.52288       3.00291      
94      11.692        3.01199      
95      0.546696      3.01566      
96      0.252949      3.13076      
97      6.70537       3.13107      
98      4.35393       3.14074      
99      2.5613        3.20959      
100     5.50189       3.21281      
101     1.92463       3.25491      
102     5.0549        3.25758      
103     1.93635       3.26749      
104     2.81616       3.28736      
105     1.59274       3.30079      
106     8.134         3.30179      
107     5.19547       3.32068      
108     2.57016       3.32215      
109     2.28182       3.33876      
110     0.544512      3.36584      
111     3.33422       3.36609      
112     1.09751       3.67373      
113     1.07979       3.67554      
114     22.9694       3.72284      
115     6.9791        3.72555      
116     16.1126       3.72788      
117     62.0906       3.75194      
118     0.412161      3.77178      
119     0.493675      3.77787      
120     0.586177      3.78605      
121     0.630367      3.79112      
122     0.677889      3.79572      
123     0.719665      3.8014       
124     0.7609        3.80575      
125     0.836202      3.81326      
126     0.879894      3.82139      
127     0.922931      3.82782      
128     7.60037       3.86551      
129     7.80916       3.94788      
130     27.2817       4.02153      
131     9.32481       4.05564      
132     4.07045       4.14908      
133     0.475667      4.17614      
134     8.97247       4.17901      
135     28.9018       4.19354      
136     66.7777       4.23992      
137     2.3818        4.2419       
138     0.537096      4.26833      
139     12.6835       4.32744      
140     8.64661       4.32847      
141     1.53527       4.398        
142     0.37491       4.3983       
143     0.486041      4.4363       
144     2.30356       4.43711      
145     3.06837       4.44653      
146     0.397427      4.4719       
147     4.49745       4.47249      
148     2.39638       4.48237      
149     0.843832      4.66694      
150     2.95632       4.66934      
151     0.385095      4.66995      
152     2.0513        4.67697      
153     2.11725       4.68879      
154     4.30021       4.69182      
155     2.9235        4.75827      
156     7.35065       4.78847      
157     1.03487       4.78979      
158     6.35768       4.79177      
159     2.50662       4.86438      
160     4.87303       4.86768      
161     0.693672      4.96323      
162     16.9584       4.96404      
163     4.92715       5.03673      
164     1.99101       5.03749      
165     3.19361       5.0821       
166     1.39016       5.08298      
167     0.391943      5.10312      
168     10.1851       5.10398      
169     7.7431        5.14466      
170     0.354198      5.17241      
171     10.9891       5.17422      
172     13.2851       5.21002      
173     0.372275      5.21225      
174     7.4635        5.2453       
175     5.54679       5.26686      
176     7.64413       5.35364      
177     10.8245       5.36504      
178     27.8129       5.3962       
179     0.37185       5.40012      
180     0.644768      5.40832      
181     2.42929       5.42473      
182     3.66507       5.54729      
183     3.12611       5.57683      
184     5.58007       5.60879      
185     20.5036       5.63084      
186     1.47717       5.64759      
187     1.47491       5.66386      
188     0.336427      5.67675      
189     21.8601       5.6807       
190     2.76909       5.68766      
191     0.69451       5.69755      
192     2.92075       5.71087      
193     6.68902       5.74795      
194     4.75379       5.80674      
195     4.59047       5.86692      
196     12.4785       5.87897      
197     6.80418       5.95353      
198     4.54582       5.9631       
199     13.9515       5.97132      
200     0.578598      5.97852      
201     6.20699       6.00639      
202     9.65193       6.03392      
203     2.46103       6.04861      
