0       3.35021       0.000312139  
1       1.67163       0.00271235   
2       0.837746      0.0171149    
3       6.38231       0.0185413    
4       0.562166      0.0190257    
5       9.1159        0.040608     
6       0.902839      0.0419851    
7       0.384686      0.10415      
8       16.6027       0.10547      
9       4.06003       0.107125     
10      0.945287      0.209518     
11      3.29714       0.210623     
12      0.890189      0.21164      
13      4.28696       0.231031     
14      3.45523       0.240372     
15      11.5637       0.249538     
16      3.28154       0.249554     
17      1.76552       0.255867     
18      3.17119       0.279341     
19      1.1294        0.27989      
20      0.615773      0.284893     
21      0.567477      0.287126     
22      0.410318      0.289673     
23      53.4511       0.291779     
24      1.24906       0.295008     
25      4.54154       0.296842     
26      3.93438       0.302733     
27      0.814743      0.307558     
28      0.995494      0.310477     
29      1.20622       0.313632     
30      1.83304       0.379056     
31      8.13682       0.379887     
32      11.5937       0.396321     
33      9.02588       0.397879     
34      4.53055       0.457856     
35      4.55377       0.472135     
36      2.96032       0.483044     
37      3.31197       0.490878     
38      7.67221       0.496958     
39      9.81545       0.499151     
40      2.16189       0.500819     
41      11.5523       0.527337     
42      12.4985       0.539854     
43      20.3435       0.546205     
44      5.24486       0.55854      
45      4.38539       0.575489     
46      6.65339       0.590619     
47      10.2591       0.626291     
48      1.95106       0.652884     
49      6.70198       0.66154      
50      15.8531       0.673457     
51      12.418        0.674128     
52      8.02271       0.686377     
53      13.9898       0.687275     
54      9.41737       0.692069     
55      9.51005       0.69484      
56      8.37707       0.746551     
57      2.25338       0.765241     
58      0.616298      0.768298     
59      0.387203      0.769972     
60      13.3847       0.771035     
61      4.89152       0.773929     
62      2.77857       0.781428     
63      5.45023       0.943584     
64      1.14151       0.9438       
65      7.14534       0.944663     
66      17.9407       0.99153      
67      3.74555       0.992053     
68      6.50888       1.04228      
69      6.19943       1.05667      
70      5.80707       1.06203      
71      4.72342       1.06366      
72      1.66021       1.06969      
73      18.9014       1.08868      
74      1.20985       1.08876      
75      14.2611       1.09669      
76      9.10712       1.10286      
77      2.98438       1.11771      
78      1.82612       1.12546      
79      0.836009      1.12606      
80      4.47881       1.13875      
81      4.7512        1.15285      
82      10.0558       1.19119      
83      12.2376       1.19625      
84      39.3003       1.22069      
85      7.91171       1.26446      
86      6.3822        1.29276      
87      13.6434       1.32549      
88      19.4094       1.33999      
89      5.51165       1.3602       
90      0.738898      1.42975      
91      17.9546       1.43026      
92      10.2938       1.51123      
93      0.583508      1.53925      
94      16.1343       1.54088      
95      2.61566       1.54371      
96      7.35944       1.59494      
97      7.20099       1.60287      
98      2.71518       1.64585      
99      9.9165        1.6542       
100     12.5525       1.67938      
101     15.2104       1.68294      
102     2.35405       1.68945      
103     2.00856       1.7066       
104     25.4081       1.70972      
105     3.18223       1.72085      
106     0.810175      1.74146      
107     0.764794      1.74569      
108     0.711422      1.74961      
109     0.656931      1.75288      
110     2.82805       1.76107      
111     94.0117       1.7753       
112     6.46922       1.77657      
113     15.421        1.7805       
114     44.7488       1.80999      
115     7.78841       1.81897      
116     8.60743       1.82167      
117     8.25405       1.86298      
118     7.37351       1.87118      
119     13.168        1.89307      
120     8.47876       1.91042      
121     2.2935        1.9323       
122     2.99178       1.93863      
123     2.4823        1.93974      
124     14.5616       1.97681      
125     35.5179       1.99586      
126     41.7259       2.00448      
127     10.6931       2.03173      
128     10.585        2.10319      
129     9.48751       2.1037       
130     16.2457       2.10408      
131     7.03089       2.1295       
132     0.511026      2.13163      
133     48.0689       2.13536      
134     90.6582       2.1677       
135     10.6394       2.20034      
136     14.2827       2.23386      
137     37.5789       2.26215      
138     10.192        2.26451      
139     6.663         2.29074      
140     10.1134       2.35839      
141     11.8201       2.35884      
142     15.3924       2.36194      
143     13.4255       2.36557      
144     4.2356        2.38031      
145     5.12418       2.40363      
146     5.3759        2.45319      
147     6.89654       2.46681      
148     14.8277       2.47073      
149     10.388        2.4723       
150     15.1779       2.48459      
151     8.54082       2.53312      
152     9.79956       2.59474      
153     9.8545        2.59983      
154     54.1643       2.62797      
155     20.8991       2.63884      
156     11.9218       2.65262      
157     20.265        2.79639      
158     7.38251       2.80023      
159     9.74202       2.80697      
160     0.423855      2.90685      
161     21.3172       2.91096      
162     103.93        2.95194      
163     41.1035       2.96857      
164     17.9899       3.01818      
165     7.74422       3.02554      
166     37.0302       3.04209      
167     6.86915       3.07842      
168     7.03091       3.1128       
169     7.9214        3.12784      
170     24.0601       3.14339      
171     8.24165       3.1477       
172     21.6878       3.17394      
173     7.92842       3.2013       
174     37.4251       3.20622      
175     9.03335       3.21194      
176     8.07461       3.25881      
177     4.63264       3.31321      
178     4.56459       3.31579      
179     11.2138       3.34225      
180     8.80743       3.35199      
181     20.597        3.36051      
182     5.3589        3.36864      
183     7.67349       3.38814      
184     23.5595       3.45654      
185     11.6665       3.48291      
186     1.73896       3.5052       
187     19.0758       3.51349      
188     11.249        3.52354      
189     0.266971      3.54077      
190     10.4836       3.54109      
191     19.9014       3.5597       
192     9.55773       3.60628      
193     4.33085       3.63381      
194     7.19189       3.64873      
195     6.31321       3.65178      
196     25.7841       3.67006      
197     28.6496       3.68677      
198     28.6356       3.72049      
199     32.7899       3.8379       
200     4.87764       3.90579      
201     12.4668       3.94785      
202     23.7823       3.95687      
203     2.78919       3.97147      
204     11.3382       4.04213      
205     3.11217       4.04407      
206     15.3278       4.04512      
207     9.16255       4.05739      
208     9.23991       4.06726      
209     15.9225       4.10167      
210     4.68894       4.10768      
211     12.0191       4.11853      
212     11.0561       4.14653      
213     1.64521       4.14976      
214     11.3049       4.16869      
215     13.199        4.16993      
216     21.1238       4.19735      
217     10.7384       4.24496      
218     5.76057       4.24858      
219     7.90002       4.27393      
220     8.05732       4.27692      
221     5.75632       4.27696      
222     27.6514       4.43971      
223     4.26214       4.50359      
224     12.999        4.51162      
225     0.557889      4.51169      
226     10.9069       4.54774      
227     12.2552       4.56389      
228     2.7196        4.56924      
229     13.2986       4.59036      
230     11.4287       4.60329      
231     18.902        4.6155       
232     4.89194       4.64878      
233     5.85593       4.67159      
234     9.21669       4.72716      
235     10.8536       4.74476      
236     19.6618       4.75089      
237     15.0024       4.78717      
238     17.4125       4.79521      
239     13.8787       4.79767      
240     13.9883       4.80854      
241     5.4889        4.81066      
242     45.1114       4.81458      
243     26.0216       4.83152      
244     2.20857       4.86524      
245     21.85         4.91351      
246     6.98347       4.93032      
247     16.0486       5.00442      
248     27.8917       5.01075      
249     0.693805      5.01805      
250     6.25448       5.04681      
251     7.55136       5.07944      
252     3.312         5.13907      
253     6.58083       5.14077      
254     14.8353       5.16876      
255     0.816695      5.22333      
256     4.57163       5.23348      
257     4.50289       5.23661      
258     51.8625       5.23667      
259     0.596042      5.2453       
260     2.56999       5.26138      
261     15.4828       5.2946       
262     35.4512       5.29641      
263     38.1658       5.33041      
264     0.411232      5.33412      
265     18.6901       5.35927      
266     6.02576       5.39617      
267     2.0719        5.41683      
268     4.8233        5.41825      
269     3.71098       5.43518      
270     4.81433       5.45099      
271     24.9489       5.45244      
272     23.857        5.46503      
273     6.55259       5.47591      
274     43.978        5.48563      
275     0.650569      5.49478      
276     3.88322       5.51183      
277     9.03267       5.53354      
278     10.2811       5.58448      
279     12.5873       5.59028      
280     3.67305       5.59193      
281     6.95414       5.59572      
282     7.47656       5.63065      
283     25.7068       5.64392      
284     8.14353       5.65928      
285     6.11139       5.69724      
286     7.17971       5.70217      
287     9.59697       5.73308      
288     7.71968       5.75503      
289     5.62095       5.75771      
290     5.53494       5.79758      
291     4.3925        5.80021      
292     2.59791       5.82158      
293     7.55047       5.8254       
294     6.4366        5.83411      
295     3.56075       5.84193      
296     1.60122       5.84231      
297     3.6445        5.84788      
298     3.47354       5.87837      
299     10.7389       5.88086      
300     4.95614       5.88328      
301     0.889754      5.88404      
302     3.68841       5.88875      
303     0.55031       5.93758      
304     6.00241       5.93869      
305     5.43587       5.94136      
306     0.915964      5.97765      
307     0.397265      5.97984      
308     10.6599       5.98053      
309     3.28947       5.98199      
310     2.75525       6.03746      
311     0.67289       6.03756      
312     3.93342       6.0474       
313     3.80969       6.05182      
314     1.52521       6.05402      
315     2.57849       6.05595      
316     2.41734       6.05922      
317     5.94366       6.07479      
318     4.71174       6.07735      
319     12.8635       6.10892      
320     2.86147       6.11116      
321     3.0452        6.11653      
322     4.02942       6.15062      
323     2.60466       6.15136      
324     0.368678      6.17264      
325     10.1758       6.17285      
326     4.464         6.17717      
327     0.911015      6.19249      
328     0.573213      6.19526      
329     14.8652       6.19617      
330     0.671063      6.19748      
331     1.02161       6.20015      
332     0.708734      6.238        
333     6.473         6.23809      
334     2.59055       6.2516       
335     3.88627       6.25179      
336     3.99455       6.27419      
337     7.62488       6.28155      
338     1.17485       6.28178      
