79           70          
79           36          
79           80          
79           78          
79           93          
359          362         
359          356         
359          355         
359          358         
359          361         
227          201         
227          228         
278          268         
278          277         
278          285         
278          275         
278          290         
278          271         
278          287         
278          281         
278          214         
278          276         
51           57          
51           83          
51           56          
51           50          
51           49          
258          309         
258          123         
258          201         
258          238         
258          292         
258          243         
258          70          
258          214         
258          257         
7            8           
232          194         
232          233         
232          234         
232          235         
232          199         
232          262         
232          221         
232          201         
232          229         
232          236         
232          224         
232          197         
232          222         
232          240         
232          230         
232          223         
232          198         
232          238         
232          220         
232          231         
232          243         
232          193         
307          309         
233          274         
233          204         
233          229         
29           31          
29           36          
29           26          
29           70          
29           57          
29           28          
29           30          
34           36          
34           201         
342          343         
342          341         
343          350         
343          344         
343          340         
343          341         
62           61          
335          331         
335          332         
335          337         
335          336         
335          326         
335          322         
185          190         
185          184         
185          152         
185          181         
185          186         
185          188         
185          178         
185          204         
185          189         
185          177         
185          187         
40           36          
188          166         
188          168         
188          123         
188          173         
188          198         
188          186         
188          184         
188          140         
188          181         
188          176         
188          190         
188          151         
188          204         
188          189         
188          187         
81           59          
81           64          
81           55          
81           65          
81           56          
81           66          
81           63          
81           193         
81           70          
81           74          
81           201         
70           31          
70           36          
70           78          
70           42          
70           92          
70           44          
70           55          
70           28          
70           54          
70           47          
70           85          
70           66          
70           201         
70           49          
70           46          
70           67          
70           26          
70           71          
70           57          
70           41          
70           74          
70           68          
70           212         
70           48          
70           72          
70           94          
70           77          
70           65          
70           90          
70           93          
70           58          
70           63          
70           50          
70           69          
70           76          
70           30          
70           43          
70           73          
70           59          
70           64          
70           61          
70           56          
70           32          
70           83          
70           108         
70           95          
70           75          
362          363         
362          361         
158          165         
158          151         
158          201         
158          216         
158          160         
158          167         
158          159         
158          156         
158          213         
158          214         
158          152         
47           46          
262          259         
262          323         
262          302         
262          313         
262          316         
262          292         
262          235         
262          263         
262          331         
262          309         
262          221         
262          236         
262          52          
262          291         
262          214         
262          222         
262          261         
262          240         
262          243         
262          246         
262          305         
262          310         
262          339         
262          238         
262          244         
262          260         
262          287         
262          239         
262          324         
112          108         
112          100         
112          113         
149          166         
149          165         
149          151         
149          198         
149          150         
149          167         
149          214         
149          152         
149          153         
276          283         
276          280         
276          277         
276          274         
276          268         
276          279         
276          285         
276          290         
276          273         
276          286         
276          275         
276          284         
276          287         
276          310         
276          281         
276          270         
331          309         
331          330         
331          323         
331          332         
331          314         
331          322         
331          310         
331          333         
280          268         
280          285         
280          279         
280          216         
280          263         
280          287         
280          281         
280          271         
154          166         
154          165         
154          143         
154          160         
154          161         
154          167         
154          133         
154          134         
154          150         
154          151         
154          214         
154          152         
154          153         
66           48          
66           221         
66           201         
66           55          
66           67          
66           65          
66           56          
66           108         
66           53          
66           58          
66           63          
66           74          
66           64          
151          171         
151          133         
151          113         
151          194         
151          186         
151          177         
151          164         
151          167         
151          181         
151          94          
151          211         
151          136         
151          137         
151          199         
151          155         
151          202         
151          178         
151          201         
151          169         
151          184         
151          172         
151          107         
151          127         
151          159         
151          168         
151          74          
151          132         
151          131         
151          197         
151          148         
151          204         
151          152         
151          138         
151          170         
151          200         
151          165         
151          210         
151          87          
151          147         
151          144         
151          135         
151          161         
151          93          
151          176         
151          128         
151          91          
151          150         
151          153         
151          110         
151          166         
151          174         
151          214         
151          143         
151          173         
151          198         
151          146         
151          129         
151          160         
151          145         
151          162         
151          134         
151          108         
151          111         
151          95          
151          243         
151          156         
151          157         
151          192         
151          180         
151          130         
201          218         
201          194         
201          217         
201          65          
201          164         
201          167         
201          181         
201          226         
201          235         
201          113         
201          199         
201          209         
201          202         
201          213         
201          221         
201          216         
201          150         
201          206         
201          172         
201          224         
201          133         
201          203         
201          127         
201          159         
201          168         
201          74          
201          205         
201          197         
201          204         
201          222         
201          177         
201          192         
201          215         
201          212         
201          200         
201          165         
201          210         
201          166         
201          156         
201          161         
201          93          
201          170         
201          207         
201          110         
201          153         
201          208         
201          73          
201          59          
201          64          
201          198         
201          220         
201          160         
201          162         
201          152         
201          108         
201          111         
201          219         
201          214         
201          243         
201          193         
201          211         
37           36          
49           48          
49           59          
49           36          
49           46          
49           56          
49           82          
49           57          
49           50          
216          218         
216          268         
216          226         
216          275         
216          217         
216          272         
216          224         
216          206         
216          292         
216          263         
216          202         
216          213         
216          221         
216          169         
216          273         
216          209         
216          205         
216          214         
216          267         
216          215         
216          212         
216          210         
216          274         
216          312         
216          207         
216          190         
216          204         
216          208         
216          220         
216          219         
216          180         
216          270         
67           36          
67           65          
67           26          
67           57          
67           55          
184          171         
184          177         
184          181         
184          186         
184          178         
184          189         
184          152         
184          187         
139          140         
172          165         
172          198         
172          177         
172          164         
172          181         
172          153         
273          268         
273          285         
273          275         
273          272         
273          277         
273          271         
273          274         
273          270         
273          287         
273          281         
273          214         
273          267         
107          94          
107          97          
107          108         
107          113         
107          152         
107          100         
26           36          
26           57          
26           27          
225          100         
225          223         
52           50          
253          252         
253          251         
253          254         
253          214         
253          219         
41           58          
41           36          
141          140         
341          338         
341          339         
341          344         
341          287         
341          281         
341          340         
341          257         
341          324         
293          292         
114          204         
114          113         
204          218         
204          226         
204          177         
204          181         
204          235         
204          213         
204          203         
204          127         
204          186         
204          197         
204          205         
204          214         
204          152         
204          200         
204          210         
204          182         
204          312         
204          170         
204          207         
204          73          
204          174         
204          176         
204          208         
204          198         
204          220         
204          110         
204          206         
204          189         
267          268         
267          285         
267          275         
267          277         
267          265         
267          274         
267          219         
267          287         
267          310         
267          281         
267          270         
295          259         
295          296         
295          294         
295          261         
295          297         
138          133         
138          137         
215          218         
215          217         
215          210         
215          224         
215          220         
215          197         
215          207         
215          214         
215          208         
48           36          
48           78          
48           46          
48           65          
48           63          
48           50          
48           55          
101          99          
101          97          
101          102         
101          108         
101          93          
101          103         
101          100         
123          166         
123          194         
123          36          
123          88          
123          121         
123          195         
123          118         
123          83          
123          82          
123          140         
123          197         
123          122         
123          124         
123          21          
13           15          
13           8           
102          97          
102          100         
102          108         
223          221         
223          220         
223          224         
223          197         
223          214         
223          222         
246          191         
246          238         
246          251         
246          236         
246          247         
246          245         
246          252         
246          244         
246          243         
246          237         
246          239         
246          248         
246          255         
175          176         
144          147         
144          145         
144          146         
11           12          
265          268         
265          338         
265          214         
265          275         
265          279         
265          301         
265          252         
265          264         
265          287         
265          256         
265          334         
265          333         
265          266         
286          309         
286          310         
286          285         
286          287         
90           108         
90           91          
90           86          
90           93          
93           94          
93           87          
93           92          
93           167         
93           108         
93           111         
93           95          
93           91          
93           78          
93           100         
93           97          
0            8           
0            1           
284          283         
284          275         
284          285         
284          277         
284          287         
284          281         
284          310         
63           64          
63           55          
63           61          
63           193         
63           65          
63           56          
63           57          
63           59          
63           58          
63           74          
63           50          
63           75          
50           36          
50           46          
50           53          
50           57          
50           56          
50           55          
256          254         
256          255         
256          245         
256          252         
256          287         
128          166         
128          165         
128          108         
128          129         
128          150         
128          134         
128          167         
128          127         
128          133         
128          137         
128          152         
339          275         
339          338         
339          285         
339          287         
339          309         
339          274         
339          340         
339          314         
339          316         
339          310         
339          281         
250          245         
250          254         
250          224         
250          249         
43           58          
43           36          
304          310         
73           57          
73           58          
73           207         
330          309         
330          327         
330          332         
330          314         
330          316         
330          322         
330          310         
59           65          
59           56          
59           57          
59           58          
59           60          
59           55          
143          36          
64           65          
64           108         
64           55          
198          218         
198          194         
198          164         
198          167         
198          181         
198          235         
198          199         
198          178         
198          209         
198          202         
198          221         
198          133         
198          203         
198          127         
198          186         
198          168         
198          153         
198          205         
198          197         
198          214         
198          222         
198          177         
198          200         
198          165         
198          210         
198          156         
198          182         
198          161         
198          176         
198          207         
198          190         
198          187         
198          166         
198          174         
198          173         
198          220         
198          160         
198          206         
198          152         
198          108         
198          170         
198          219         
198          243         
198          193         
198          211         
198          189         
198          130         
317          318         
317          316         
317          323         
317          310         
160          166         
160          165         
160          150         
160          170         
160          164         
160          161         
160          162         
160          167         
160          181         
160          159         
160          168         
160          156         
160          210         
160          214         
160          152         
254          255         
254          252         
254          248         
350          349         
350          356         
350          347         
350          344         
350          352         
350          346         
350          351         
350          345         
347          348         
314          309         
314          337         
314          323         
314          313         
314          279         
314          290         
314          320         
314          319         
314          329         
314          316         
314          312         
314          292         
314          303         
314          300         
314          310         
314          308         
314          322         
56           83          
56           65          
56           57          
56           58          
56           55          
255          252         
255          243         
255          248         
255          244         
45           46          
45           44          
346          345         
326          309         
326          325         
326          323         
326          337         
326          336         
326          292         
326          324         
326          333         
326          327         
231          197         
231          222         
231          230         
231          228         
119          120         
119          126         
287          319         
287          268         
287          277         
287          275         
287          279         
287          301         
287          292         
287          264         
287          282         
287          283         
287          221         
287          298         
287          291         
287          281         
287          214         
287          333         
287          309         
287          274         
287          312         
287          322         
287          288         
287          285         
287          316         
287          290         
287          289         
287          270         
287          243         
287          269         
287          334         
287          324         
287          271         
193          191         
193          210         
193          196         
193          98          
193          194         
193          108         
193          103         
193          111         
193          235         
193          113         
193          197         
193          234         
193          195         
193          192         
193          263         
248          234         
248          247         
248          217         
248          252         
248          219         
248          239         
248          244         
248          249         
334          309         
334          333         
109          110         
109          97          
109          100         
109          108         
324          309         
324          291         
324          310         
324          323         
218          221         
218          214         
218          217         
218          292         
218          219         
218          207         
218          239         
268          272         
268          275         
268          285         
268          277         
268          271         
268          274         
268          312         
268          281         
268          282         
268          269         
268          214         
171          165         
171          167         
171          219         
171          189         
171          152         
31           57          
31           36          
282          312         
282          281         
327          309         
327          323         
327          275         
327          279         
327          325         
327          316         
327          322         
327          310         
18           20          
183          181         
183          190         
88           57          
88           89          
179          177         
179          178         
179          181         
179          180         
177          164         
177          167         
177          133         
177          178         
177          186         
177          168         
177          214         
177          165         
177          182         
177          161         
177          166         
177          176         
177          181         
177          180         
8            5           
8            6           
8            9           
8            4           
8            15          
8            1           
8            2           
8            3           
8            12          
8            10          
92           94          
92           86          
92           108         
92           58          
92           100         
164          166         
164          165         
164          167         
164          133         
164          161         
164          108         
164          181         
164          178         
164          214         
164          152         
164          153         
336          309         
336          323         
336          337         
336          310         
82           166         
82           83          
82           65          
82           57          
301          309         
301          316         
301          300         
301          310         
301          281         
181          167         
181          178         
181          221         
181          186         
181          168         
181          214         
181          152         
181          165         
181          210         
181          182         
181          161         
181          170         
181          190         
181          187         
181          166         
181          174         
181          176         
181          173         
181          243         
181          189         
181          180         
292          319         
292          323         
292          303         
292          234         
292          313         
292          316         
292          299         
292          309         
292          298         
292          291         
292          214         
292          243         
292          274         
292          312         
292          305         
292          310         
292          285         
292          290         
292          219         
292          239         
235          238         
235          221         
235          176         
235          230         
235          222         
235          240         
235          197         
235          190         
235          243         
235          236         
264          281         
264          214         
321          296         
321          320         
42           36          
22           25          
22           21          
22           20          
213          212         
213          219         
213          207         
213          205         
213          214         
213          208         
155          214         
155          152         
155          153         
308          309         
308          310         
89           174         
89           44          
89           78          
33           36          
357          358         
283          275         
283          285         
283          277         
283          310         
283          281         
309          319         
309          302         
309          279         
309          325         
309          303         
309          313         
309          263         
309          315         
309          299         
309          323         
309          311         
309          298         
309          332         
309          329         
309          291         
309          333         
309          337         
309          243         
309          274         
309          320         
309          312         
309          322         
309          305         
309          310         
309          328         
309          285         
309          316         
309          306         
309          290         
309          271         
191          244         
191          197         
191          190         
353          354         
353          355         
229          230         
229          222         
17           15          
17           16          
169          166         
169          165         
169          147         
169          150         
169          318         
169          167         
169          133         
169          152         
298          310         
298          281         
332          322         
332          310         
86           85          
86           84          
224          221         
224          226         
224          210         
224          217         
224          220         
224          219         
224          207         
224          214         
224          222         
23           25          
23           21          
23           20          
203          210         
203          207         
203          214         
329          328         
103          208         
103          108         
103          113         
103          100         
103          97          
140          142         
140          126         
159          166         
159          165         
159          161         
159          167         
159          156         
159          214         
159          152         
168          166         
168          165         
168          147         
168          161         
168          167         
168          186         
168          211         
168          214         
300          290         
300          281         
300          316         
205          206         
205          211         
205          207         
205          208         
291          319         
291          285         
291          279         
291          290         
291          305         
291          310         
291          271         
281          338         
281          275         
281          279         
281          263         
281          274         
281          312         
281          310         
281          285         
281          277         
281          270         
241          240         
214          217         
214          289         
214          279         
214          272         
214          209         
214          211         
214          202         
214          127         
214          222         
214          152         
214          212         
214          200         
214          165         
214          210         
214          243         
214          274         
214          221         
214          161         
214          312         
214          170         
214          207         
214          190         
214          288         
214          247         
214          153         
214          166         
214          174         
214          176         
214          173         
214          167         
214          226         
214          206         
214          147         
214          252         
214          219         
214          270         
214          189         
214          271         
222          238         
222          221         
222          210         
222          220         
222          230         
222          228         
222          245         
222          209         
222          197         
222          243         
222          257         
261          259         
261          21          
261          260         
333          338         
333          310         
24           25          
212          210         
212          272         
212          206         
212          207         
212          208         
165          186         
165          167         
165          211         
165          137         
165          202         
165          178         
165          108         
165          133         
165          127         
165          152         
165          200         
165          210         
165          147         
165          161         
165          170         
165          150         
165          153         
165          166         
165          174         
165          162         
165          134         
165          163         
165          156         
165          157         
165          180         
210          194         
210          217         
210          211         
210          21          
210          209         
210          202         
210          221         
210          197         
210          182         
210          207         
210          242         
210          176         
210          208         
210          219         
210          243         
210          189         
87           57          
77           76          
15           5           
15           14          
15           1           
15           12          
15           10          
135          195         
135          136         
135          133         
135          134         
135          132         
135          137         
135          152         
320          319         
320          323         
320          313         
320          316         
320          310         
245          251         
245          247         
245          252         
245          243         
245          244         
245          249         
312          323         
312          285         
312          349         
312          313         
312          316         
312          310         
312          311         
38           36          
58           36          
58           55          
58           65          
58           57          
207          226         
207          217         
207          206         
207          211         
207          209         
207          152         
207          195         
207          208         
207          220         
207          111         
207          219         
305          323         
305          313         
305          316         
305          310         
310          319         
310          275         
310          277         
310          302         
310          316         
310          325         
310          303         
310          313         
310          263         
310          299         
310          311         
310          323         
310          318         
310          274         
310          322         
310          328         
310          285         
310          290         
310          271         
76           97          
76           75          
76           55          
25           20          
25           21          
187          190         
187          186         
187          173         
187          189         
187          152         
35           36          
242          239         
242          236         
242          100         
242          21          
166          167         
166          137         
166          202         
166          152         
166          161         
166          170         
166          150         
166          153         
166          147         
166          173         
166          108         
166          156         
166          157         
174          173         
174          176         
174          186         
174          189         
176          173         
176          243         
176          186         
176          178         
176          189         
208          226         
208          209         
208          206         
208          180         
238          240         
238          220         
238          252         
238          243         
238          244         
238          237         
238          236         
238          239         
146          147         
220          221         
220          244         
220          217         
220          219         
104          108         
104          105         
290          275         
290          279         
290          285         
290          277         
290          316         
294          296         
162          163         
162          167         
162          156         
260          259         
126          125         
16           12          
111          108         
111          113         
111          100         
219          226         
219          217         
219          272         
219          247         
219          202         
219          221         
219          209         
219          127         
219          152         
219          190         
219          189         
27           36          
156          161         
156          167         
156          150         
156          157         
156          152         
157          150         
157          161         
157          167         
157          133         
157          134         
12           1           
189          190         
189          217         
189          186         
189          182         
189          152         
180          182         
180          133         
180          167         
180          178         
271          285         
271          316         
271          279         
271          270         
319          316         
338          279         
36           78          
36           83          
36           28          
36           46          
36           57          
36           44          
36           30          
36           32          
36           20          
36           39          
36           55          
323          302         
323          337         
323          303         
323          313         
323          316         
323          263         
323          274         
323          322         
323          311         
323          285         
302          274         
302          296         
196          239         
196          195         
279          277         
279          285         
279          251         
279          275         
279          316         
279          221         
121          21          
121          194         
356          355         
356          20          
65           55          
65           74          
65           57          
65           75          
44           46          
303          316         
247          251         
247          252         
247          243         
247          244         
313          285         
313          274         
313          318         
313          316         
313          311         
316          263         
316          315         
316          274         
316          328         
316          322         
316          311         
206          211         
211          167         
263          274         
263          299         
137          167         
137          150         
137          134         
137          136         
137          108         
137          133         
137          153         
137          161         
137          132         
137          152         
199          200         
199          194         
199          197         
199          230         
199          195         
178          167         
178          161         
178          108         
178          133         
202          252         
202          243         
84           85          
84           97          
100          97          
100          106         
100          113         
100          99          
100          91          
100          94          
100          98          
100          96          
100          110         
100          108         
100          95          
99           98          
99           97          
99           108         
5            1           
221          275         
221          226         
221          209         
221          217         
221          243         
221          190         
75           55          
4            1           
150          167         
150          133         
150          132         
150          131         
150          152         
150          147         
150          161         
150          153         
150          134         
150          108         
236          240         
236          230         
236          244         
236          252         
236          243         
236          239         
236          237         
19           20          
228          230         
228          217         
228          197         
136          134         
136          133         
136          132         
136          152         
209          226         
127          167         
127          108         
127          113         
127          152         
57           53          
186          190         
186          173         
197          194         
197          234         
197          230         
197          192         
197          200         
197          195         
197          182         
74           108         
74           55          
132          130         
132          133         
132          134         
132          131         
132          153         
131          133         
131          134         
296          297         
91           97          
91           167         
91           108         
91           113         
91           152         
116          115         
116          118         
116          117         
244          240         
244          252         
244          243         
244          239         
152          167         
152          94          
152          113         
152          153         
152          161         
152          170         
152          145         
152          133         
152          134         
152          108         
361          360         
200          194         
200          167         
200          243         
200          153         
240          252         
240          243         
240          239         
94           97          
94           108         
230          194         
230          243         
10           1           
274          275         
274          272         
274          285         
274          277         
274          270         
251          275         
251          252         
251          190         
195          194         
195          108         
195          113         
161          167         
170          167         
170          108         
98           108         
98           97          
190          173         
237          239         
153          134         
153          167         
147          167         
147          145         
96           97          
285          277         
285          275         
285          270         
1            360         
1            2           
1            3           
110          108         
277          275         
134          167         
134          133         
134          130         
108          97          
108          106         
108          167         
108          113         
108          95          
108          130         
252          243         
252          239         
95           97          
95           113         
20           21          
269          270         
130          133         
270          272         
194          192         
226          272         
226          234         
97           106         
106          113         
167          133         
55           54          
