0       2.8847        0.0428228    
1       12.2028       0.044563     
2       2.34988       0.0484959    
3       2.59659       0.054487     
4       3.00307       0.0608977    
5       4.93642       0.0836252    
6       0.737961      0.0917336    
7       0.519701      0.0935012    
8       13.3593       0.0940698    
9       0.747244      0.0961986    
10      4.68774       0.106571     
11      0.546743      0.128862     
12      6.17121       0.129107     
13      2.92582       0.143819     
14      0.624024      0.148619     
15      9.0955        0.149058     
16      2.46316       0.172986     
17      2.4357        0.173498     
18      0.799718      0.191126     
19      0.344625      0.192882     
20      7.88873       0.193135     
21      10.1519       0.204077     
22      3.57405       0.205103     
23      3.68338       0.217947     
24      0.643489      0.226528     
25      5.22856       0.227168     
26      7.70166       0.246381     
27      2.9838        0.247178     
28      3.79358       0.287461     
29      8.57963       0.292112     
30      3.30083       0.295446     
31      5.77447       0.307175     
32      3.18564       0.334015     
33      0.837039      0.339797     
34      2.62722       0.343139     
35      0.430605      0.346787     
36      29.7201       0.348384     
37      0.504909      0.34872      
38      0.588272      0.351635     
39      0.649466      0.353387     
40      0.687396      0.355229     
41      4.56707       0.359469     
42      3.07027       0.371552     
43      5.1115        0.384721     
44      7.67195       0.411706     
45      3.22511       0.41272      
46      11.739        0.495266     
47      3.59083       0.495345     
48      10.7099       0.576248     
49      10.4555       0.579033     
50      11.7121       0.587772     
51      4.17055       0.593776     
52      1.94014       0.60118      
53      3.00762       0.609103     
54      1.94161       0.633043     
55      16.6269       0.635715     
56      12.8864       0.667751     
57      20.1258       0.670462     
58      12.665        0.675421     
59      9.42757       0.682931     
60      0.55478       0.685641     
61      1.87898       0.70086      
62      0.544157      0.701186     
63      16.8018       0.730006     
64      7.14665       0.731047     
65      16.9949       0.736061     
66      15.9442       0.74528      
67      7.5632        0.780729     
68      0.56856       0.792921     
69      0.589013      0.796578     
70      55.6741       0.798825     
71      0.416433      0.799652     
72      0.529039      0.803034     
73      7.47798       0.814861     
74      10.9991       0.853794     
75      5.52999       0.879694     
76      5.41475       0.880845     
77      1.9285        0.885237     
78      8.49843       0.924026     
79      6.42589       0.931214     
80      0.57698       0.932185     
81      15.9684       0.988279     
82      8.88575       1.05796      
83      8.81784       1.05797      
84      3.01113       1.08491      
85      3.05375       1.0852       
86      4.46487       1.08555      
87      5.46878       1.14238      
88      4.05092       1.16328      
89      5.15461       1.1641       
90      5.93201       1.19702      
91      9.81431       1.20044      
92      7.13641       1.23418      
93      17.6663       1.23633      
94      9.18519       1.23936      
95      6.57672       1.26854      
96      1.66723       1.28165      
97      14.6916       1.29197      
98      3.3243        1.29266      
99      3.29866       1.29402      
100     20.0261       1.30045      
101     5.46986       1.30904      
102     2.71331       1.31068      
103     6.89585       1.32625      
104     1.77069       1.34638      
105     0.711278      1.34685      
106     4.66153       1.35752      
107     7.90987       1.37986      
108     44.9346       1.3928       
109     4.00565       1.4025       
110     6.42711       1.40429      
111     10.0677       1.42811      
112     4.25021       1.4679       
113     18.9588       1.47805      
114     2.77242       1.48286      
115     1.04129       1.52228      
116     2.56406       1.52339      
117     0.464765      1.52364      
118     3.40943       1.52776      
119     2.16741       1.64596      
120     0.788898      1.64656      
121     4.30574       1.65544      
122     0.497794      1.66321      
123     16.1855       1.66382      
124     0.765415      1.6661       
125     0.447899      1.68263      
126     2.87842       1.68276      
127     13.9141       1.7061       
128     12.9871       1.73125      
129     2.37732       1.73359      
130     5.75881       1.78619      
131     3.61012       1.80485      
132     8.24317       1.80854      
133     22.2258       1.80875      
134     14.4073       1.82356      
135     6.32874       1.82972      
136     5.36192       1.83327      
137     14.5569       1.84182      
138     3.16957       1.85934      
139     0.665665      1.90933      
140     4.63404       1.91018      
141     0.29837       1.91037      
142     1.02199       1.91227      
143     3.71667       1.93308      
144     3.03261       1.95362      
145     2.98048       1.95428      
146     2.36881       1.96161      
147     9.68335       1.96868      
148     0.824571      1.99449      
149     8.75516       2.0165       
150     21.8867       2.02501      
151     88.3901       2.02507      
152     45.1485       2.05776      
153     17.4101       2.06129      
154     12.2327       2.06525      
155     3.07881       2.09215      
156     12.227        2.13125      
157     7.46686       2.13599      
158     8.60246       2.19122      
159     8.51581       2.20536      
160     18.3782       2.21907      
161     18.3587       2.22296      
162     3.80058       2.2468       
163     0.981945      2.2475       
164     15.9239       2.27357      
165     46.2954       2.29071      
166     32.4403       2.30066      
167     41.2402       2.30328      
168     14.7987       2.33286      
169     9.72204       2.3613       
170     12.0467       2.41688      
171     7.64851       2.45355      
172     8.72245       2.48665      
173     10.6251       2.56239      
174     10.6149       2.56312      
175     0.479639      2.59494      
176     13.8602       2.59536      
177     19.2028       2.63838      
178     12.6168       2.63995      
179     1.87521       2.64479      
180     9.03406       2.64877      
181     32.1628       2.65485      
182     7.28395       2.6797       
183     2.87509       2.71129      
184     8.11091       2.76103      
185     7.9909        2.7686       
186     13.0676       2.76987      
187     7.0228        2.77262      
188     13.1712       2.77524      
189     15.2591       2.77615      
190     13.4917       2.78736      
191     6.24269       2.87391      
192     4.51846       2.94148      
193     20.1374       2.95742      
194     13.9166       2.95867      
195     9.21663       2.97364      
196     1.60095       2.97482      
197     25.4239       3.02915      
198     64.6328       3.03363      
199     9.76824       3.08608      
200     13.4148       3.11351      
201     90.9008       3.13978      
202     12.6263       3.15942      
203     6.37391       3.26087      
204     40.4109       3.26782      
205     7.50894       3.32729      
206     8.68032       3.32777      
207     27.1449       3.35941      
208     13.5489       3.36347      
209     10.0706       3.37569      
210     34.8566       3.39687      
211     10.5106       3.43561      
212     9.61238       3.47474      
213     9.81635       3.48652      
214     90.1597       3.57595      
215     11.6011       3.59759      
216     40.6288       3.59793      
217     15.1058       3.61343      
218     12.7723       3.61411      
219     28.3707       3.73748      
220     15.0154       3.77257      
221     24.1609       3.79516      
222     20.7707       3.79692      
223     6.36685       3.79731      
224     13.8747       3.80536      
225     1.61475       3.82007      
226     10.6485       3.84392      
227     1.83392       3.87281      
228     4.80589       3.87286      
229     3.42999       3.89502      
230     8.8352        3.89741      
231     4.43627       3.90631      
232     19.1817       3.91219      
233     4.21203       3.9226       
234     6.88233       3.94335      
235     16.7641       4.02747      
236     13.1951       4.05559      
237     2.94739       4.06515      
238     14.0118       4.06778      
239     13.0156       4.07373      
240     9.4846        4.0904       
241     0.405012      4.09099      
242     6.54079       4.12988      
243     29.5357       4.20536      
244     15.635        4.20601      
245     10.7117       4.24874      
246     14.425        4.26089      
247     9.10869       4.26549      
248     10.2804       4.2831       
249     2.54531       4.29494      
250     3.4352        4.29703      
251     8.41725       4.32503      
252     18.2208       4.34201      
253     5.81992       4.34324      
254     7.06878       4.37631      
255     8.51498       4.38894      
256     7.57705       4.3922       
257     5.83388       4.48845      
258     13.63         4.4892       
259     5.09686       4.58946      
260     2.63524       4.59133      
261     7.1047        4.59285      
262     35.0795       4.61009      
263     15.2877       4.72753      
264     5.37366       4.77539      
265     15.3632       4.78488      
266     0.473446      4.78509      
267     14.2705       4.82968      
268     20.449        4.83831      
269     2.91151       4.85887      
270     12.1001       4.87711      
271     13.1532       4.88081      
272     9.2004        4.92566      
273     14.1827       4.9401       
274     24.7513       5.00503      
275     22.3321       5.03249      
276     17.5802       5.03265      
277     15.3078       5.03402      
278     9.74222       5.04024      
279     19.2233       5.13794      
280     8.815         5.13896      
281     26.9577       5.15962      
282     3.43004       5.17334      
283     7.07371       5.20769      
284     7.09541       5.21215      
285     26.5969       5.21482      
286     4.77163       5.24977      
287     46.3087       5.25609      
288     1.84994       5.2713       
289     1.85535       5.27706      
290     14.6222       5.31637      
291     12.6332       5.319        
292     28.1356       5.31935      
293     0.849867      5.33289      
294     0.960409      5.37465      
295     3.31146       5.37474      
296     3.34522       5.37599      
297     1.606         5.378        
298     4.95518       5.39206      
299     4.39212       5.40377      
300     5.03899       5.43412      
301     6.73745       5.43646      
302     6.1522        5.464        
303     6.06934       5.48686      
304     1.13968       5.50606      
305     7.58536       5.51929      
306     0.651026      5.52932      
307     0.567686      5.53294      
308     2.03577       5.53855      
309     49.8146       5.54796      
310     49.3215       5.55697      
311     4.06008       5.56499      
312     17.6266       5.57353      
313     14.3016       5.57654      
314     20.4146       5.60649      
315     1.03995       5.62076      
316     28.6346       5.62144      
317     2.5684        5.62641      
318     2.68613       5.63527      
319     6.60446       5.64667      
320     6.54373       5.66676      
321     1.5607        5.66786      
322     13.0204       5.70875      
323     27.9501       5.71746      
324     10.5396       5.79185      
325     4.50519       5.84793      
326     10.3673       5.84859      
327     10.2539       5.85094      
328     3.88673       5.8739       
329     3.01742       5.87416      
330     8.0977        5.89789      
331     9.94904       5.90513      
332     6.35342       5.90807      
333     8.24882       5.93242      
334     4.68045       5.93537      
335     7.16046       5.96232      
336     7.56844       5.97197      
337     7.61114       5.97305      
338     10.0719       6.06339      
339     17.4586       6.06483      
340     3.12178       6.10317      
341     11.7316       6.10447      
342     0.938942      6.10847      
343     4.59567       6.1086       
344     3.71279       6.11502      
345     2.97275       6.15818      
346     2.98279       6.15829      
347     2.00723       6.17234      
348     0.363372      6.17238      
349     3.30415       6.18121      
350     10.2556       6.18358      
351     0.537097      6.18477      
352     1.0662        6.18695      
353     2.70287       6.22034      
354     0.751873      6.22039      
355     4.59693       6.23358      
356     5.92644       6.23606      
357     0.449519      6.2488       
358     1.67121       6.24901      
359     6.15114       6.25301      
360     2.25012       6.26232      
361     3.22171       6.26464      
362     2.63678       6.26662      
363     0.331584      6.2668       
