0       0.863108      0.114258     
1       3.44155       0.116099     
2       0.46594       0.116294     
3       1.04753       0.159126     
4       0.854955      0.164767     
5       0.775696      0.170147     
6       38.9689       0.172656     
7       0.601603      0.173512     
8       0.609491      0.176714     
9       0.722645      0.181038     
10      1.72976       0.191006     
11      7.23571       0.196112     
12      1.46645       0.197332     
13      2.27726       0.235409     
14      1.61803       0.238547     
15      1.49102       0.240886     
16      1.85615       0.242508     
17      2.67821       0.274717     
18      0.464897      0.280043     
19      5.45606       0.280765     
20      2.55024       0.284322     
21      0.708178      0.320836     
22      4.76645       0.321219     
23      3.1744        0.367513     
24      0.63749       0.373302     
25      5.6958        0.374837     
26      0.518008      0.37526      
27      4.03831       0.396066     
28      0.706732      0.396163     
29      2.11634       0.41016      
30      4.49314       0.416755     
31      2.72374       0.419118     
32      8.89652       0.431473     
33      3.5666        0.437247     
34      0.659876      0.464548     
35      8.6439        0.465719     
36      0.791883      0.468225     
37      6.73794       0.491944     
38      0.741524      0.49327      
39      4.7942        0.535809     
40      10.5241       0.545674     
41      6.27752       0.561586     
42      1.82803       0.580576     
43      0.481551      0.587046     
44      10.9977       0.588916     
45      4.85956       0.598626     
46      7.54106       0.608184     
47      12.1414       0.617977     
48      6.13973       0.652584     
49      2.58687       0.752026     
50      8.8685        0.760742     
51      7.88158       0.765649     
52      3.97754       0.811745     
53      2.71276       0.813396     
54      3.95689       0.814354     
55      2.87261       0.857359     
56      0.689855      0.873209     
57      0.492524      0.876272     
58      16.7632       0.877455     
59      1.91066       0.880899     
60      4.01087       0.896243     
61      2.27562       0.910091     
62      2.16931       0.921868     
63      12.2854       0.924156     
64      20.551        0.926634     
65      2.27761       0.933056     
66      6.33394       0.953481     
67      3.92426       0.95366      
68      2.63104       0.998825     
69      3.91797       1.00131      
70      16.7706       1.08114      
71      8.57666       1.17879      
72      4.62365       1.18605      
73      13.2309       1.23851      
74      5.00489       1.24284      
75      9.24298       1.32525      
76      5.31582       1.40171      
77      12.1453       1.41332      
78      2.13315       1.4177       
79      38.4465       1.50296      
80      14.2601       1.52728      
81      5.63913       1.60433      
82      7.64798       1.61555      
83      4.00236       1.69984      
84      3.1223        1.70229      
85      12.7774       1.73407      
86      17.3609       1.73988      
87      6.56775       1.75105      
88      8.46659       1.76967      
89      3.53721       1.81957      
90      4.21454       1.82052      
91      2.37855       1.84057      
92      2.92239       1.8542       
93      8.58614       1.88339      
94      30.087        1.89921      
95      9.74964       1.90871      
96      0.347996      1.93066      
97      0.263532      1.93393      
98      0.250667      1.93758      
99      90.4784       1.94526      
100     9.02466       1.96053      
101     31.7604       1.96847      
102     12.0838       2.02029      
103     47.2674       2.02467      
104     10.7405       2.08155      
105     0.339291      2.08284      
106     4.15394       2.12214      
107     5.75993       2.15138      
108     5.8461        2.16798      
109     5.42867       2.20005      
110     10.9596       2.25078      
111     4.43401       2.26074      
112     1.84082       2.28843      
113     65.7236       2.29961      
114     9.25797       2.31582      
115     9.22831       2.34044      
116     2.30823       2.38399      
117     5.39128       2.38551      
118     4.24435       2.41873      
119     10.6768       2.42699      
120     8.56784       2.46887      
121     6.68874       2.52245      
122     52.6684       2.57206      
123     8.02178       2.58774      
124     9.04132       2.61643      
125     15.7517       2.62544      
126     13.3758       2.66105      
127     5.36924       2.73924      
128     7.19192       2.73971      
129     0.280822      2.75904      
130     30.421        2.76149      
131     0.291348      2.76347      
132     9.10703       2.78314      
133     4.67343       2.79022      
134     14.2655       2.85153      
135     89.9039       2.86488      
136     11.3402       2.88871      
137     4.6574        2.95575      
138     6.47375       2.95851      
139     18.4371       2.98715      
140     11.3578       3.01374      
141     24.2572       3.04747      
142     13.4757       3.08145      
143     0.73721       3.13905      
144     8.8976        3.1439       
145     11.5157       3.15363      
146     5.56911       3.15604      
147     0.871579      3.16391      
148     3.44486       3.17133      
149     6.22669       3.21966      
150     1.75939       3.25508      
151     3.42323       3.25709      
152     8.3828        3.27026      
153     3.09019       3.27692      
154     8.05326       3.33695      
155     7.07378       3.34518      
156     31.215        3.36413      
157     19.3457       3.36514      
158     5.328         3.39122      
159     5.92394       3.42633      
160     9.9145        3.52077      
161     2.38892       3.55516      
162     15.6022       3.59058      
163     23.6964       3.60932      
164     13.5428       3.61032      
165     10.415        3.61603      
166     3.79194       3.68117      
167     0.475663      3.68131      
168     5.2004        3.69887      
169     4.54259       3.71336      
170     14.3547       3.72078      
171     23.1953       3.75698      
172     4.86358       3.76711      
173     3.76352       3.76847      
174     3.819         3.77103      
175     2.227         3.80491      
176     10.0357       3.80734      
177     9.48205       3.9385       
178     10.0621       3.9844       
179     10.8991       3.98699      
180     1.60042       4.00824      
181     6.87508       4.01399      
182     10.3196       4.05299      
183     20.8794       4.06162      
184     8.41257       4.06322      
185     15.8524       4.08546      
186     3.92026       4.10446      
187     1.36985       4.10545      
188     3.93808       4.10656      
189     3.7826        4.12442      
190     1.87112       4.157        
191     6.04731       4.1594       
192     12.8606       4.19489      
193     11.7597       4.19517      
194     6.3806        4.20409      
195     13.1078       4.20766      
196     1.52965       4.21764      
197     4.39509       4.42732      
198     8.14746       4.42835      
199     0.983812      4.52781      
200     0.523466      4.53017      
201     8.4282        4.53226      
202     2.2802        4.533        
203     0.718957      4.53631      
204     0.848722      4.53877      
205     2.82971       4.54197      
206     3.13849       4.56899      
207     0.707329      4.56905      
208     8.53379       4.64881      
209     6.97832       4.65563      
210     2.12625       4.71035      
211     5.65005       4.71622      
212     7.92628       4.72262      
213     2.25074       4.72954      
214     2.04481       4.78124      
215     11.2225       4.7858       
216     8.434         4.80186      
217     0.619518      4.87326      
218     43.5764       4.87742      
219     11.8488       4.90307      
220     0.579205      4.96378      
221     18.5963       4.96876      
222     16.4683       4.99187      
223     6.44395       4.99693      
224     9.079         5.038        
225     10.2111       5.04406      
226     6.59535       5.06198      
227     16.2523       5.06946      
228     13.5187       5.08257      
229     2.30373       5.08611      
230     0.627838      5.12507      
231     2.93798       5.12585      
232     0.956152      5.12771      
233     7.23583       5.1509       
234     7.25719       5.1547       
235     4.10575       5.17168      
236     4.47115       5.19963      
237     9.31292       5.20982      
238     0.473294      5.21034      
239     7.3843        5.22827      
240     20.5036       5.33467      
241     1.84055       5.40498      
242     2.69302       5.40649      
243     1.9934        5.40971      
244     3.44349       5.44543      
245     22.4182       5.45149      
246     0.932647      5.52967      
247     4.10994       5.53225      
248     0.349345      5.53226      
249     0.724822      5.53446      
250     0.910602      5.53603      
251     4.55244       5.54468      
252     23.2764       5.57733      
253     10.8251       5.59511      
254     5.53147       5.65246      
255     5.26968       5.67559      
256     2.04369       5.71655      
257     18.8726       5.72743      
258     7.92711       5.74853      
259     9.11081       5.74998      
260     6.92521       5.77336      
261     1.56697       5.78121      
262     1.68439       5.79275      
263     23.9413       5.83116      
264     9.53321       5.83233      
265     2.97955       5.84806      
266     29.3746       5.85008      
267     0.412518      5.85806      
268     3.48179       5.87353      
269     24.6731       5.88483      
270     2.34475       5.88579      
271     37.5034       5.90136      
272     1.80698       5.90337      
273     4.98547       5.9183       
274     2.138         5.94077      
275     2.56355       6.04577      
276     4.78085       6.04673      
277     5.67243       6.07128      
278     3.43224       6.08091      
279     4.79068       6.08673      
280     0.827042      6.13547      
281     7.90402       6.13739      
282     0.619476      6.13899      
283     1.02732       6.1416       
284     2.58329       6.15278      
285     3.45686       6.16261      
286     0.509265      6.17199      
287     6.25809       6.17285      
288     2.23309       6.17657      
289     4.53926       6.19001      
290     0.670468      6.19023      
291     2.88645       6.25315      
292     0.349345      6.2571       
293     10.5324       6.25784      
294     0.337386      6.25892      
295     2.82204       6.26202      
