328          329         
31           23          
31           66          
31           8           
31           208         
31           30          
31           84          
313          315         
313          312         
313          314         
313          310         
235          247         
235          245         
235          238         
235          242         
235          243         
235          229         
235          162         
235          239         
235          231         
235          236         
235          237         
235          234         
201          94          
201          134         
201          199         
201          248         
201          202         
201          162         
201          23          
201          200         
201          161         
201          206         
21           23          
197          194         
197          202         
197          198         
197          262         
197          204         
197          193         
197          183         
197          134         
197          188         
197          181         
197          196         
197          208         
197          180         
197          190         
197          215         
197          195         
197          206         
197          191         
197          154         
197          199         
197          182         
197          91          
197          187         
197          179         
197          153         
197          192         
275          274         
194          181         
194          196         
194          163         
194          195         
194          222         
194          172         
194          193         
38           37          
38           42          
38           36          
38           34          
38           39          
38           23          
38           40          
38           60          
38           43          
62           134         
62           60          
301          299         
301          300         
300          302         
300          299         
300          298         
300          308         
280          289         
280          281         
280          287         
280          278         
280          279         
147          114         
147          155         
147          149         
147          137         
147          143         
147          148         
147          150         
147          146         
147          133         
150          94          
150          154         
150          111         
150          126         
150          157         
150          155         
150          149         
150          137         
150          140         
150          136         
150          148         
150          99          
150          159         
150          95          
150          163         
150          125         
150          161         
55           52          
55           134         
55           41          
55           54          
55           50          
55           51          
55           23          
55           53          
55           47          
55           45          
23           16          
23           63          
23           29          
23           57          
23           73          
23           26          
23           13          
23           15          
23           30          
23           52          
23           134         
23           42          
23           35          
23           41          
23           11          
23           39          
23           22          
23           17          
23           28          
23           48          
23           168         
23           32          
23           20          
23           14          
23           24          
23           37          
23           27          
23           34          
23           65          
23           66          
23           49          
23           50          
23           33          
23           25          
23           18          
23           46          
23           172         
23           47          
23           43          
23           9           
23           335         
23           54          
23           19          
23           53          
23           8           
23           51          
23           56          
23           61          
23           5           
310          311         
135          111         
135          134         
135          130         
135          174         
135          128         
135          170         
135          114         
135          173         
135          162         
135          163         
135          126         
135          133         
13           8           
13           15          
262          272         
262          263         
262          248         
262          202         
262          198         
262          274         
262          204         
262          279         
262          278         
262          134         
262          209         
262          261         
262          162         
262          196         
262          294         
262          268         
262          208         
262          258         
262          254         
262          199         
262          206         
262          291         
262          207         
262          283         
262          290         
262          242         
262          266         
262          271         
262          273         
86           88          
86           73          
86           84          
86           104         
86           163         
112          154         
112          111         
112          113         
112          114         
112          162         
112          125         
112          126         
112          133         
237          247         
237          227         
237          242         
237          230         
237          245         
237          240         
237          238         
237          258         
237          239         
237          243         
237          236         
237          241         
237          231         
237          222         
237          234         
279          258         
279          281         
279          263         
279          278         
279          268         
279          283         
279          272         
279          277         
279          271         
279          274         
279          282         
234          174         
234          261         
234          240         
234          242         
234          243         
234          162         
234          231         
234          236         
118          111         
118          134         
118          119         
118          114         
118          162         
118          101         
118          125         
118          126         
118          133         
118          104         
52           198         
52           41          
52           54          
52           49          
52           50          
52           51          
52           53          
111          88          
111          142         
111          124         
111          107         
111          164         
111          116         
111          137         
111          153         
111          143         
111          151         
111          129         
111          110         
111          158         
111          82          
111          117         
111          134         
111          85          
111          157         
111          155         
111          131         
111          149         
111          119         
111          139         
111          89          
111          136         
111          114         
111          100         
111          162         
111          106         
111          163         
111          152         
111          102         
111          84          
111          133         
111          166         
111          67          
111          94          
111          138         
111          97          
111          122         
111          96          
111          199         
111          66          
111          76          
111          113         
111          8           
111          127         
111          99          
111          159         
111          83          
111          109         
111          123         
111          125         
111          156         
111          161         
111          101         
111          121         
111          108         
111          154         
111          41          
111          98          
111          130         
111          140         
111          87          
111          184         
111          181         
111          128         
111          120         
111          179         
111          148         
111          141         
111          105         
111          115         
111          126         
111          104         
111          103         
134          88          
134          142         
134          164         
134          140         
134          137         
134          176         
134          143         
134          151         
134          173         
134          119         
134          124         
134          114         
134          169         
134          188         
134          174         
134          165         
134          41          
134          139         
134          116         
134          136         
134          172         
134          171         
134          162         
134          196         
134          163         
134          168         
134          185         
134          133         
134          166         
134          178         
134          129         
134          138         
134          152         
134          85          
134          202         
134          66          
134          170         
134          113         
134          83          
134          125         
134          167         
134          47          
134          84          
134          191         
134          154         
134          76          
134          131         
134          130         
134          87          
134          184         
134          181         
134          128         
134          120         
134          199         
134          148         
134          91          
134          187         
134          179         
134          153         
134          186         
134          192         
134          126         
134          104         
134          198         
42           43          
42           44          
42           54          
42           39          
42           33          
42           41          
42           60          
42           15          
42           32          
42           47          
174          169         
174          164         
174          261         
174          173         
174          198         
174          117         
174          176         
174          188         
174          230         
174          167         
174          171         
174          187         
174          162         
174          163         
174          226         
174          168         
174          185         
174          166         
174          157         
174          122         
174          265         
174          170         
174          172         
174          191         
174          154         
174          222         
174          184         
174          227         
174          238         
174          242         
174          141         
174          229         
174          175         
174          231         
35           53          
35           39          
35           43          
149          154         
149          155         
149          142         
149          137         
149          143         
149          114         
149          148         
149          146         
149          163         
149          115         
10           11          
139          142         
139          154         
139          137         
139          113         
139          162         
139          133         
230          227         
230          240         
230          238         
230          243         
230          229         
230          162         
230          231         
230          239         
230          175         
89           88          
89           114         
89           84          
39           44          
39           37          
39           36          
39           40          
39           60          
39           47          
39           43          
189          190         
218          217         
218          236         
218          162         
218          220         
218          216         
12           11          
299          302         
299          242         
299          243         
299          298         
299          200         
299          254         
299          266         
299          233         
249          248         
163          142         
163          169         
163          164         
163          202         
163          137         
163          173         
163          165         
163          140         
163          171         
163          162         
163          161         
163          152         
163          166         
163          145         
163          138         
163          157         
163          265         
163          170         
163          156         
163          46          
163          172         
163          191         
163          154         
163          155         
163          87          
163          148         
163          141         
163          187         
226          242         
226          184         
226          227         
226          245         
226          258         
226          243         
226          162         
226          231         
226          222         
295          296         
295          297         
295          294         
295          293         
102          104         
102          101         
102          100         
185          191         
185          183         
185          188         
185          165         
185          184         
185          170         
185          172         
185          187         
185          162         
185          166         
32           53          
32           50          
32           33          
32           8           
32           15          
32           51          
69           70          
69           68          
69           66          
69           75          
69           73          
69           71          
69           84          
14           8           
14           15          
94           96          
94           181         
94           153         
94           179         
94           92          
94           95          
94           56          
94           125         
94           93          
94           177         
94           166         
94           206         
94           45          
317          325         
317          329         
317          318         
317          319         
77           75          
77           73          
77           84          
190          191         
190          188         
190          181         
190          202         
190          187         
190          162         
190          196         
190          195         
190          192         
190          198         
211          216         
211          214         
211          199         
211          207         
211          205         
211          219         
211          209         
211          212         
211          215         
211          210         
211          217         
211          204         
211          206         
160          161         
122          127         
122          123         
122          121         
332          333         
224          216         
224          253         
224          225         
224          223         
224          238         
224          242         
224          221         
224          162         
224          233         
224          277         
224          231         
224          236         
259          258         
65           64          
65           66          
65           63          
65           84          
66           8           
66           87          
66           76          
66           83          
66           75          
66           73          
66           82          
66           84          
66           67          
320          329         
320          319         
240          242         
240          272         
240          271         
240          245         
240          238         
240          258         
240          239         
240          243         
240          254         
240          236         
240          241         
240          222         
50           43          
50           44          
50           54          
50           49          
50           41          
50           33          
50           91          
50           51          
50           18          
50           61          
50           47          
50           53          
33           43          
33           15          
221          216         
221          219         
221          220         
221          215         
99           98          
99           101         
99           100         
99           136         
99           114         
99           125         
99           126         
99           133         
99           104         
254          247         
254          263         
254          283         
254          242         
254          245         
254          258         
254          243         
254          298         
254          238         
254          274         
203          215         
203          202         
195          191         
195          141         
195          196         
195          172         
255          258         
285          258         
285          286         
285          263         
285          283         
285          274         
46           43          
46           49          
46           170         
46           198         
282          281         
282          263         
282          283         
282          258         
282          274         
282          251         
167          169         
167          164         
167          172         
167          171         
167          162         
167          166         
47           54          
47           43          
47           51          
47           53          
154          142         
154          124         
154          164         
154          137         
154          176         
154          153         
154          143         
154          151         
154          198         
154          181         
154          136         
154          171         
154          162         
154          196         
154          152         
154          133         
154          166         
154          145         
154          129         
154          138         
154          157         
154          199         
154          170         
154          113         
154          159         
154          125         
154          156         
154          161         
154          191         
154          76          
154          130         
154          155         
154          184         
154          128         
154          179         
154          148         
154          126         
154          104         
257          258         
257          283         
257          256         
257          263         
257          271         
98           104         
130          129         
130          124         
130          138         
130          128         
130          137         
130          116         
130          136         
130          170         
130          131         
130          162         
130          119         
130          125         
130          126         
130          133         
220          216         
220          219         
220          209         
220          212         
220          217         
308          305         
308          309         
308          302         
308          304         
308          307         
308          312         
308          306         
309          215         
283          286         
283          272         
283          263         
283          261         
283          248         
283          276         
283          274         
283          281         
283          267         
283          222         
283          278         
283          284         
283          265         
283          258         
283          247         
283          242         
283          271         
283          236         
54           56          
54           43          
54           51          
54           53          
219          216         
219          209         
219          212         
219          199         
303          304         
287          286         
287          288         
287          248         
287          266         
287          277         
287          271         
287          274         
19           18          
182          183         
182          181         
182          179         
182          196         
182          180         
242          214         
242          263         
242          253         
242          223         
242          272         
242          198         
242          241         
242          274         
242          250         
242          246         
242          243         
242          162         
242          277         
242          222         
242          217         
242          278         
242          216         
242          245         
242          239         
242          244         
242          247         
242          227         
242          238         
242          228         
242          229         
242          266         
242          231         
242          236         
242          232         
91           88          
91           70          
91           181         
91           87          
91           178         
91           202         
91           261         
91           92          
91           192         
91           90          
91           166         
91           84          
212          216         
212          214         
212          207         
212          202         
212          213         
212          209         
212          187         
212          192         
212          184         
81           88          
81           73          
81           75          
81           84          
266          258         
266          271         
266          274         
186          187         
231          228         
231          265         
231          245         
231          238         
231          239         
231          243         
231          229         
231          162         
231          175         
231          222         
231          232         
115          114         
115          101         
115          184         
115          116         
115          148         
115          125         
115          126         
115          133         
61           60          
61           43          
232          243         
232          265         
251          263         
251          248         
251          258         
251          274         
251          236         
45           43          
45           5           
144          142         
144          137         
144          140         
144          143         
144          141         
144          145         
142          124         
142          155         
142          126         
142          140         
142          143         
142          141         
142          162         
142          125         
142          161         
142          133         
142          137         
142          104         
329          331         
329          323         
329          325         
329          333         
329          321         
329          5           
329          326         
329          330         
329          322         
329          327         
329          319         
63           73          
63           64          
124          104         
124          137         
124          143         
124          113         
124          114         
124          162         
124          125         
124          126         
124          133         
124          166         
124          84          
288          263         
288          258         
288          271         
288          274         
288          289         
44           43          
44           53          
253          258         
253          263         
253          252         
253          243         
137          164         
137          100         
137          143         
137          198         
137          155         
137          181         
137          140         
137          136         
137          114         
137          162         
137          133         
137          166         
137          145         
137          129         
137          138         
137          157         
137          199         
137          146         
137          125         
137          156         
137          161         
137          148         
137          141         
137          126         
137          104         
248          272         
248          263         
248          187         
248          202         
248          274         
248          250         
248          246         
248          162         
248          222         
248          265         
248          258         
248          245         
248          191         
248          247         
248          199         
248          184         
248          229         
248          271         
248          192         
202          198         
202          204         
202          181         
202          209         
202          196         
202          208         
202          180         
202          161         
202          206         
202          216         
202          199         
202          177         
223          162         
292          284         
292          293         
57           60          
1            337         
1            0           
173          184         
173          170         
173          162         
173          175         
173          172         
110          114         
110          162         
110          113         
276          274         
276          263         
276          258         
5            16          
5            8           
5            6           
58           60          
241          258         
241          245         
241          243         
241          238         
241          239         
274          286         
274          272         
274          263         
274          261         
274          260         
274          250         
274          281         
274          267         
274          246         
274          277         
274          222         
274          268         
274          278         
274          284         
274          265         
274          270         
274          269         
274          258         
274          245         
274          247         
274          199         
274          229         
274          271         
274          273         
274          236         
274          289         
210          209         
210          157         
210          155         
210          181         
193          180         
193          191         
193          196         
334          325         
334          335         
117          127         
117          256         
117          119         
117          114         
117          125         
117          126         
117          133         
117          166         
117          104         
250          243         
250          258         
281          258         
281          278         
281          277         
188          191         
188          184         
188          187         
188          170         
188          162         
188          196         
188          198         
338          0           
338          337         
165          164         
165          170         
165          172         
165          162         
165          166         
267          268         
68           172         
68           75          
68           73          
68           222         
68           84          
116          88          
116          104         
116          114         
116          162         
116          125         
116          126         
116          133         
136          157         
136          155         
136          164         
136          140         
136          127         
136          125         
136          162         
136          126         
136          133         
252          243         
252          263         
171          169         
171          164         
171          170         
171          172         
171          162         
246          258         
246          263         
246          245         
243          261         
243          222         
243          265         
243          258         
243          245         
243          239         
243          227         
243          238         
243          233         
243          236         
162          214         
162          164         
162          151         
162          198         
162          158         
162          176         
162          169         
162          119         
162          187         
162          152         
162          196         
162          168         
162          100         
162          133         
162          166         
162          129         
162          157         
162          85          
162          199         
162          265         
162          82          
162          170         
162          113         
162          127         
162          159         
162          125         
162          156         
162          161         
162          84          
162          138         
162          148         
162          126         
162          155         
162          87          
162          184         
162          227         
162          114         
162          120         
162          216         
162          244         
162          172         
162          229         
162          175         
162          236         
196          198         
196          204         
196          183         
196          176         
196          181         
196          180         
196          215         
196          200         
196          172         
196          206         
196          191         
196          199         
294          291         
294          337         
294          290         
294          293         
277          258         
277          263         
277          233         
168          169         
168          170         
168          172         
168          175         
168          166         
133          164         
133          140         
133          143         
133          151         
133          85          
133          155         
133          119         
133          114         
133          152         
133          100         
133          166         
133          129         
133          138         
133          170         
133          127         
133          125         
133          156         
133          101         
133          84          
133          131         
133          132         
133          128         
133          120         
133          148         
133          141         
133          126         
133          104         
166          88          
166          164         
166          143         
166          198         
166          114         
166          170         
166          336         
166          125         
166          161         
166          172         
166          131         
166          199         
166          184         
166          181         
166          179         
166          148         
166          187         
166          337         
24           25          
325          333         
325          318         
325          319         
325          324         
325          326         
97           96          
97           104         
97           100         
97           114         
97           101         
97           92          
284          272         
284          263         
284          258         
284          271         
215          216         
215          214         
215          213         
215          209         
215          199         
215          217         
215          206         
265          297         
265          272         
265          263         
265          258         
265          271         
265          305         
265          270         
36           60          
49           43          
49           51          
49           48          
49           53          
170          169         
170          164         
170          114         
170          176         
170          172         
170          191         
170          131         
170          184         
170          187         
2            3           
269          258         
269          272         
269          263         
269          271         
258          286         
258          272         
258          263         
258          261         
258          260         
258          222         
258          268         
258          278         
258          270         
258          245         
258          256         
258          239         
258          247         
258          238         
258          229         
258          271         
258          273         
25           26          
25           51          
0            337         
0            3           
146          148         
146          155         
146          157         
146          114         
336          337         
336          207         
125          143         
125          151         
125          129         
125          119         
125          114         
125          100         
125          138         
125          113         
125          127         
125          159         
125          158         
125          161         
125          84          
125          128         
125          120         
125          126         
156          129         
156          155         
156          164         
156          161         
156          184         
161          157         
161          155         
161          159         
161          199         
161          148         
161          158         
172          169         
172          176         
172          191         
172          141         
172          187         
172          175         
206          191         
206          216         
206          207         
206          209         
206          208         
206          205         
206          199         
206          204         
121          127         
191          199         
191          184         
191          209         
191          187         
191          198         
247          263         
247          238         
247          245         
247          272         
247          239         
247          236         
297          293         
131          132         
131          128         
131          114         
131          126         
291          290         
335          333         
87           88          
87           70          
87           73          
87           126         
87           84          
184          214         
184          151         
184          198         
184          114         
184          175         
184          157         
184          148         
184          187         
40           60          
128          129         
128          119         
128          120         
128          114         
128          126         
120          119         
120          113         
120          101         
120          126         
120          104         
333          319         
148          155         
148          114         
148          187         
141          126         
141          104         
141          140         
141          143         
141          84          
141          145         
304          192         
304          305         
229          263         
229          227         
229          272         
229          236         
233          236         
60           34          
60           56          
60           59          
60           37          
60           43          
271          272         
271          263         
271          261         
271          222         
271          268         
271          278         
271          270         
271          245         
271          273         
271          289         
273          272         
273          293         
273          222         
236          263         
236          198         
236          238         
236          239         
236          217         
177          337         
177          178         
177          179         
312          3           
53           43          
53           41          
53           56          
53           51          
16           15          
286          263         
214          216         
214          199         
214          209         
214          198         
214          217         
272          263         
272          261         
272          256         
272          222         
272          278         
272          270         
272          245         
272          239         
263          264         
263          261         
263          222         
263          268         
263          278         
263          270         
169          164         
79           78          
164          126         
261          260         
261          222         
100          96          
100          101         
100          113         
100          114         
100          126         
100          104         
153          181         
153          179         
153          152         
153          180         
153          92          
143          104         
143          140         
143          126         
143          84          
151          199         
151          216         
78           75          
73           88          
73           82          
73           138         
73           83          
73           75          
73           74          
73           80          
73           71          
73           76          
73           70          
73           84          
71           70          
71           75          
71           72          
71           84          
318          319         
198          176         
198          209         
198          157         
198          199         
198          238         
198          187         
293          290         
293          296         
26           51          
322          319         
322          323         
15           17          
15           43          
119          101         
119          113         
119          114         
119          127         
119          126         
119          104         
204          216         
204          207         
204          205         
204          209         
204          208         
204          199         
314          315         
4            3           
183          181         
183          187         
183          180         
183          192         
96           104         
96           114         
96           101         
256          222         
85           114         
85           84          
43           3           
43           56          
43           41          
155          157         
155          159         
155          140         
155          158         
181          179         
181          152         
181          180         
181          92          
181          145         
181          178         
181          192         
41           51          
41           84          
105          104         
105          101         
105          113         
103          104         
103          101         
140          126         
83           88          
83           75          
83           114         
83           82          
83           126         
83           84          
209          216         
209          207         
209          208         
209          199         
114          88          
114          82          
114          129         
114          138         
114          113         
114          127         
114          123         
114          101         
114          84          
114          92          
114          126         
114          104         
315          316         
152          113         
152          126         
208          199         
208          216         
208          207         
82           75          
82           84          
180          199         
180          179         
326          319         
222          245         
222          239         
222          227         
222          238         
222          175         
217          216         
217          157         
217          199         
92           88          
92           179         
129          126         
138          126         
70           75          
70           84          
157          216         
157          159         
157          158         
9            8           
205          207         
113          101         
113          126         
113          104         
127          123         
127          126         
74           75          
245          239         
245          227         
245          238         
72           84          
159          158         
319          321         
319          316         
239          238         
101          126         
101          104         
84           88          
84           76          
84           75          
84           80          
84           126         
84           104         
216          207         
216          199         
76           88          
76           75          
76           126         
3            337         
228          227         
227          175         
179          178         
75           80          
8            7           
80           88          
187          192         
56           51          
126          104         
