196          197         
138          333         
138          136         
138          176         
212          216         
212          213         
212          211         
212          215         
294          295         
294          297         
294          292         
294          283         
294          285         
294          282         
294          28          
294          284         
294          299         
294          296         
294          293         
294          298         
332          333         
332          273         
332          28          
332          232         
332          176         
332          41          
332          330         
332          329         
332          109         
171          176         
1            10          
1            331         
1            2           
1            268         
1            328         
1            8           
1            30          
1            5           
1            18          
1            13          
1            333         
1            4           
1            15          
1            3           
1            14          
1            6           
1            9           
1            330         
1            329         
1            42          
1            17          
1            16          
1            106         
252          250         
10           18          
10           274         
10           43          
10           9           
10           21          
10           8           
153          145         
153          154         
153          152         
153          149         
153          176         
153          141         
143          30          
143          141         
143          109         
225          231         
225          226         
226          231         
226          227         
226          224         
226          221         
239          240         
239          258         
239          238         
239          245         
49           40          
49           47          
49           48          
49           44          
49           77          
49           46          
49           50          
49           43          
50           83          
50           40          
50           47          
50           73          
50           48          
50           53          
50           44          
50           59          
50           46          
50           87          
50           43          
50           66          
50           52          
50           41          
50           42          
50           109         
164          30          
164          163         
164          157         
164          156         
164          165         
164          176         
164          160         
164          161         
164          162         
176          136         
176          189         
176          152         
176          181         
176          140         
176          131         
176          188         
176          162         
176          30          
176          169         
176          155         
176          147         
176          185         
176          149         
176          179         
176          172         
176          26          
176          168         
176          182         
176          175         
176          187         
176          178         
176          145         
176          135         
176          134         
176          158         
176          156         
176          165         
176          174         
176          0           
176          21          
176          161         
176          329         
176          154         
176          194         
176          163         
176          167         
176          144         
176          192         
176          173         
176          160         
176          157         
176          180         
176          177         
215          214         
61           83          
61           30          
61           68          
61           24          
61           71          
61           27          
61           29          
61           28          
61           43          
61           69          
61           76          
61           73          
188          189         
268          270         
268          257         
268          273         
268          331         
268          2           
268          250         
268          328         
268          245         
268          30          
268          28          
268          327         
268          333         
268          289         
268          255         
268          258         
268          265         
268          330         
268          325         
268          291         
268          290         
268          248         
268          285         
268          267         
268          262         
268          269         
308          28          
308          285         
308          307         
296          257         
296          307         
296          284         
296          292         
296          2           
296          315         
296          285         
296          282         
296          295         
296          28          
296          304         
296          316         
296          297         
296          293         
296          298         
296          280         
293          274         
293          295         
293          292         
293          283         
293          285         
293          282         
293          284         
293          288         
293          299         
293          302         
245          240         
245          270         
245          248         
245          257         
245          258         
245          241         
245          265         
245          262         
245          250         
245          246         
245          255         
298          24          
298          263         
298          292         
298          285         
298          282         
298          28          
298          299         
79           83          
79           30          
79           82          
79           77          
79           28          
79           73          
79           85          
79           66          
79           69          
162          163         
162          158         
162          156         
162          2           
162          160         
162          157         
83           67          
83           90          
83           88          
83           44          
83           14          
83           54          
83           32          
83           76          
83           78          
83           82          
83           117         
83           74          
83           35          
83           189         
83           100         
83           102         
83           30          
83           47          
83           18          
83           81          
83           48          
83           53          
83           58          
83           65          
83           113         
83           77          
83           60          
83           28          
83           128         
83           91          
83           43          
83           80          
83           89          
83           69          
83           34          
83           70          
83           52          
83           93          
83           63          
83           109         
83           40          
83           94          
83           101         
83           97          
83           17          
83           72          
83           134         
83           99          
83           36          
83           87          
83           98          
83           37          
83           66          
83           38          
83           41          
83           133         
83           96          
83           95          
83           42          
83           86          
83           68          
83           92          
83           84          
83           107         
83           31          
83           71          
83           75          
83           46          
83           55          
83           125         
83           73          
83           85          
83           64          
83           62          
83           329         
83           114         
83           59          
83           51          
30           25          
30           67          
30           35          
30           44          
30           14          
30           331         
30           29          
30           2           
30           20          
30           41          
30           19          
30           5           
30           21          
30           24          
30           53          
30           125         
30           65          
30           59          
30           77          
30           22          
30           60          
30           28          
30           4           
30           43          
30           26          
30           80          
30           12          
30           34          
30           70          
30           66          
30           73          
30           102         
30           6           
30           32          
30           155         
30           134         
30           27          
30           18          
30           69          
30           33          
30           23          
30           161         
30           74          
30           42          
30           72          
30           68          
30           329         
30           107         
30           31          
30           11          
30           46          
30           106         
30           17          
30           228         
30           63          
30           85          
30           117         
30           114         
30           51          
169          145         
169          155         
169          151         
169          163         
169          165         
169          170         
169          181         
169          168         
169          161         
169          141         
24           25          
24           35          
24           263         
24           29          
24           2           
24           20          
24           76          
24           5           
24           23          
24           303         
24           22          
24           28          
24           43          
24           300         
24           12          
24           34          
24           40          
24           26          
24           261         
24           27          
24           21          
24           3           
24           42          
24           274         
24           302         
24           295         
24           31          
24           11          
24           309         
24           55          
24           299         
147          145         
147          149         
48           47          
48           44          
48           77          
48           46          
48           31          
48           45          
48           43          
48           64          
183          185         
58           44          
58           69          
58           80          
58           28          
303          302         
303          295         
303          292         
303          309         
303          282         
303          28          
303          299         
113          117         
113          114         
113          131         
149          145         
149          151         
149          152         
149          148         
149          141         
149          150         
149          161         
7            6           
315          318         
315          28          
315          314         
315          316         
186          185         
231          224         
231          304         
231          285         
231          282         
231          227         
231          232         
231          279         
231          267         
43           25          
43           35          
43           44          
43           331         
43           41          
43           47          
43           33          
43           53          
43           22          
43           60          
43           28          
43           34          
43           116         
43           63          
43           261         
43           27          
43           21          
43           57          
43           3           
43           42          
43           29          
43           107         
43           46          
43           55          
43           0           
43           51          
300          302         
300          285         
300          265         
300          299         
300          250         
236          237         
236          235         
236          234         
89           82          
89           85          
89           88          
12           5           
12           33          
12           31          
12           27          
12           11          
12           28          
12           34          
12           21          
12           13          
12           3           
168          189         
168          156         
168          165         
168          192         
168          181         
168          160         
168          157         
124          120         
124          129         
124          131         
124          123         
124          117         
124          119         
182          189         
182          181         
109          18          
109          17          
109          14          
109          110         
109          104         
109          144         
109          66          
109          105         
109          103         
109          34          
109          100         
109          108         
209          208         
209          206         
209          197         
209          201         
130          129         
130          131         
6            5           
6            11          
6            28          
6            4           
6            9           
6            2           
6            3           
323          325         
323          324         
323          322         
323          320         
323          327         
323          319         
323          316         
323          326         
323          328         
323          318         
323          330         
323          329         
323          317         
39           41          
97           98          
97           99          
97           96          
203          202         
307          275         
307          305         
307          285         
307          313         
307          28          
307          304         
307          241         
307          306         
307          299         
307          318         
135          134         
135          136         
135          117         
134          107         
134          129         
134          189         
134          131         
134          125         
134          128         
134          117         
134          133         
205          206         
205          197         
292          270         
292          274         
292          295         
292          284         
292          283         
292          265         
292          282         
292          279         
292          285         
292          288         
156          145         
156          155         
156          151         
156          163         
156          157         
156          158         
156          165         
156          166         
156          160         
156          161         
165          145         
313          314         
313          322         
313          320         
313          285         
313          318         
87           86          
87           82          
87           88          
87           59          
87           77          
87           73          
87           85          
87           66          
87           69          
279          257         
279          248         
279          283         
279          265         
279          282         
279          227         
279          285         
279          250         
279          280         
9            55          
9            4           
9            21          
266          265         
247          257         
247          248         
247          265         
247          250         
0            2           
0            27          
246          257         
246          248         
246          265         
246          250         
23           25          
23           22          
23           28          
23           35          
23           34          
23           21          
161          145         
161          163         
161          160         
161          157         
42           67          
42           35          
42           44          
42           14          
42           54          
42           32          
42           2           
42           20          
42           47          
42           18          
42           59          
42           22          
42           60          
42           28          
42           69          
42           34          
42           70          
42           63          
42           40          
42           80          
42           36          
42           38          
42           41          
42           57          
42           329         
42           68          
42           31          
42           46          
42           17          
42           51          
272          265         
272          271         
86           85          
68           67          
68           72          
68           44          
68           65          
68           71          
68           27          
68           28          
68           73          
68           66          
68           62          
68           69          
68           70          
68           63          
314          320         
314          327         
314          319         
314          316         
314          318         
221          223         
221          224         
221          229         
221          219         
221          216         
221          222         
221          220         
223          322         
248          270         
248          257         
248          244         
248          273         
248          249         
248          250         
248          263         
248          254         
248          274         
248          258         
248          251         
248          261         
248          265         
248          280         
248          285         
248          262         
248          243         
163          145         
163          157         
163          144         
163          160         
320          327         
320          319         
320          318         
320          329         
230          229         
242          244         
242          267         
242          262         
242          250         
242          241         
242          243         
167          166         
16           18          
16           17          
16           4           
16           15          
16           13          
112          111         
285          270         
285          257         
285          263         
285          275         
285          305         
285          2           
285          288         
285          250         
285          253         
285          282         
285          28          
285          241         
285          316         
285          258         
285          283         
285          287         
285          318         
285          280         
285          302         
285          295         
285          297         
285          284         
285          267         
285          299         
285          286         
285          317         
106          18          
106          263         
106          107         
106          19          
106          228         
106          117         
106          105         
106          103         
106          34          
106          114         
106          119         
319          331         
319          228         
319          11          
319          321         
319          31          
319          318         
319          327         
319          317         
115          117         
115          129         
115          114         
115          131         
267          265         
267          262         
267          250         
299          301         
299          274         
299          261         
299          297         
299          283         
299          282         
299          295         
299          28          
299          309         
299          286         
64           82          
64           31          
64           65          
64           77          
64           46          
64           73          
64           66          
64           69          
146          145         
286          261         
286          282         
259          257         
259          265         
259          250         
56           54          
56           55          
56           57          
56           51          
56           53          
51           47          
51           67          
51           73          
51           53          
51           44          
51           54          
51           55          
51           28          
51           85          
51           66          
51           52          
51           69          
51           41          
197          202         
197          206         
197          192         
197          200         
197          195         
197          207         
197          199         
197          204         
197          198         
197          201         
136          131         
136          137         
67           44          
67           80          
67           54          
67           28          
67           117         
67           73          
67           85          
67           66          
67           69          
244          257         
244          265         
244          262         
244          250         
151          157         
151          145         
275          257         
275          276         
275          265         
275          282         
44           35          
44           88          
44           54          
44           2           
44           47          
44           18          
44           53          
44           59          
44           77          
44           28          
44           69          
44           34          
44           63          
44           40          
44           45          
44           66          
44           38          
44           41          
44           57          
44           329         
44           46          
44           55          
44           73          
44           85          
44           52          
273          270         
273          257         
273          274         
273          297         
273          261         
273          283         
273          265         
273          28          
273          284         
273          262         
273          250         
331          328         
331          18          
331          327         
331          2           
331          4           
331          28          
331          15          
331          103         
331          41          
331          318         
331          330         
331          329         
305          28          
233          235         
233          251         
140          141         
277          278         
277          311         
29           31          
29           27          
29           28          
29           21          
78           28          
78           77          
78           80          
249          257         
249          265         
249          250         
192          189         
192          191         
139          141         
288          295         
288          283         
288          265         
288          282         
288          284         
250          270         
250          257         
250          263         
250          240         
250          253         
250          241         
250          255         
250          258         
250          251         
250          274         
250          260         
250          261         
250          264         
250          265         
250          283         
250          329         
250          280         
250          297         
250          262         
250          269         
250          238         
250          243         
326          18          
326          327         
326          40          
8            4           
8            3           
193          194         
193          201         
76           99          
76           85          
76           88          
76           77          
76           28          
76           73          
76           66          
76           74          
76           69          
76           34          
281          282         
240          241         
240          265         
5            31          
5            28          
5            27          
5            2           
5            4           
5            3           
312          311         
33           35          
33           27          
33           28          
33           34          
33           21          
254          255         
120          117         
120          129         
120          21          
120          131         
185          184         
65           77          
65           66          
65           28          
65           73          
65           69          
65           114         
59           47          
59           99          
59           35          
59           28          
59           53          
59           73          
59           66          
59           69          
276          257         
276          282         
22           25          
22           21          
22           27          
22           28          
22           35          
282          263         
282          304         
282          274         
282          261         
282          283         
282          265         
282          284         
282          302         
282          295         
28           25          
28           35          
28           40          
28           2           
28           20          
28           329         
28           46          
28           41          
28           21          
28           77          
28           60          
28           318         
28           4           
28           26          
28           34          
28           70          
28           66          
28           73          
28           102         
28           32          
28           261         
28           80          
28           309         
28           27          
28           47          
28           36          
28           117         
28           287         
28           69          
28           38          
28           99          
28           74          
28           302         
28           107         
28           31          
28           75          
28           11          
28           297         
28           63          
28           62          
28           317         
4            18          
4            330         
4            322         
4            13          
4            15          
4            329         
4            20          
4            328         
4            2           
4            3           
289          235         
289          311         
289          290         
241          257         
241          255         
241          304         
241          265         
26           25          
26           27          
26           309         
26           34          
26           21          
69           35          
69           88          
69           54          
69           82          
69           74          
69           53          
69           77          
69           60          
69           34          
69           70          
69           63          
69           102         
69           99          
69           27          
69           66          
69           38          
69           117         
69           72          
69           71          
69           75          
69           46          
69           55          
69           73          
69           85          
69           52          
34           35          
34           2           
34           77          
34           54          
34           261         
34           27          
34           278         
34           18          
34           310         
34           66          
34           21          
34           329         
34           72          
34           311         
34           31          
34           11          
34           46          
34           17          
34           52          
34           114         
116          117         
116          114         
116          131         
175          174         
201          206         
201          202         
201          208         
201          200         
101          88          
101          77          
101          85          
101          82          
101          105         
101          100         
251          270         
251          257         
251          265         
251          262         
322          321         
322          327         
322          316         
322          318         
322          330         
322          329         
322          317         
261          237         
261          270         
261          262         
261          257         
261          260         
261          265         
261          220         
261          263         
148          141         
158          145         
158          159         
158          160         
158          157         
27           35          
27           31          
27           25          
27           3           
27           11          
27           21          
217          218         
264          270         
264          257         
264          265         
264          262         
265          270         
265          257         
265          263         
265          271         
265          255         
265          258         
265          274         
265          260         
265          283         
265          329         
265          280         
265          297         
265          284         
265          262         
265          269         
265          243         
174          173         
174          160         
278          311         
278          218         
45           40          
45           47          
45           77          
45           46          
310          311         
66           88          
66           32          
66           117         
66           74          
66           77          
66           70          
66           63          
66           80          
66           99          
66           36          
66           37          
66           41          
66           75          
66           73          
66           62          
38           47          
38           35          
38           41          
38           31          
41           47          
41           329         
41           40          
41           46          
41           37          
21           25          
21           20          
21           3           
21           11          
21           309         
21           55          
330          325         
330          324         
330          333         
330          329         
330          328         
330          318         
330          327         
330          3           
96           99          
3            31          
3            327         
3            11          
3            2           
3            329         
280          257         
280          295         
280          284         
280          283         
237          235         
72           71          
72           73          
291          290         
111          110         
107          131         
107          117         
107          119         
31           32          
31           2           
31           309         
31           77          
31           102         
31           11          
31           46          
31           317         
150          141         
71           77          
71           73          
71           74          
71           70          
75           82          
75           80          
75           77          
75           73          
75           85          
75           74          
202          206         
46           47          
46           77          
46           11          
55           85          
55           53          
55           54          
55           57          
229          228         
297          270         
297          257         
141          145         
141          154         
141          152         
141          144         
141          142         
262          270         
262          257         
262          269         
262          283         
262          258         
262          260         
262          274         
262          255         
262          263         
269          270         
269          274         
269          235         
103          311         
103          19          
103          104         
216          218         
157          145         
157          155         
157          144         
157          160         
180          181         
243          257         
317          327         
317          2           
317          316         
317          318         
317          329         
270          257         
270          263         
270          271         
270          274         
270          258         
270          260         
270          283         
270          284         
257          263         
257          274         
257          255         
257          258         
257          260         
257          256         
25           35          
126          127         
35           73          
263          274         
88           82          
88           80          
88           77          
88           73          
88           85          
88           100         
14           18          
14           17          
14           60          
14           15          
14           105         
54           53          
54           73          
54           85          
54           117         
54           52          
32           329         
127          129         
131          114         
131          125         
131          132         
131          123         
131          128         
131          133         
131          117         
131          129         
131          118         
131          119         
123          117         
123          129         
123          121         
208          206         
2            20          
2            327         
2            329         
2            40          
2            295         
2            11          
235          290         
235          234         
173          160         
207          206         
181          179         
74           82          
74           77          
74           80          
74           73          
74           85          
328          325         
328          324         
328          333         
328          318         
328          327         
328          329         
13           18          
13           11          
13           15          
100          77          
100          85          
100          82          
271          274         
102          77          
102          117         
145          155         
145          144         
47           40          
47           53          
47           36          
47           37          
47           52          
18           19          
18           17          
18           105         
18           60          
18           15          
18           57          
155          160         
81           80          
81           85          
81           82          
84           85          
84           82          
53           52          
53           73          
125          77          
125          128         
125          73          
125          117         
125          114         
327          325         
327          333         
327          329         
327          318         
77           82          
77           128         
77           70          
77           80          
77           99          
77           98          
77           117         
77           73          
77           85          
77           114         
211          210         
60           73          
333          325         
333          318         
128          129         
128          117         
15           17          
200          206         
274          295         
274          302         
274          309         
274          283         
274          284         
316          40          
316          318         
316          329         
105          17          
105          114         
70           73          
63           73          
119          129         
119          117         
40           52          
40           36          
40           37          
40           318         
187          189         
324          325         
122          121         
80           82          
80           73          
80           85          
99           98          
99           73          
132          129         
283          302         
283          284         
36           37          
206          210         
206          204         
284          295         
82           73          
82           85          
117          133         
117          129         
117          118         
117          73          
117          114         
318          325         
318          329         
133          129         
133          114         
218          311         
301          302         
311          104         
302          309         
17           19          
129          118         
189          190         
118          114         
73           85          
