0       18.9676       0.045985     
1       25.6778       0.0622305    
2       1.78698       0.11937      
3       10.7692       0.126225     
4       25.346        0.140841     
5       21.4316       0.154211     
6       4.80994       0.201225     
7       6.60337       0.202347     
8       11.6183       0.227059     
9       14.7831       0.260012     
10      11.786        0.310787     
11      10.7478       0.311165     
12      14.9584       0.317323     
13      31.483        0.363213     
14      11.4957       0.367982     
15      10.0368       0.494732     
16      37.7236       0.495248     
17      12.0655       0.498805     
18      92.1596       0.507293     
19      28.2504       0.520267     
20      16.9817       0.527064     
21      7.93427       0.535677     
22      7.9465        0.537114     
23      7.17845       0.573986     
24      12.5598       0.634412     
25      35.9644       0.665875     
26      10.5569       0.718773     
27      5.12088       0.748096     
28      3.70224       0.76921      
29      12.3326       0.772928     
30      16.1666       0.78594      
31      9.15863       0.793418     
32      1.84246       0.795403     
33      8.65613       0.826701     
34      24.2761       0.85532      
35      38.4196       0.857523     
36      12.4655       0.857681     
37      7.51004       0.923679     
38      64.851        0.929509     
39      12.3657       0.966553     
40      11.2032       1.05654      
41      14.62         1.06294      
42      0.721052      1.06669      
43      4.06756       1.08472      
44      13.019        1.11333      
45      14.905        1.11645      
46      13.1129       1.11919      
47      13.9216       1.12531      
48      7.02262       1.12863      
49      8.99304       1.15702      
50      9.55436       1.1781       
51      14.8746       1.22483      
52      3.16126       1.23148      
53      22.3149       1.24849      
54      7.11024       1.25418      
55      34.0547       1.25806      
56      8.59256       1.28462      
57      13.8171       1.37451      
58      10.2138       1.42056      
59      12.8243       1.46357      
60      10.6308       1.47646      
61      51.5137       1.52257      
62      13.9619       1.53063      
63      39.509        1.53668      
64      44.7587       1.53857      
65      16.0608       1.56985      
66      0.557275      1.60781      
67      95.3347       1.62235      
68      9.44102       1.62538      
69      18.8549       1.64847      
70      9.29274       1.65376      
71      19.6924       1.6774       
72      12.8062       1.68465      
73      5.36896       1.71247      
74      1.8684        1.71268      
75      1.42438       1.7608       
76      12.7599       1.77037      
77      51.3585       1.78703      
78      8.44361       1.80614      
79      9.87176       1.83816      
80      3.39402       1.85479      
81      0.595769      1.86453      
82      8.76453       1.87703      
83      94.0811       1.87864      
84      2.92504       1.90016      
85      2.33947       1.90552      
86      1.448         1.90722      
87      8.70463       1.90775      
88      3.53538       1.96004      
89      21.0846       1.96183      
90      7.35057       1.97531      
91      19.4646       1.98334      
92      16.5124       2.0018       
93      9.27914       2.02905      
94      1.62043       2.03005      
95      27.8042       2.03189      
96      14.6246       2.05359      
97      3.52382       2.05736      
98      9.67469       2.12884      
99      9.70111       2.1299       
100     2.80826       2.26842      
101     22.6701       2.27531      
102     12.0761       2.29413      
103     5.54624       2.33059      
104     7.21946       2.3669       
105     6.11184       2.36837      
106     43.678        2.39004      
107     5.19565       2.40614      
108     1.65265       2.43072      
109     5.74691       2.43194      
110     10.3116       2.45305      
111     22.3703       2.47501      
112     9.64058       2.47538      
113     5.07426       2.48932      
114     4.8962        2.50231      
115     15.7814       2.51725      
116     7.32954       2.51751      
117     3.05503       2.51917      
118     2.00903       2.5299       
119     8.44182       2.54849      
120     19.5908       2.57348      
121     10.8613       2.57674      
122     4.73256       2.60513      
123     5.87787       2.68065      
124     22.2265       2.68165      
125     0.708454      2.68601      
126     2.56282       2.73413      
127     0.215289      2.73653      
128     2.02293       2.73657      
129     2.22125       2.73838      
130     9.69072       2.75618      
131     8.5172        2.75727      
132     3.87474       2.7779       
133     1.47854       2.78444      
134     4.43654       2.78625      
135     4.47245       2.78635      
136     4.21794       2.86517      
137     1.01274       2.86572      
138     0.850445      2.89616      
139     7.6657        2.89638      
140     1.00712       2.94313      
141     7.60366       2.94449      
142     0.891682      2.94557      
143     13.2151       3.00494      
144     6.3705        3.03015      
145     11.9146       3.05262      
146     7.52124       3.05474      
147     16.9718       3.09666      
148     13.271        3.10025      
149     15.1883       3.12339      
150     17.4714       3.12511      
151     12.8318       3.12539      
152     12.6439       3.13148      
153     11.3203       3.14615      
154     0.450906      3.14734      
155     6.29637       3.16853      
156     2.73766       3.18222      
157     5.00759       3.2044       
158     8.88235       3.20715      
159     5.0126        3.22374      
160     1.53747       3.22507      
161     6.80555       3.23991      
162     23.6262       3.2447       
163     6.3289        3.25771      
164     12.5599       3.27202      
165     11.72         3.27519      
166     9.66836       3.35461      
167     4.33951       3.39511      
168     12.2343       3.39974      
169     2.49287       3.40273      
170     3.19796       3.42214      
171     0.460334      3.42225      
172     6.3724        3.43496      
173     2.62913       3.43538      
174     2.87658       3.48467      
175     10.6833       3.50307      
176     4.86606       3.50415      
177     2.96554       3.51731      
178     0.484232      3.52236      
179     0.381122      3.52386      
180     30.9327       3.52541      
181     0.33849       3.52652      
182     3.58368       3.53178      
183     2.12          3.5456       
184     2.11799       3.55328      
185     2.94823       3.56757      
186     6.66836       3.5686       
187     0.655277      3.5911       
188     0.569779      3.5959       
189     62.4352       3.59611      
190     0.585633      3.60006      
191     0.689101      3.60326      
192     1.6894        3.62194      
193     14.6714       3.62283      
194     2.28582       3.70427      
195     10.6015       3.70525      
196     2.30451       3.70815      
197     3.61641       3.73177      
198     4.8498        3.73325      
199     8.11309       3.74905      
200     4.42535       3.75111      
201     2.60844       3.79272      
202     3.97565       3.79275      
203     0.561091      3.80704      
204     6.50566       3.80716      
205     0.927328      3.80889      
206     0.649698      3.83067      
207     0.364726      3.8321       
208     14.3706       3.83251      
209     3.51943       3.83715      
210     3.08895       3.84477      
211     0.330697      3.8497       
212     9.19328       3.8501       
213     3.92268       3.8538       
214     3.32246       3.92703      
215     2.53215       3.93227      
216     2.44871       3.9381       
217     14.6704       3.93942      
218     3.13417       3.94349      
219     3.56473       3.98455      
220     0.976928      3.9851       
221     0.615846      4.02417      
222     0.222127      4.02578      
223     9.45166       4.02607      
224     3.07483       4.02905      
225     9.51021       4.03143      
226     2.99364       4.03654      
227     5.15946       4.0442       
228     0.434319      4.0444       
229     3.54804       4.06208      
230     2.44994       4.06251      
231     0.710331      4.06972      
232     1.47182       4.07013      
233     1.90347       4.07194      
234     4.158         4.07395      
235     3.90976       4.08319      
236     1.6308        4.08578      
237     0.45505       4.08596      
238     0.817569      4.10071      
239     8.59499       4.1011       
240     3.20145       4.13675      
241     3.23733       4.13697      
242     0.45706       4.15255      
243     2.4591        4.15266      
244     0.676113      4.16669      
245     3.24601       4.16926      
246     13.2526       4.1694       
247     0.74667       4.17225      
248     3.78347       4.21597      
249     12.9485       4.22075      
250     0.734149      4.22169      
251     5.15024       4.22185      
252     3.80347       4.22701      
253     2.74074       4.26745      
254     1.41101       4.27276      
255     5.86488       4.27449      
256     3.8943        4.27524      
257     1.02598       4.27614      
258     5.41313       4.28713      
259     6.76773       4.28866      
260     3.07791       4.28958      
261     18.0845       4.36921      
262     9.80273       4.39113      
263     12.528        4.41302      
264     7.05695       4.46011      
265     6.90508       4.46509      
266     6.9415        4.47116      
267     12.7149       4.48934      
268     12.9858       4.54035      
269     9.90277       4.54638      
270     9.21058       4.59849      
271     7.83627       4.60646      
272     4.94546       4.62591      
273     4.10089       4.62733      
274     6.59455       4.64847      
275     25.7965       4.64982      
276     11.4897       4.65352      
277     4.05796       4.68118      
278     2.61899       4.69906      
279     4.28031       4.70058      
280     5.98664       4.74509      
281     26.7788       4.75206      
282     33.4904       4.75958      
283     3.10304       4.76245      
284     1.48232       4.7841       
285     8.05596       4.80311      
286     50.1526       4.81269      
287     0.287218      4.81351      
288     0.382938      4.81577      
289     9.04945       4.82935      
290     5.92406       4.86339      
291     4.80506       4.86383      
292     37.0816       4.89415      
293     6.12521       4.89499      
294     55.9556       4.91654      
295     0.605223      4.92625      
296     19.9431       4.9706       
297     6.46642       4.98106      
298     4.42637       5.03674      
299     22.277        5.04024      
300     5.6788        5.08955      
301     0.485298      5.10296      
302     34.388        5.10356      
303     12.2589       5.13384      
304     2.93161       5.13766      
305     2.69166       5.16453      
306     7.79742       5.16649      
307     10.9061       5.19701      
308     24.0564       5.20352      
309     7.27711       5.21249      
310     4.81327       5.23222      
311     13.7733       5.26469      
312     2.30103       5.29896      
313     10.9913       5.33559      
314     48.3084       5.34569      
315     24.5806       5.34572      
316     14.7176       5.35142      
317     14.6972       5.35217      
318     17.8443       5.36071      
319     8.03569       5.38207      
320     16.3809       5.39109      
321     10.2576       5.40991      
322     7.64678       5.41447      
323     18.1751       5.44359      
324     3.81025       5.44807      
325     0.75382       5.47348      
326     12.1655       5.47638      
327     2.88029       5.47756      
328     4.10553       5.48743      
329     13.3936       5.51843      
330     3.74947       5.5554       
331     14.1351       5.57522      
332     23.7793       5.5889       
333     11.7917       5.59103      
334     16.2078       5.69957      
335     6.14172       5.70345      
336     7.61056       5.9094       
337     5.51494       5.9102       
338     6.97993       5.91798      
339     4.99862       5.93061      
340     11.1685       5.9504       
341     12.7213       5.96917      
342     11.747        5.97362      
343     16.174        5.98655      
344     22.3752       6.04117      
345     26.0177       6.06978      
346     30.9567       6.07713      
347     13.1426       6.11029      
348     15.8768       6.11882      
349     13.515        6.12983      
350     8.47578       6.14317      
351     0.465505      6.14403      
352     4.38001       6.18268      
353     4.31893       6.18717      
354     11.315        6.19043      
355     9.54364       6.20473      
356     2.60627       6.21453      
357     2.63199       6.21513      
358     6.17749       6.23276      
359     10.2341       6.26019      
360     5.11203       6.2655       
361     7.00732       6.26831      
