158          157         
273          274         
273          70          
242          243         
242          246         
217          212         
217          207         
217          213         
217          211         
217          220         
217          306         
217          224         
217          219         
217          215         
217          214         
217          210         
217          218         
275          274         
275          276         
275          306         
275          125         
275          310         
275          277         
275          267         
275          206         
275          55          
128          125         
280          51          
280          289         
280          278         
280          279         
280          265         
280          245         
280          291         
280          284         
280          52          
280          41          
280          281         
280          274         
280          50          
280          282         
280          286         
280          287         
280          277         
280          267         
280          283         
280          308         
280          48          
280          290         
280          315         
280          248         
280          59          
183          181         
289          288         
289          208         
289          314         
289          287         
289          300         
289          284         
289          52          
115          116         
115          114         
115          98          
115          88          
115          125         
115          90          
115          96          
115          103         
86           41          
86           88          
86           55          
174          175         
174          173         
173          175         
173          176         
173          239         
173          199         
164          178         
164          196         
164          165         
251          252         
325          328         
325          19          
325          326         
325          327         
325          329         
325          314         
325          322         
325          324         
329          330         
329          328         
329          326         
329          331         
329          308         
329          1           
329          23          
329          18          
329          322         
329          42          
329          314         
329          310         
329          311         
329          29          
329          327         
329          324         
329          55          
95           41          
95           106         
95           92          
95           109         
95           107         
95           125         
95           110         
95           94          
95           96          
95           93          
125          118         
125          53          
125          102         
125          123         
125          127         
125          129         
125          131         
125          114         
125          103         
125          93          
125          41          
125          100         
125          105         
125          139         
125          135         
125          98          
125          120         
125          301         
125          85          
125          72          
125          124         
125          108         
125          134         
125          130         
125          122         
125          116         
125          111         
125          117         
125          67          
125          126         
125          109         
125          107         
125          106         
125          121         
125          300         
125          313         
125          267         
125          82          
125          142         
125          132         
125          92          
125          112         
125          136         
125          110         
125          94          
125          137         
244          243         
6            41          
6            23          
6            44          
6            302         
6            24          
6            299         
6            306         
6            296         
6            314         
6            21          
6            29          
131          132         
245          278         
245          279         
245          265         
245          181         
245          178         
245          41          
245          274         
245          306         
245          233         
245          196         
245          263         
245          189         
245          277         
245          267         
245          264         
245          235         
245          234         
245          180         
245          220         
245          186         
245          204         
245          185         
245          206         
245          203         
245          191         
229          228         
229          249         
229          220         
229          306         
215          212         
215          249         
215          196         
215          180         
215          228         
215          205         
215          213         
215          216         
215          250         
215          220         
215          211         
215          210         
215          224         
215          279         
215          181         
215          214         
215          306         
215          218         
215          191         
214          212         
214          219         
214          207         
214          213         
214          211         
214          220         
214          210         
214          209         
178          180         
178          186         
178          189         
178          170         
178          196         
178          181         
178          169         
178          179         
178          203         
178          191         
178          195         
218          200         
218          213         
218          211         
218          220         
218          306         
218          219         
20           41          
20           19          
20           326         
20           306         
20           23          
20           30          
20           28          
20           42          
20           21          
20           29          
93           111         
93           92          
93           279         
93           109         
93           110         
93           94          
29           307         
29           43          
29           34          
29           51          
29           318         
29           293         
29           326         
29           267         
29           25          
29           324         
29           10          
29           22          
29           317         
29           8           
29           16          
29           11          
29           52          
29           41          
29           26          
29           27          
29           330         
29           63          
29           328         
29           19          
29           38          
29           331         
29           53          
29           77          
29           306         
29           35          
29           314         
29           21          
29           311         
29           9           
29           48          
29           45          
29           32          
29           322         
29           37          
29           55          
29           1           
29           13          
29           14          
29           67          
29           40          
29           33          
29           12          
29           30          
29           2           
29           18          
29           28          
29           42          
29           3           
29           310         
29           68          
29           15          
29           36          
29           308         
29           17          
29           44          
29           69          
29           297         
29           132         
29           24          
29           5           
29           327         
29           31          
29           23          
29           46          
29           0           
29           39          
29           60          
29           4           
29           7           
29           319         
29           70          
41           307         
41           43          
41           51          
41           293         
41           326         
41           279         
41           296         
41           294         
41           16          
41           48          
41           302         
41           63          
41           318         
41           19          
41           46          
41           331         
41           53          
41           303         
41           306         
41           282         
41           301         
41           314         
41           21          
41           311         
41           298         
41           45          
41           195         
41           278         
41           286         
41           32          
41           299         
41           67          
41           40          
41           330         
41           30          
41           312         
41           42          
41           70          
41           310         
41           300         
41           267         
41           305         
41           96          
41           25          
41           308         
41           44          
41           69          
41           297         
41           290         
41           327         
41           248         
41           59          
41           23          
41           52          
41           304         
41           60          
41           49          
41           319         
100          106         
100          129         
100          102         
100          92          
100          136         
100          98          
100          107         
100          88          
100          99          
100          94          
100          101         
100          108         
100          96          
100          103         
302          307         
302          200         
302          279         
302          296         
302          294         
302          16          
302          11          
302          305         
302          223         
302          303         
302          306         
302          208         
302          301         
302          314         
302          311         
302          298         
302          45          
302          322         
302          230         
302          225         
302          13          
302          299         
302          300         
302          283         
302          308         
302          231         
302          212         
302          297         
302          290         
302          295         
302          317         
302          224         
302          220         
302          219         
302          320         
302          304         
47           48          
47           316         
47           52          
105          98          
105          103         
328          297         
328          318         
328          19          
328          326         
328          327         
328          323         
328          314         
328          4           
328          324         
138          139         
38           32          
38           326         
38           306         
38           42          
38           21          
223          231         
223          212         
223          295         
223          213         
223          211         
223          306         
223          224         
223          219         
223          222         
62           70          
62           60          
62           19          
98           97          
98           102         
98           88          
98           96          
98           103         
98           89          
285          286         
250          254         
250          259         
250          249         
250          306         
140          139         
175          176         
175          211         
175          220         
175          199         
175          184         
175          185         
175          216         
314          307         
314          278         
314          296         
314          324         
314          330         
314          53          
314          303         
314          306         
314          326         
314          316         
314          311         
314          61          
314          45          
314          52          
314          322         
314          225         
314          299         
314          312         
314          300         
314          313         
314          283         
314          308         
314          69          
314          327         
314          317         
314          315         
314          304         
314          319         
85           84          
161          160         
161          163         
161          162         
9            30          
9            28          
9            10          
9            180         
298          281         
298          297         
298          299         
298          290         
298          306         
298          291         
298          311         
298          300         
108          109         
108          107         
108          136         
108          110         
108          94          
81           75          
81           72          
81           83          
81           70          
81           80          
81           82          
134          136         
134          132         
55           48          
55           51          
55           54          
55           56          
55           57          
55           91          
55           64          
55           42          
55           58          
55           21          
55           311         
55           8           
55           52          
148          146         
148          150         
148          157         
73           72          
73           75          
286          281         
286          283         
286          290         
286          279         
286          306         
286          282         
286          287         
286          277         
286          288         
263          266         
263          261         
263          260         
263          259         
263          258         
263          249         
263          265         
263          321         
263          277         
263          267         
263          262         
263          264         
309          310         
13           14          
13           326         
13           12          
13           15          
144          143         
228          197         
228          226         
228          227         
228          220         
228          306         
228          170         
228          219         
228          259         
117          119         
117          67          
117          118         
117          70          
67           69          
67           63          
67           132         
67           72          
67           70          
67           21          
67           68          
153          150         
153          157         
213          212         
213          186         
213          189         
213          211         
213          220         
213          210         
213          208         
213          184         
213          203         
213          209         
213          207         
109          106         
109          111         
109          102         
109          92          
109          107         
109          113         
109          110         
109          94          
109          96          
109          103         
107          103         
256          254         
256          255         
256          261         
256          259         
18           17          
18           10          
18           19          
18           331         
18           30          
18           23          
18           28          
18           42          
18           21          
184          180         
184          207         
184          189         
184          211         
184          220         
184          199         
184          181         
184          191         
287          317         
287          288         
287          282         
287          300         
188          189         
182          189         
182          203         
182          191         
182          180         
182          181         
313          299         
313          279         
179          189         
179          191         
179          180         
179          181         
305          307         
305          303         
305          306         
305          311         
305          300         
305          304         
96           92          
96           110         
96           94          
96           103         
308          307         
308          43          
308          51          
308          293         
308          326         
308          279         
308          294         
308          324         
308          318         
308          331         
308          53          
308          306         
308          21          
308          311         
308          52          
308          322         
308          316         
308          1           
308          42          
308          310         
308          267         
308          44          
308          48          
308          297         
308          319         
201          189         
201          202         
17           30          
44           43          
44           24          
44           299         
44           326         
44           306         
44           23          
44           46          
44           42          
44           21          
44           40          
44           45          
44           25          
254          260         
254          255         
254          258         
254          249         
254          259         
239          241         
239          237         
239          247         
239          236         
239          240         
239          246         
239          238         
241          261         
180          200         
180          177         
180          187         
180          181         
180          168         
180          208         
180          196         
180          167         
180          190         
180          225         
180          189         
180          205         
180          220         
180          186         
180          172         
180          206         
180          203         
180          191         
92           110         
92           94          
92           103         
255          260         
255          258         
255          259         
255          267         
171          177         
171          170         
171          186         
171          185         
171          181         
171          172         
112          106         
112          113         
315          48          
315          50          
315          282         
315          291         
315          52          
66           65          
220          200         
220          197         
220          226         
220          227         
220          279         
220          209         
220          181         
220          211         
220          306         
220          170         
220          249         
220          196         
220          230         
220          207         
220          210         
220          221         
220          259         
220          267         
220          205         
220          231         
220          212         
220          295         
220          224         
220          216         
220          185         
220          219         
220          222         
220          262         
220          203         
220          191         
59           200         
59           69          
59           49          
59           248         
59           54          
59           58          
59           60          
59           311         
59           80          
59           70          
59           52          
258          257         
258          260         
258          278         
258          248         
258          290         
258          259         
258          297         
258          262         
71           72          
71           70          
71           60          
71           75          
185          234         
185          186         
185          181         
185          203         
185          189         
219          224         
219          230         
219          212         
219          225         
219          211         
219          306         
219          208         
219          207         
219          222         
219          210         
219          232         
219          295         
4            297         
4            19          
4            46          
4            327         
4            306         
4            23          
4            28          
4            21          
4            7           
104          103         
222          225         
192          189         
192          191         
192          181         
206          225         
206          207         
206          189         
206          224         
206          248         
206          210         
206          186         
206          181         
206          208         
206          203         
206          191         
320          330         
320          318         
320          326         
320          317         
320          316         
320          319         
319          43          
319          310         
319          318         
319          326         
319          317         
319          306         
319          23          
319          30          
319          330         
319          42          
319          21          
319          0           
319          324         
157          143         
157          154         
157          150         
157          152         
157          155         
157          156         
157          159         
157          146         
118          119         
43           32          
43           318         
43           326         
43           306         
43           23          
43           30          
43           42          
43           70          
43           21          
177          186         
177          181         
177          189         
177          191         
102          94          
102          103         
197          189         
197          198         
197          211         
197          191         
326          307         
326          51          
326          318         
326          279         
326          5           
326          324         
326          10          
326          321         
326          11          
326          330         
326          19          
326          331         
326          306         
326          21          
326          311         
326          45          
326          52          
326          322         
326          323         
326          48          
326          42          
326          3           
326          310         
326          267         
326          316         
326          327         
326          317         
326          23          
326          30          
326          0           
278          265         
278          260         
278          259         
278          279         
278          282         
278          54          
278          310         
278          277         
278          267         
278          52          
278          58          
227          306         
166          167         
166          162         
272          271         
296          297         
296          299         
296          295         
296          306         
296          300         
5            19          
5            306         
5            32          
187          189         
187          191         
187          186         
187          181         
129          132         
129          130         
90           88          
209          212         
209          207         
209          189         
209          211         
209          210         
181          200         
181          267         
181          195         
181          168         
181          208         
181          170         
181          207         
181          169         
181          196         
181          167         
181          190         
181          225         
181          193         
181          189         
181          205         
181          172         
181          224         
181          186         
181          165         
181          203         
181          191         
321          322         
321          260         
321          52          
284          282         
284          283         
145          146         
11           19          
11           14          
11           306         
11           23          
11           30          
11           10          
11           42          
11           70          
11           21          
11           311         
11           22          
195          189         
195          196         
281          297         
281          279         
281          306         
281          282         
270          269         
312          299         
312          306         
312          311         
312          300         
168          169         
82           75          
82           72          
82           70          
82           60          
82           300         
292          291         
139          141         
46           60          
46           19          
46           306         
46           23          
46           42          
46           21          
331          307         
331          330         
331          14          
331          306         
331          23          
331          42          
331          21          
331          322         
331          324         
198          191         
198          205         
198          211         
303          307         
303          299         
303          306         
303          300         
303          304         
211          200         
211          208         
211          225         
211          207         
211          189         
211          210         
211          231         
211          212         
211          216         
306          307         
306          318         
306          293         
306          279         
306          324         
306          294         
306          53          
306          19          
306          299         
306          16          
306          282         
306          301         
306          21          
306          311         
306          45          
306          322         
306          1           
306          225         
306          32          
306          40          
306          30          
306          2           
306          221         
306          42          
306          3           
306          310         
306          259         
306          300         
306          267         
306          231         
306          69          
306          297         
306          31          
306          290         
306          295         
306          327         
306          14          
306          224         
306          23          
306          304         
306          262         
306          70          
282          261         
282          279         
282          276         
282          50          
282          265         
282          291         
282          277         
282          294         
282          283         
282          267         
282          52          
233          234         
233          269         
170          216         
170          191         
170          169         
170          189         
301          299         
301          295         
301          311         
301          300         
301          304         
21           307         
21           318         
21           293         
21           10          
21           22          
21           14          
21           16          
21           330         
21           19          
21           53          
21           324         
21           311         
21           45          
21           299         
21           40          
21           30          
21           28          
21           42          
21           3           
21           25          
21           24          
21           31          
21           327         
21           317         
21           23          
21           0           
21           70          
311          307         
311          318         
311          279         
311          19          
311          269         
311          52          
311          225         
311          299         
311          271         
311          268         
311          42          
311          310         
311          300         
311          267         
311          25          
311          48          
311          297         
311          290         
311          327         
311          0           
311          60          
61           300         
61           72          
61           60          
61           70          
124          126         
146          143         
146          150         
146          147         
146          152         
7            10          
7            19          
7            30          
7            28          
7            54          
7            8           
167          189         
167          203         
167          191         
261          257         
261          260         
261          249         
261          259         
261          277         
261          267         
261          262         
225          191         
225          200         
225          190         
225          189         
225          162         
225          186         
225          224         
225          236         
225          203         
225          163         
89           88          
111          94          
111          110         
299          307         
299          297         
299          290         
299          300         
299          60          
299          304         
253          252         
193          189         
193          191         
189          200         
189          267         
189          202         
189          207         
189          169         
189          196         
189          190         
189          210         
189          205         
189          172         
189          208         
189          224         
189          186         
189          204         
189          203         
189          191         
126          127         
126          110         
271          269         
271          252         
276          277         
288          300         
288          283         
323          19          
323          327         
323          322         
323          324         
268          269         
42           10          
42           22          
42           63          
42           19          
42           45          
42           1           
42           32          
42           14          
42           40          
42           2           
42           3           
42           310         
42           31          
42           23          
42           39          
42           70          
3            307         
3            297         
3            279         
3            324         
310          2           
310          322         
310          324         
310          267         
310          327         
300          72          
300          208         
300          283         
300          295         
300          317         
300          304         
277          266         
277          260         
277          259         
277          274         
277          265         
277          267         
277          283         
277          264         
15           14          
283          297         
283          260         
283          290         
283          264         
283          279         
283          267         
205          212         
205          207         
205          210         
205          191         
163          162         
25           24          
25           23          
235          234         
65           64          
142          143         
69           80          
69           70          
69           23          
69           60          
69           72          
69           68          
297          293         
297          279         
297          19          
297          290         
297          295         
297          327         
297          262         
24           23          
24           22          
24           40          
31           32          
31           19          
31           23          
31           30          
31           28          
31           22          
143          150         
327          290         
327          19          
327          324         
317          23          
317          318         
317          316         
317          30          
317          330         
247          248         
224          191         
216          212         
88           116         
88           114         
88           87          
88           103         
186          200         
186          190         
186          196         
186          208         
186          191         
186          204         
186          203         
186          169         
204          162         
204          208         
204          203         
58           57          
58           269         
246          252         
94           106         
94           91          
94           110         
94           103         
137          136         
172          191         
262          260         
262          249         
262          279         
262          259         
262          267         
203          200         
203          202         
203          208         
203          196         
203          190         
203          207         
203          210         
203          191         
191          200         
191          208         
191          169         
191          196         
191          190         
191          194         
304          307         
304          295         
79           78          
307          23          
200          208         
10           32          
10           19          
10           30          
10           23          
10           28          
10           8           
51           48          
51           53          
51           50          
51           52          
51           54          
318          23          
318          30          
318          330         
318          70          
318          0           
293          267         
78           75          
72           63          
72           68          
72           74          
72           76          
72           83          
72           77          
72           70          
72           60          
72           45          
72           80          
72           75          
83           84          
83           70          
83           75          
279          294         
279          260         
279          322         
279          259         
279          267         
279          212         
279          290         
162          234         
162          160         
127          110         
149          150         
136          135         
22           32          
22           19          
22           23          
22           30          
22           28          
265          266         
265          260         
265          259         
265          274         
265          267         
265          264         
291          290         
291          50          
291          52          
8            30          
8            28          
202          208         
16           19          
16           70          
103          106         
103          91          
324          2           
324          330         
324          1           
324          0           
324          322         
52           91          
52           53          
52           50          
52           54          
52           316         
52           48          
52           49          
106          110         
26           23          
26           30          
26           28          
26           32          
27           30          
27           28          
330          23          
330          0           
63           19          
63           23          
63           70          
63           60          
260          249         
260          259         
260          267         
260          264         
19           77          
19           32          
19           14          
19           40          
19           12          
19           28          
19           70          
19           23          
19           30          
19           60          
53           23          
274          259         
274          264         
77           75          
50           48          
152          150         
208          231         
208          212         
208          207         
208          210         
208          295         
249          259         
249          267         
249          322         
54           48          
54           60          
40           23          
45           23          
80           75          
80           70          
322          2           
322          1           
322          259         
322          0           
322          267         
130          132         
266          264         
230          231         
32           28          
32           30          
32           23          
14           12          
14           23          
76           75          
207          210         
84           70          
1            2           
150          151         
150          154         
210          212         
28           30          
28           23          
70           68          
70           75          
70           74          
70           23          
70           30          
70           60          
259          267         
259          264         
68           60          
252          269         
232          231         
231          295         
48           49          
75           74          
132          133         
74           60          
23           30          
