0       10.3734       0.0262568    
1       12.3438       0.0263099    
2       22.2093       0.0311654    
3       5.97246       0.0593231    
4       22.3271       0.117351     
5       14.481        0.141126     
6       9.55283       0.177964     
7       23.6048       0.182892     
8       4.38395       0.22253      
9       5.52232       0.255527     
10      9.36124       0.288927     
11      9.38417       0.309592     
12      4.98374       0.333033     
13      3.28897       0.335843     
14      6.49256       0.336319     
15      3.25015       0.369895     
16      10.5444       0.37684      
17      8.96508       0.381036     
18      15.0307       0.401934     
19      8.99771       0.408046     
20      10.7084       0.408576     
21      8.9239        0.410725     
22      2.42765       0.418721     
23      1.11869       0.438332     
24      1.08088       0.438716     
25      6.87944       0.441951     
26      5.45267       0.464637     
27      7.50412       0.472175     
28      8.21463       0.504149     
29      0.741199      0.505303     
30      7.1608        0.527324     
31      2.67148       0.641638     
32      8.17708       0.64684      
33      2.47551       0.651734     
34      3.31721       0.656531     
35      5.62533       0.657232     
36      1.25194       0.659239     
37      1.30695       0.663312     
38      5.17937       0.730224     
39      2.72039       0.730768     
40      2.76749       0.730921     
41      28.3298       0.764813     
42      5.03978       0.806314     
43      5.31047       0.807201     
44      5.08414       0.913366     
45      13.5284       0.919672     
46      0.430476      0.920486     
47      9.57666       0.954028     
48      8.03598       1.01424      
49      11.8927       1.02017      
50      2.68329       1.03305      
51      18.8239       1.04034      
52      9.85028       1.06126      
53      8.06329       1.12404      
54      11.1964       1.1308       
55      3.8695        1.15691      
56      4.82325       1.17876      
57      12.4951       1.20153      
58      7.55017       1.21278      
59      8.54403       1.21337      
60      12.8647       1.23286      
61      37.3085       1.23642      
62      9.73593       1.23903      
63      24.0075       1.23939      
64      6.06101       1.25401      
65      2.11081       1.28892      
66      2.79222       1.30443      
67      19.0546       1.34018      
68      19.0928       1.34432      
69      17.9437       1.35507      
70      0.740613      1.3638       
71      5.30794       1.39324      
72      5.66047       1.41522      
73      10.0446       1.44992      
74      3.79733       1.48873      
75      0.681745      1.49367      
76      3.16398       1.49459      
77      0.590678      1.4952       
78      11.3685       1.52148      
79      4.47101       1.52811      
80      2.49623       1.57398      
81      8.56782       1.58393      
82      5.86489       1.58441      
83      7.77039       1.64284      
84      1.61445       1.65758      
85      0.368482      1.65766      
86      2.72933       1.67223      
87      5.49126       1.67342      
88      0.789133      1.71193      
89      17.4976       1.72871      
90      16.5287       1.73129      
91      5.62944       1.73631      
92      45.7126       1.74155      
93      0.531695      1.75358      
94      29.6126       1.78312      
95      0.455121      1.78764      
96      5.17685       1.80261      
97      2.85605       1.81902      
98      6.059         1.83617      
99      24.5678       1.84743      
100     6.3533        1.86197      
101     7.80305       1.88741      
102     0.457657      1.90591      
103     41.3238       1.9088       
104     0.411295      1.90971      
105     3.64809       1.92415      
106     4.86813       1.94818      
107     9.65052       1.95605      
108     6.2599        1.95642      
109     18.8242       1.9725       
110     5.31343       2.02405      
111     6.21241       2.033        
112     9.37091       2.05391      
113     4.75913       2.05997      
114     6.51158       2.1025       
115     6.51321       2.10251      
116     13.088        2.1473       
117     2.99367       2.17635      
118     6.27209       2.17661      
119     0.977105      2.25596      
120     8.15164       2.25811      
121     0.465233      2.2584       
122     0.95968       2.26039      
123     0.516603      2.28585      
124     2.23137       2.286        
125     1.0641        2.29763      
126     3.08136       2.30161      
127     10.1023       2.30495      
128     1.17482       2.30687      
129     5.41208       2.3112       
130     3.11905       2.31217      
131     1.6222        2.34842      
132     2.22949       2.34988      
133     1.23383       2.35183      
134     4.40893       2.35203      
135     2.65425       2.3563       
136     2.52497       2.41188      
137     1.89045       2.41738      
138     9.04022       2.41777      
139     0.737661      2.42085      
140     3.349         2.4274       
141     0.78668       2.43501      
142     1.95314       2.43855      
143     10.2869       2.43881      
144     0.737989      2.44203      
145     3.76343       2.44909      
146     4.38661       2.46489      
147     3.31148       2.48656      
148     9.71529       2.48904      
149     3.19212       2.51834      
150     3.19156       2.51894      
151     6.39793       2.60758      
152     2.9053        2.60806      
153     2.30921       2.63321      
154     8.67571       2.63875      
155     1.81589       2.63926      
156     1.96723       2.64415      
157     3.21023       2.65499      
158     3.35435       2.65664      
159     1.22021       2.704        
160     1.0533        2.70749      
161     0.907507      2.71122      
162     0.799176      2.71346      
163     0.760513      2.71526      
164     0.645064      2.71902      
165     1.387         2.72995      
166     10.8033       2.73127      
167     51.0333       2.73139      
168     0.906277      2.74749      
169     6.09971       2.74841      
170     4.14436       2.7657       
171     3.5767        2.79384      
172     8.31707       2.79931      
173     3.91389       2.80451      
174     0.66593       2.86332      
175     4.8471        2.86374      
176     3.23024       2.91125      
177     2.47332       2.91896      
178     2.39722       2.92463      
179     4.06237       2.93548      
180     0.428677      2.94014      
181     17.1246       2.94196      
182     0.41425       2.94234      
183     0.55213       2.94462      
184     2.44153       2.94777      
185     1.02292       2.95129      
186     8.76869       3.00482      
187     8.41361       3.01445      
188     9.44584       3.01597      
189     2.36426       3.05329      
190     6.61016       3.05778      
191     6.03857       3.07249      
192     6.75408       3.08727      
193     2.028         3.10138      
194     14.8648       3.10649      
195     4.77889       3.11507      
196     4.75204       3.1267       
197     8.45331       3.15375      
198     10.3484       3.15989      
199     12.6549       3.18478      
200     6.39607       3.1884       
201     14.0953       3.20911      
202     9.94392       3.21403      
203     9.2111        3.22933      
204     2.05005       3.26102      
205     9.2792        3.26533      
206     9.79776       3.27674      
207     2.52308       3.30846      
208     0.318726      3.31364      
209     4.89754       3.31398      
210     5.24064       3.31883      
211     0.615189      3.35147      
212     2.78773       3.35174      
213     0.674645      3.36651      
214     6.27125       3.36693      
215     0.826792      3.36832      
216     4.27712       3.44132      
217     16.2545       3.44311      
218     0.628891      3.4463       
219     2.92425       3.53161      
220     0.605816      3.53366      
221     3.08271       3.53472      
222     1.11555       3.53649      
223     14.0609       3.60002      
224     6.57673       3.60005      
225     5.88602       3.62743      
226     3.9449        3.63544      
227     0.571996      3.63623      
228     5.69519       3.65934      
229     1.21513       3.67272      
230     18.4751       3.67318      
231     5.24817       3.68236      
232     14.0188       3.68537      
233     0.680547      3.69151      
234     2.24802       3.69556      
235     6.55703       3.71546      
236     4.47076       3.73512      
237     3.43422       3.74926      
238     29.4881       3.74952      
239     12.3398       3.76274      
240     3.4303        3.76344      
241     2.4735        3.77479      
242     7.98182       3.7921       
243     5.2755        3.79592      
244     7.07175       3.84477      
245     0.680207      3.89504      
246     16.376        3.8951       
247     10.1471       3.9439       
248     2.94275       4.00422      
249     3.70108       4.00952      
250     8.24654       4.0123       
251     3.99646       4.01281      
252     1.95122       4.1056       
253     9.80582       4.11444      
254     1.74651       4.13083      
255     13.5616       4.13597      
256     20.1367       4.13843      
257     2.46395       4.14264      
258     10.6053       4.15332      
259     5.63275       4.16655      
260     4.75105       4.17557      
261     4.78279       4.19248      
262     10.5054       4.24732      
263     1.88753       4.25042      
264     0.79853       4.32391      
265     2.94254       4.3346       
266     98.0621       4.3487       
267     9.48232       4.36375      
268     17.5552       4.38611      
269     15.0241       4.4084       
270     38.9956       4.44342      
271     9.32797       4.47416      
272     35.9933       4.48215      
273     43.8584       4.4919       
274     6.77035       4.52338      
275     8.46586       4.58369      
276     6.29074       4.63052      
277     44.9687       4.69818      
278     8.50774       4.70168      
279     8.40826       4.70411      
280     5.4385        4.72473      
281     1.03906       4.7254       
282     12.5858       4.75436      
283     12.5874       4.76264      
284     9.73447       4.79748      
285     1.37218       4.80144      
286     14.9258       4.80302      
287     7.22053       4.80804      
288     6.14992       4.82054      
289     9.81437       4.84423      
290     9.45856       4.92419      
291     11.8492       5.03808      
292     15.3986       5.05832      
293     32.9969       5.06451      
294     10.1741       5.07512      
295     5.05204       5.12351      
296     6.22395       5.15131      
297     7.80327       5.16282      
298     11.7351       5.18387      
299     3.36585       5.21998      
300     7.54967       5.22497      
301     6.17245       5.24458      
302     6.36346       5.25474      
303     15.0528       5.25602      
304     2.84815       5.31605      
305     7.12682       5.33026      
306     14.2137       5.3367       
307     12.2819       5.33978      
308     50.5678       5.3602       
309     14.0465       5.36783      
310     6.06319       5.38161      
311     0.946483      5.39169      
312     9.06488       5.48716      
313     13.3227       5.53383      
314     32.3008       5.62389      
315     82.8468       5.6296       
316     6.18451       5.67271      
317     87.0339       5.68392      
318     6.08785       5.76272      
319     34.2381       5.76818      
320     23.5179       5.80116      
321     6.7163        5.81275      
322     11.8744       5.82305      
323     35.4104       5.8409       
324     6.91686       5.87883      
325     8.02785       5.88386      
326     3.82594       5.94191      
327     3.79592       5.94429      
328     6.34892       5.94646      
329     13.0847       5.98365      
330     8.62295       5.99089      
331     6.53811       6.10655      
332     18.9515       6.17322      
333     23.4728       6.17549      
334     12.4123       6.18028      
335     5.98597       6.19868      
336     0.328627      6.19922      
337     11.1714       6.24475      
338     3.4064        6.27078      
339     3.35591       6.27538      
