127          126         
102          97          
102          211         
102          105         
102          93          
102          106         
102          103         
102          104         
102          96          
102          98          
102          101         
125          139         
125          9           
125          85          
125          126         
125          145         
13           9           
168          155         
168          172         
168          162         
168          183         
168          170         
168          119         
168          200         
168          173         
168          233         
168          165         
168          167         
168          164         
168          145         
168          136         
168          139         
168          169         
168          185         
168          138         
168          163         
168          171         
168          268         
168          184         
168          157         
67           70          
162          164         
162          163         
162          194         
162          206         
162          87          
29           35          
29           30          
29           48          
29           31          
29           28          
29           9           
232          233         
56           55          
51           50          
51           55          
51           52          
74           73          
217          218         
217          209         
217          213         
217          214         
217          237         
217          216         
217          215         
214          229         
214          218         
214          235         
214          210         
214          213         
214          265         
214          222         
214          206         
214          212         
214          216         
214          204         
214          187         
214          243         
214          215         
42           38          
42           41          
42           45          
42           9           
42           43          
42           40          
42           233         
9            19          
9            12          
9            3           
9            48          
9            44          
9            0           
9            21          
9            17          
9            40          
9            233         
9            33          
9            6           
9            195         
9            35          
9            5           
9            22          
9            4           
9            28          
9            8           
9            14          
9            37          
9            23          
9            25          
9            286         
9            45          
9            2           
9            156         
9            39          
9            38          
9            7           
9            10          
9            41          
9            18          
9            31          
9            11          
9            280         
9            24          
203          179         
203          211         
203          202         
203          238         
203          206         
203          258         
203          196         
203          256         
203          243         
203          233         
0            2           
119          211         
119          65          
119          80          
119          91          
119          72          
119          106         
119          139         
119          90          
119          70          
119          108         
119          138         
119          120         
119          121         
119          75          
119          136         
119          73          
119          126         
119          157         
119          64          
119          85          
116          211         
116          114         
116          115         
116          106         
96           97          
96           93          
96           106         
96           95          
96           94          
73           91          
73           65          
73           78          
73           72          
73           75          
73           70          
73           71          
73           80          
73           64          
98           97          
98           93          
98           106         
98           86          
98           104         
244          211         
244          235         
244          238         
244          237         
244          233         
244          249         
244          256         
244          248         
244          243         
244          215         
40           39          
40           157         
40           41          
243          259         
243          226         
243          250         
243          176         
243          213         
243          246         
243          247         
243          285         
243          245         
243          255         
243          200         
243          260         
243          222         
243          233         
243          145         
243          211         
243          218         
243          221         
243          257         
243          251         
243          238         
243          181         
243          263         
243          275         
243          242         
243          206         
243          236         
243          252         
243          216         
243          223         
243          230         
243          262         
243          187         
243          225         
243          219         
243          267         
243          229         
243          235         
243          286         
243          210         
243          266         
243          256         
243          265         
243          185         
243          224         
243          253         
243          228         
243          270         
243          258         
243          204         
243          248         
243          264         
243          261         
243          212         
243          240         
243          254         
243          237         
243          2           
243          205         
243          273         
243          220         
243          231         
243          201         
243          249         
243          209         
243          239         
243          234         
243          241         
243          215         
233          155         
233          259         
233          202         
233          183         
233          229         
233          197         
233          200         
233          260         
233          191         
233          179         
233          211         
233          165         
233          253         
233          195         
233          257         
233          238         
233          181         
233          222         
233          206         
233          236         
233          175         
233          196         
233          230         
233          145         
233          275         
233          235         
233          286         
233          174         
233          194         
233          185         
233          190         
233          193         
233          177         
233          248         
233          204         
233          256         
233          261         
233          273         
233          268         
233          192         
233          205         
233          184         
233          231         
233          201         
233          234         
233          157         
233          215         
233          270         
33           19          
33           38          
33           32          
33           3           
33           48          
33           47          
179          202         
179          176         
179          245         
179          191         
179          211         
179          195         
179          122         
179          181         
179          206         
179          175         
179          118         
179          87          
179          267         
179          174         
179          194         
179          123         
179          169         
179          103         
179          178         
179          193         
179          177         
179          228         
179          192         
179          205         
179          86          
179          104         
179          227         
179          209         
179          157         
198          199         
198          183         
218          220         
218          213         
218          206         
218          237         
218          216         
218          215         
221          238         
221          211         
221          236         
221          215         
122          211         
122          123         
122          97          
122          104         
271          275         
271          237         
271          273         
35           36          
35           48          
35           34          
166          167         
147          146         
147          211         
147          143         
147          148         
15           17          
55           97          
55           79          
55           106         
55           53          
55           50          
55           54          
55           52          
206          155         
206          202         
206          213         
206          200         
206          191         
206          211         
206          199         
206          257         
206          181         
206          272         
206          118         
206          194         
206          169         
206          156         
206          270         
206          216         
206          229         
206          231         
206          215         
99           110         
99           100         
252          239         
252          65          
252          249         
175          211         
175          174         
175          181         
175          177         
175          194         
175          196         
175          167         
278          282         
278          279         
278          280         
278          275         
20           19          
20           2           
187          160         
187          235         
187          238         
187          181         
187          183         
187          185         
187          189         
187          184         
187          188         
187          186         
283          282         
283          280         
167          211         
167          165         
167          174         
167          169         
167          163         
167          157         
167          158         
141          146         
141          143         
141          145         
141          139         
141          154         
141          138         
141          142         
141          144         
141          140         
207          210         
267          266         
267          263         
267          280         
267          215         
92           91          
92           94          
92           64          
114          113         
114          105         
114          78          
114          211         
114          106         
114          83          
114          112         
114          115         
25           27          
286          275         
286          285         
286          280         
93           97          
93           106         
93           95          
93           103         
93           53          
93           105         
93           84          
93           90          
93           94          
93           64          
93           87          
45           39          
45           41          
45           48          
45           44          
45           43          
45           37          
45           47          
45           46          
49           48          
149          143         
149          150         
149          148         
265          256         
265          235         
265          238         
265          237         
265          249         
265          264         
53           65          
53           106         
53           75          
53           64          
53           52          
163          164         
163          194         
63           64          
63           65          
63           90          
63           70          
63           75          
156          157         
69           70          
193          211         
193          195         
193          181         
193          192         
193          205         
193          194         
193          191         
43           48          
43           41          
204          211         
204          210         
204          238         
204          181         
204          213         
204          183         
204          205         
204          184         
204          231         
204          230         
204          157         
204          215         
58           57          
58           64          
261          211         
261          259         
261          235         
261          238         
261          215         
261          256         
261          260         
148          146         
148          143         
148          150         
148          154         
133          135         
133          132         
133          131         
133          129         
133          130         
133          151         
133          134         
240          239         
132          144         
254          238         
254          236         
254          255         
254          256         
254          248         
38           39          
38           41          
38           48          
150          143         
150          145         
150          154         
150          142         
60           78          
60           59          
60           70          
171          165         
171          172         
171          183         
171          185         
171          173         
106          65          
106          95          
106          70          
106          97          
106          211         
106          78          
106          72          
106          115         
106          84          
106          94          
106          107         
106          146         
106          143         
106          145         
106          219         
106          123         
106          66          
106          103         
106          101         
106          105         
106          140         
106          90          
106          75          
106          108         
106          86          
106          104         
106          112         
106          157         
106          83          
268          275         
268          269         
268          181         
268          183         
268          86          
268          189         
268          190         
268          270         
268          152         
268          273         
154          155         
154          174         
154          143         
154          140         
154          153         
154          142         
154          177         
154          152         
276          275         
276          280         
276          273         
108          70          
108          91          
104          211         
104          84          
104          97          
104          103         
104          124         
104          118         
104          94          
104          101         
104          87          
220          211         
220          238         
220          216         
220          237         
220          177         
220          256         
117          118         
227          229         
227          230         
227          228         
231          211         
231          235         
231          238         
231          213         
231          229         
231          230         
231          256         
231          228         
231          215         
249          256         
249          237         
249          239         
249          238         
249          250         
249          246         
249          247         
249          251         
249          255         
249          248         
27           26          
234          211         
234          235         
234          275         
234          238         
234          236         
234          230         
234          256         
234          248         
234          215         
59           64          
59           65          
59           75          
59           70          
47           48          
83           97          
83           75          
83           82          
215          213         
215          183         
215          245         
215          237         
215          200         
215          222         
215          145         
215          211         
215          199         
215          257         
215          238         
215          181         
215          223         
215          230         
215          256         
215          235         
215          219         
215          210         
215          169         
215          185         
215          228         
215          248         
215          216         
215          212         
215          229         
215          205         
215          239         
215          184         
215          209         
215          157         
85           91          
85           65          
85           84          
85           75          
85           90          
85           70          
85           64          
85           87          
155          165         
155          145         
155          210         
155          139         
155          138         
155          142         
109          110         
202          211         
202          194         
202          177         
226          211         
226          236         
226          237         
77           65          
77           75          
3            2           
95           97          
95           103         
95           84          
95           94          
95           64          
70           65          
70           71          
70           87          
70           80          
70           72          
70           89          
70           61          
70           118         
70           76          
70           64          
70           145         
70           66          
70           101         
70           91          
70           68          
70           90          
70           75          
70           86          
208          209         
170          169         
245          211         
245          235         
245          238         
245          181         
245          237         
245          256         
245          248         
71           64          
158          157         
158          177         
197          211         
197          194         
197          181         
197          200         
197          196         
81           65          
81           80          
281          282         
281          275         
281          280         
281          194         
17           16          
260          211         
260          235         
260          238         
260          237         
260          256         
222          211         
222          235         
222          238         
222          213         
222          205         
222          263         
222          256         
82           97          
82           75          
191          194         
191          205         
97           103         
97           123         
97           105         
97           118         
97           94          
97           64          
97           87          
211          200         
211          145         
211          174         
211          253         
211          238         
211          181         
211          236         
211          263         
211          118         
211          196         
211          256         
211          225         
211          275         
211          143         
211          213         
211          235         
211          219         
211          210         
211          194         
211          123         
211          178         
211          177         
211          216         
211          115         
211          101         
211          195         
211          105         
211          257         
211          237         
211          140         
211          192         
211          205         
211          201         
211          209         
211          255         
211          157         
165          164         
165          172         
165          183         
165          169         
165          138         
165          184         
165          144         
165          157         
165          173         
165          139         
165          145         
159          121         
159          161         
78           79          
195          181         
195          194         
238          259         
238          229         
238          255         
238          200         
238          253         
238          257         
238          239         
238          181         
238          256         
238          263         
238          196         
238          230         
238          275         
238          235         
238          228         
238          258         
238          248         
238          216         
238          212         
238          237         
238          205         
181          145         
181          118         
181          196         
181          182         
181          180         
181          235         
181          174         
181          194         
181          161         
181          185         
181          177         
181          212         
181          273         
181          205         
181          152         
181          157         
272          280         
272          273         
272          275         
22           23          
251          237         
251          248         
251          250         
61           64          
61           65          
61           75          
144          146         
144          145         
144          139         
144          143         
144          153         
144          142         
118          65          
118          90          
118          91          
118          89          
118          86          
118          135         
118          64          
118          110         
118          87          
37           39          
196          174         
196          194         
76           64          
76           75          
64           65          
64           57          
64           87          
64           80          
64           72          
64           89          
64           84          
64           66          
64           101         
64           91          
64           88          
64           94          
64           62          
64           90          
64           75          
64           86          
23           39          
23           24          
164          194         
235          213         
235          237         
235          257         
235          236         
235          263         
235          225         
235          275         
235          255         
235          256         
235          239         
219          213         
219          157         
210          209         
210          213         
194          280         
194          169         
194          192         
194          178         
194          228         
139          145         
139          136         
139          169         
139          143         
139          138         
139          126         
266          263         
169          177         
169          157         
66           65          
66           105         
66           75          
100          110         
138          145         
138          136         
138          137         
138          143         
138          142         
138          126         
120          121         
121          110         
124          123         
270          275         
270          269         
270          280         
177          201         
177          174         
177          140         
177          178         
177          157         
177          237         
177          216         
258          256         
258          259         
255          237         
255          256         
255          248         
216          213         
216          174         
216          237         
228          199         
228          229         
228          230         
228          248         
151          152         
101          75          
79           105         
79           103         
91           65          
91           80          
91           72          
91           75          
91           90          
91           88          
91           86          
91           89          
91           87          
88           90          
88           110         
88           87          
105          75          
105          103         
105          157         
160          161         
129          128         
41           39          
41           44          
18           19          
62           75          
62           65          
140          146         
140          143         
140          142         
140          157         
90           84          
90           65          
90           89          
90           86          
90           72          
90           75          
90           87          
90           57          
75           65          
75           87          
75           80          
75           72          
75           86          
192          205         
86           65          
86           87          
239          236         
239          237         
239          256         
239          248         
184          183         
184          185         
184          200         
184          173         
230          275         
230          212         
230          229         
280          277         
280          257         
280          279         
280          274         
280          275         
280          273         
280          282         
280          285         
280          284         
157          142         
157          145         
157          174         
157          103         
157          209         
110          111         
24           39          
19           21          
65           87          
65           80          
65           72          
259          256         
172          173         
250          248         
57           87          
48           44          
213          209         
213          229         
213          212         
213          224         
213          225         
183          185         
183          189         
183          190         
183          173         
44           39          
246          247         
246          236         
246          256         
246          248         
247          248         
229          256         
285          275         
285          273         
285          256         
142          146         
142          143         
142          145         
142          136         
237          223         
237          257         
237          236         
237          256         
237          262         
237          248         
237          273         
200          256         
126          143         
126          136         
173          185         
87           84          
87           94          
146          143         
146          145         
146          209         
253          256         
257          256         
269          275         
209          143         
209          212         
209          225         
137          136         
279          275         
279          282         
236          248         
263          262         
263          256         
284          282         
224          225         
275          277         
275          274         
275          282         
275          256         
275          273         
143          145         
143          136         
274          273         
123          178         
185          190         
2            1           
256          248         
