0       2.38754       0.0226225    
1       0.605354      0.0274802    
2       4.46133       0.0285902    
3       0.688982      0.0299481    
4       2.66416       0.0363617    
5       8.48218       0.0687606    
6       2.19432       0.0707531    
7       8.38471       0.0829853    
8       0.555926      0.0839632    
9       1.98271       0.189334     
10      3.94383       0.190946     
11      1.85378       0.194729     
12      8.16015       0.210726     
13      1.80617       0.216125     
14      7.24907       0.231985     
15      17.2548       0.239157     
16      3.56219       0.377832     
17      19.19         0.378486     
18      0.509285      0.411727     
19      6.63488       0.412804     
20      0.469813      0.413453     
21      3.75007       0.467796     
22      4.91247       0.468954     
23      24.1292       0.546178     
24      7.82566       0.546318     
25      16.515        0.548692     
26      1.57146       0.614345     
27      1.57179       0.614486     
28      23.6069       0.651824     
29      6.02556       0.654967     
30      17.319        0.676707     
31      4.79483       0.771501     
32      10.5074       0.783198     
33      9.12479       0.807437     
34      7.1885        0.820031     
35      10.6961       0.827065     
36      40.3413       0.828881     
37      0.816595      0.847895     
38      1.45117       0.864899     
39      6.72792       0.86866      
40      0.603166      0.871128     
41      6.83955       0.911393     
42      11.3863       0.918655     
43      6.91864       0.924565     
44      7.01545       0.929808     
45      15.736        1.01486      
46      9.82516       1.01509      
47      1.28487       1.04293      
48      2.92133       1.04494      
49      16.2563       1.05937      
50      4.66907       1.0627       
51      6.01832       1.08541      
52      9.28644       1.11854      
53      6.26795       1.17116      
54      3.6257        1.17993      
55      7.44392       1.21676      
56      5.17565       1.25131      
57      2.67792       1.27855      
58      11.439        1.31458      
59      25.9507       1.32124      
60      36.8033       1.346        
61      29.1371       1.34647      
62      11.5381       1.35335      
63      2.87335       1.38498      
64      3.17313       1.40753      
65      2.45352       1.41868      
66      0.853321      1.43511      
67      0.648204      1.4416       
68      3.63093       1.45089      
69      32.7687       1.45102      
70      3.64869       1.47306      
71      13.4226       1.47923      
72      6.33006       1.50245      
73      1.72235       1.50672      
74      9.84945       1.63801      
75      4.63488       1.66946      
76      7.26658       1.67466      
77      2.68835       1.72182      
78      2.69574       1.72182      
79      0.731111      1.74783      
80      9.65885       1.74933      
81      1.64967       1.75803      
82      2.78369       1.76104      
83      3.48351       1.76554      
84      0.751873      1.7986       
85      7.54168       1.80004      
86      0.742443      1.80189      
87      5.13642       1.8152       
88      4.45753       1.86187      
89      8.39478       1.86988      
90      2.49344       1.87105      
91      2.96373       1.91058      
92      0.594667      1.9188       
93      5.7107        1.91973      
94      0.833179      1.92224      
95      10.6206       1.94159      
96      3.03159       1.94585      
97      5.20974       1.98083      
98      5.38988       2.00379      
99      8.68972       2.01386      
100     0.603378      2.01458      
101     3.77319       2.03063      
102     9.04235       2.03593      
103     7.23056       2.06444      
104     6.23297       2.06591      
105     5.21132       2.06683      
106     9.36932       2.07444      
107     3.66848       2.0974       
108     6.87968       2.12944      
109     2.50668       2.13024      
110     0.971564      2.15224      
111     0.729921      2.15581      
112     9.52308       2.1562       
113     6.06754       2.19712      
114     2.95495       2.19802      
115     2.76675       2.24362      
116     3.26435       2.2467       
117     0.489164      2.24723      
118     0.854827      2.27888      
119     3.0433        2.28029      
120     0.811322      2.28162      
121     1.8721        2.30689      
122     7.21342       2.30922      
123     1.89554       2.31363      
124     0.962842      2.34059      
125     0.780724      2.34549      
126     0.804324      2.34929      
127     40.159        2.35208      
128     0.83051       2.35486      
129     0.866092      2.36015      
130     0.988303      2.36491      
131     1.22124       2.37032      
132     2.83195       2.4944       
133     2.09292       2.50112      
134     3.39073       2.50853      
135     8.63313       2.51141      
136     0.492592      2.51323      
137     2.56776       2.51795      
138     11.6538       2.61943      
139     8.69962       2.63879      
140     11.1837       2.6686       
141     5.46743       2.67531      
142     1.85025       2.71369      
143     1.33177       2.72034      
144     15.7806       2.72171      
145     6.32687       2.72697      
146     2.99795       2.73495      
147     3.96147       2.74363      
148     4.55118       2.75611      
149     4.52312       2.77637      
150     24.3306       2.8029       
151     5.02956       2.81716      
152     4.53169       2.84629      
153     3.12357       2.86428      
154     3.23375       2.87922      
155     13.9936       2.88191      
156     14.5261       2.91655      
157     2.60448       3.04948      
158     10.4703       3.0517       
159     12.5234       3.08467      
160     9.67036       3.13206      
161     4.60741       3.15638      
162     3.0475        3.20388      
163     3.95629       3.20438      
164     17.4189       3.22584      
165     13.2759       3.23031      
166     2.41949       3.23588      
167     4.32599       3.24006      
168     6.89607       3.27449      
169     12.3294       3.29867      
170     4.92773       3.31482      
171     3.30231       3.33513      
172     5.10272       3.35835      
173     1.35945       3.37879      
174     26.1308       3.39474      
175     8.26532       3.40314      
176     7.05696       3.44238      
177     88.6254       3.45773      
178     0.138165      3.4583       
179     0.39156       3.46216      
180     2.57117       3.47628      
181     3.62541       3.47735      
182     25.1857       3.51718      
183     33.0489       3.52016      
184     8.82165       3.53858      
185     42.9532       3.55972      
186     3.516         3.57883      
187     11.6946       3.61281      
188     10.446        3.64394      
189     7.99115       3.68009      
190     2.11869       3.68957      
191     3.65618       3.69129      
192     3.28038       3.71085      
193     3.62782       3.73145      
194     5.30418       3.76061      
195     10.6127       3.81668      
196     10.6024       3.81976      
197     12.4659       3.82251      
198     3.05951       3.84539      
199     11.6773       3.92411      
200     1.9772        4.01447      
201     7.86952       4.02801      
202     11.9225       4.03092      
203     17.5789       4.04171      
204     14.3695       4.0486       
205     5.85755       4.04969      
206     45.8011       4.09966      
207     8.26346       4.13615      
208     11.0655       4.17461      
209     0.766088      4.22088      
210     10.835        4.22732      
211     9.82428       4.23166      
212     0.69239       4.23577      
213     6.57471       4.24441      
214     3.32261       4.2606       
215     8.35816       4.32691      
216     3.33526       4.48724      
217     4.49479       4.48952      
218     29.5049       4.53215      
219     10.9877       4.55106      
220     7.80914       4.58849      
221     3.32541       4.62335      
222     11.3319       4.62738      
223     3.3257        4.63883      
224     0.878447      4.67066      
225     1.48961       4.67465      
226     7.61805       4.67542      
227     0.742949      4.67903      
228     9.02734       4.69592      
229     4.0709        4.74309      
230     21.7814       4.76166      
231     20.8628       4.78498      
232     73.5165       4.87311      
233     36.7729       4.90885      
234     4.90673       4.92436      
235     87.0178       4.93545      
236     7.04814       4.96562      
237     0.878794      4.99382      
238     6.33797       5.015        
239     5.89029       5.04683      
240     5.85929       5.08959      
241     3.84088       5.09482      
242     19.6553       5.11372      
243     31.7098       5.141        
244     13.1408       5.15311      
245     14.213        5.15881      
246     5.41598       5.16342      
247     3.20567       5.21843      
248     3.68422       5.25718      
249     5.06304       5.25984      
250     4.35729       5.26291      
251     6.97632       5.28926      
252     9.67409       5.35102      
253     19.1647       5.36238      
254     26.1145       5.3842       
255     4.87457       5.46903      
256     0.501397      5.48672      
257     7.51746       5.4881       
258     7.87813       5.5096       
259     17.0703       5.5164       
260     2.40599       5.51906      
261     2.84392       5.55286      
262     4.88456       5.55336      
263     5.39695       5.5617       
264     23.6498       5.58595      
265     12.4657       5.67619      
266     14.403        5.74373      
267     3.55024       5.74706      
268     4.57429       5.89631      
269     5.67236       5.90718      
270     5.32637       5.91833      
271     3.38373       5.9214       
272     17.5559       5.94704      
273     9.63842       5.96406      
274     11.0449       5.98471      
275     12.473        6.02817      
276     22.8045       6.03202      
277     10.2613       6.0399       
278     9.06936       6.07722      
279     4.54607       6.10795      
280     2.41733       6.10894      
281     2.82198       6.15755      
282     4.72386       6.16311      
283     1.44375       6.16757      
284     1.48949       6.16873      
285     2.69399       6.17405      
286     14.7838       6.24079      
287     12.9714       6.24111      
288     3.50821       6.25402      
289     8.49731       6.28097      
