139          8           
139          135         
139          138         
139          125         
139          4           
139          133         
139          108         
145          82          
145          146         
145          20          
145          143         
145          125         
145          144         
145          147         
145          149         
145          120         
145          142         
51           53          
40           41          
40           36          
40           39          
80           78          
80           32          
80           81          
80           92          
26           27          
131          130         
131          132         
131          138         
131          133         
131          135         
131          129         
131          128         
130          133         
130          15          
130          132         
130          127         
130          135         
130          129         
130          128         
109          114         
109          100         
109          108         
109          110         
109          106         
109          125         
109          92          
109          112         
109          96          
109          99          
79           78          
79           64          
79           71          
79           84          
14           11          
14           10          
14           15          
14           13          
14           19          
14           4           
113          112         
97           96          
47           91          
47           36          
47           48          
47           41          
47           71          
47           39          
47           46          
35           36          
101          100         
22           21          
22           10          
70           71          
0            25          
0            20          
0            23          
0            144         
0            149         
0            1           
112          96          
112          122         
112          111         
112          106         
112          115         
112          92          
112          110         
112          114         
112          100         
88           82          
88           86          
88           89          
88           90          
88           87          
77           75          
77           82          
77           63          
77           64          
77           78          
103          106         
103          96          
103          104         
103          99          
103          102         
126          125         
126          133         
38           37          
38           41          
38           39          
38           144         
24           23          
24           25          
142          61          
142          82          
142          143         
142          149         
142          146         
142          125         
142          144         
142          141         
142          121         
142          86          
142          120         
44           45          
116          102         
116          90          
116          96          
116          117         
41           43          
41           42          
41           6           
41           45          
41           37          
41           23          
41           46          
41           36          
41           39          
96           95          
96           114         
96           108         
96           124         
96           102         
96           93          
96           106         
96           115         
96           99          
96           104         
96           98          
54           53          
25           23          
25           27          
25           149         
82           125         
82           61          
82           86          
82           64          
82           78          
82           90          
82           92          
82           71          
82           83          
32           36          
32           10          
32           13          
32           2           
32           34          
32           39          
32           11          
32           140         
32           135         
32           30          
32           120         
32           33          
32           15          
32           48          
32           122         
32           128         
32           49          
32           21          
32           31          
32           4           
32           92          
29           30          
85           84          
85           100         
143          122         
143          86          
143          146         
143          144         
107          108         
138          133         
138          137         
138          125         
138          8           
138          2           
138          132         
138          115         
138          140         
138          136         
138          83          
138          135         
138          128         
138          123         
115          114         
115          100         
115          108         
115          110         
115          118         
115          123         
90           89          
140          137         
140          122         
140          136         
140          147         
71           63          
71           72          
71           64          
71           84          
71           76          
71           78          
71           65          
147          148         
147          146         
147          144         
147          123         
78           64          
78           76          
78           128         
78           68          
128          92          
128          36          
128          135         
128          132         
128          125         
128          89          
128          137         
128          133         
128          127         
128          118         
128          129         
81           83          
66           68          
45           43          
45           42          
45           37          
45           36          
45           39          
45           46          
45           20          
120          36          
120          122         
120          144         
120          125         
120          89          
120          92          
120          121         
1            2           
50           53          
50           49          
63           62          
63           64          
63           68          
33           36          
114          122         
114          110         
15           11          
15           21          
15           10          
15           13          
15           17          
15           18          
15           19          
15           34          
15           133         
15           16          
15           135         
48           92          
122          91          
122          121         
122          125         
122          92          
122          123         
134          133         
124          125         
64           72          
64           65          
64           68          
117          125         
132          125         
132          133         
106          95          
106          125         
106          108         
106          104         
106          102         
106          110         
106          105         
106          100         
106          99          
125          137         
125          20          
125          135         
125          95          
125          100         
125          136         
125          149         
125          129         
144          61          
144          146         
144          20          
144          149         
144          121         
133          11          
133          13          
133          127         
133          135         
133          118         
133          129         
76           75          
76           74          
76           83          
118          119         
118          108         
7            8           
7            10          
94           99          
94           93          
73           74          
98           100         
95           100         
95           108         
95           92          
95           99          
21           11          
21           36          
21           10          
21           13          
21           8           
21           39          
74           75          
74           72          
5            4           
100          119         
100          108         
100          102         
100          110         
100          92          
100          123         
100          99          
12           11          
12           23          
12           13          
104          108         
104          102         
102          108         
102          110         
102          99          
55           56          
67           68          
23           10          
23           37          
23           4           
23           36          
23           149         
119          2           
4            11          
4            10          
4            3           
4            136         
4            8           
92           91          
92           110         
92           89          
92           127         
92           121         
136          137         
136          135         
52           53          
149          146         
149          150         
129          135         
27           30          
123          146         
46           39          
46           36          
18           19          
68           69          
28           30          
36           10          
36           13          
36           6           
36           37          
36           39          
36           11          
36           43          
36           42          
36           20          
36           17          
36           34          
10           11          
10           13          
10           20          
10           9           
10           8           
10           39          
13           11          
13           8           
61           59          
6            8           
6            146         
8            11          
37           42          
37           20          
37           39          
146          148         
34           39          
60           59          
87           86          
87           89          
121          89          
39           42          
99           108         
59           56          
59           58          
86           89          
108          93          
108          110         
56           57          
93           83          
