0       5.97522       0.0238058    
1       23.9087       0.102862     
2       25.7818       0.108185     
3       16.4483       0.111988     
4       19.3001       0.116326     
5       10.7246       0.123059     
6       8.38619       0.138613     
7       0.688186      0.14202      
8       3.49089       0.16486      
9       5.18316       0.180667     
10      6.30029       0.189321     
11      12.5278       0.270788     
12      10.6872       0.276045     
13      6.41639       0.278791     
14      8.05639       0.324049     
15      6.196         0.335056     
16      4.5129        0.349749     
17      9.56122       0.36075      
18      17.8923       0.367395     
19      4.3461        0.382953     
20      6.17375       0.434948     
21      20.4271       0.47287      
22      7.79526       0.477707     
23      5.46757       0.486298     
24      34.6381       0.486509     
25      7.74136       0.495571     
26      7.90469       0.535976     
27      21.8007       0.572782     
28      103.464       0.603181     
29      7.76662       0.606308     
30      85.927        0.660873     
31      25.8597       0.666646     
32      7.07948       0.685396     
33      8.50437       0.780006     
34      42.1056       0.782996     
35      19.4354       0.828797     
36      5.59394       0.936085     
37      4.76035       0.93814      
38      7.68126       0.973742     
39      0.747184      0.997226     
40      17.3866       1.01519      
41      18.5743       1.01593      
42      41.6488       1.02125      
43      39.0336       1.05782      
44      40.8859       1.14031      
45      3.75501       1.15194      
46      16.3796       1.15837      
47      17.5546       1.16624      
48      8.4321        1.16702      
49      5.75439       1.1765       
50      16.1146       1.22756      
51      16.856        1.32868      
52      9.18163       1.3288       
53      12.7764       1.33228      
54      12.363        1.37522      
55      11.4484       1.37707      
56      4.58841       1.38022      
57      6.81141       1.41732      
58      7.01383       1.47387      
59      15.3263       1.53488      
60      10.7137       1.57369      
61      12.6892       1.63774      
62      4.48414       1.67167      
63      9.66704       1.69703      
64      9.14817       1.74222      
65      9.06194       1.75214      
66      34.2331       1.7554       
67      13.2715       1.80186      
68      16.3565       1.81292      
69      45.9247       1.82114      
70      8.40676       1.848        
71      6.85661       1.87928      
72      5.07113       1.88242      
73      37.7237       1.88939      
74      12.3357       1.93959      
75      9.23617       1.9397       
76      12.3379       2.01636      
77      38.5036       2.032        
78      2.88977       2.04175      
79      7.57355       2.06052      
80      14.2642       2.0982       
81      1.49255       2.10178      
82      14.9684       2.10771      
83      96.1812       2.11332      
84      1.02855       2.11796      
85      21.7548       2.11835      
86      1.1243        2.13322      
87      8.64914       2.1355       
88      11.7669       2.1519       
89      2.75096       2.15679      
90      0.937673      2.16862      
91      0.966984      2.17127      
92      1.03993       2.1744       
93      1.07035       2.17848      
94      1.06664       2.18116      
95      1.12174       2.18384      
96      2.09596       2.19476      
97      2.66081       2.19756      
98      3.10333       2.2029       
99      8.97552       2.20555      
100     7.99073       2.24273      
101     8.40799       2.25255      
102     11.2954       2.33308      
103     7.61835       2.48694      
104     3.99672       2.48883      
105     8.77051       2.52414      
106     15.9164       2.53323      
107     11.3053       2.55502      
108     0.636909      2.59589      
109     16.435        2.59632      
110     1.90023       2.6155       
111     1.47754       2.61725      
112     0.819861      2.61799      
113     4.09221       2.64413      
114     13.8411       2.65329      
115     3.4546        2.65838      
116     3.41409       2.66696      
117     26.6566       2.67496      
118     3.88878       2.67769      
119     5.62323       2.70097      
120     4.43759       2.70996      
121     1.54764       2.7189       
122     0.78942       2.71963      
123     4.16299       2.72543      
124     5.15971       2.72821      
125     9.08501       2.75466      
126     0.752173      2.77545      
127     1.57287       2.77607      
128     7.30902       2.78894      
129     14.0217       2.79947      
130     0.785786      2.80223      
131     20.305        2.80339      
132     1.33658       2.80896      
133     7.59973       2.83383      
134     15.0281       2.84179      
135     6.23521       2.94659      
136     6.20092       2.95327      
137     0.519383      2.95417      
138     4.76974       2.96174      
139     0.720272      3.03545      
140     2.78188       3.03895      
141     15.0229       3.03903      
142     0.654282      3.04234      
143     5.20373       3.05235      
144     9.7435        3.11118      
145     18.2575       3.13733      
146     0.674383      3.13758      
147     3.77658       3.17307      
148     1.96891       3.18191      
149     9.57987       3.1822       
150     2.21317       3.18752      
151     5.76387       3.20387      
152     4.25281       3.22301      
153     5.87846       3.22695      
154     3.42242       3.23316      
155     8.0026        3.26813      
156     14.9678       3.29371      
157     13.8543       3.2995       
158     6.00289       3.3152       
159     0.414748      3.31592      
160     12.7208       3.33449      
161     10.4099       3.33875      
162     8.4561        3.37819      
163     10.9323       3.38339      
164     9.89283       3.39062      
165     7.46028       3.43985      
166     1.49058       3.45633      
167     1.49105       3.45641      
168     11.9013       3.47221      
169     13.9512       3.48194      
170     0.281681      3.48241      
171     1.07047       3.55204      
172     0.891972      3.55541      
173     3.29827       3.56246      
174     4.15832       3.56579      
175     1.3824        3.56895      
176     51.0169       3.57113      
177     0.421321      3.57412      
178     0.537003      3.57733      
179     1.62507       3.58155      
180     1.10463       3.58518      
181     6.91796       3.58831      
182     3.61164       3.591        
183     0.998974      3.61853      
184     0.376225      3.62068      
185     4.02473       3.62103      
186     0.691124      3.62213      
187     2.9899        3.76541      
188     2.47068       3.77215      
189     11.9047       3.77267      
190     0.651061      3.77518      
191     0.597986      3.79362      
192     6.45769       3.79376      
193     2.403         3.80805      
194     2.4313        3.80849      
195     0.943545      3.85324      
196     0.644731      3.85598      
197     13.8617       3.85645      
198     0.780295      3.85918      
199     1.12219       3.86178      
200     3.98841       3.88766      
201     9.03032       3.89001      
202     4.15591       3.90111      
203     0.461525      3.90152      
204     2.74198       3.92449      
205     2.26219       3.93182      
206     10.3408       3.93205      
207     2.61323       3.93801      
208     4.25379       3.95839      
209     5.36618       3.96221      
210     2.15103       3.97911      
211     2.09987       3.97979      
212     4.33253       3.98653      
213     0.541649      3.98668      
214     0.67002       4.00068      
215     2.55856       4.00096      
216     4.23995       4.01664      
217     0.191833      4.01914      
218     4.31752       4.01927      
219     0.873569      4.03571      
220     2.4539        4.03826      
221     7.91142       4.03918      
222     0.740033      4.04128      
223     3.88089       4.05564      
224     3.55949       4.08031      
225     1.55816       4.08477      
226     4.73523       4.08513      
227     3.33166       4.08986      
228     5.04243       4.10338      
229     3.14229       4.10863      
230     0.49815       4.10903      
231     12.3721       4.13942      
232     3.70166       4.14186      
233     2.73525       4.19327      
234     1.38019       4.19895      
235     5.68561       4.20062      
236     2.1879        4.20109      
237     2.68081       4.20366      
238     1.92314       4.21877      
239     3.95018       4.21997      
240     5.60544       4.22669      
241     11.1781       4.25768      
242     7.01403       4.27834      
243     5.89173       4.28338      
244     7.36732       4.31926      
245     14.2117       4.36515      
246     5.39105       4.37436      
247     3.59728       4.40386      
248     22.9709       4.41138      
249     3.41098       4.41811      
250     40.289        4.43574      
251     6.7644        4.43938      
252     0.701076      4.44857      
253     1.69318       4.45626      
254     1.2585        4.47503      
255     7.19619       4.47784      
256     0.552953      4.50272      
257     34.1272       4.50794      
258     10.2673       4.51996      
259     2.95508       4.54616      
260     5.17179       4.58638      
261     20.2161       4.61957      
262     24.119        4.62024      
263     13.915        4.6227       
264     4.22135       4.66695      
265     48.6949       4.67828      
266     0.467375      4.67841      
267     6.92993       4.69852      
268     31.3465       4.7299       
269     7.67668       4.76397      
270     25.3128       4.81322      
271     3.90803       4.8146       
272     1.81691       4.82249      
273     17.2106       4.86713      
274     25.514        4.88294      
275     6.94673       5.00322      
276     4.01502       5.00481      
277     1.8427        5.04934      
278     3.60889       5.04951      
279     11.2818       5.07089      
280     10.4896       5.07703      
281     0.704414      5.11891      
282     24.5972       5.12846      
283     17.6627       5.14158      
284     14.7179       5.14372      
285     41.319        5.16326      
286     3.72185       5.18505      
287     1.9473        5.19356      
288     7.77311       5.21061      
289     3.36223       5.24015      
290     3.21804       5.24184      
291     1.93669       5.24582      
292     14.7305       5.28263      
293     11.8847       5.28309      
294     12.3131       5.33321      
295     14.4244       5.33634      
296     17.5621       5.33728      
297     10.4921       5.38605      
298     9.82802       5.41448      
299     18.707        5.42426      
300     7.2004        5.46951      
301     2.35403       5.48831      
302     11.69         5.48913      
303     9.98761       5.51497      
304     7.09247       5.57338      
305     3.90098       5.59252      
306     0.462549      5.59931      
307     12.6231       5.6006       
308     4.11468       5.60496      
309     12.3522       5.64537      
310     3.74474       5.71648      
311     10.8594       5.72102      
312     0.569206      5.72186      
313     7.74384       5.78489      
314     7.35771       5.81204      
315     5.23705       5.81622      
316     10.0234       5.8243       
317     10.6873       5.86177      
318     18.6175       5.87684      
319     10.1268       5.89114      
320     6.56577       5.89139      
321     2.10398       5.91816      
322     9.32801       5.92661      
323     10.9404       5.95123      
324     2.95503       5.96372      
325     6.07421       5.96509      
326     3.19713       5.98216      
327     16.4113       6.00314      
328     12.145        6.01391      
329     26.2057       6.01767      
330     15.5798       6.02448      
331     18.9633       6.07156      
332     11.6983       6.15401      
333     11.839        6.1653       
