169          181         
169          166         
169          223         
169          168         
169          167         
76           77          
76           75          
76           74          
76           84          
58           59          
58           52          
58           62          
58           61          
58           63          
58           317         
58           67          
58           51          
58           57          
58           60          
8            7           
8            20          
8            167         
162          167         
4            308         
4            337         
4            300         
4            335         
4            334         
4            9           
4            303         
4            339         
4            5           
4            327         
4            301         
4            246         
4            7           
4            21          
4            315         
4            332         
4            20          
4            333         
4            328         
4            41          
4            338         
104          103         
339          68          
339          338         
339          319         
172          194         
172          171         
172          190         
172          173         
172          167         
172          181         
184          181         
184          315         
128          127         
128          129         
129          127         
129          130         
129          120         
129          126         
113          112         
113          106         
113          107         
113          114         
297          307         
297          306         
297          294         
297          293         
297          284         
297          298         
297          270         
297          292         
297          296         
292          217         
292          308         
292          266         
292          306         
292          294         
292          293         
292          305         
292          291         
292          288         
292          298         
292          262         
292          319         
292          272         
292          309         
205          201         
205          202         
205          315         
205          203         
205          206         
205          199         
205          167         
205          197         
205          204         
167          201         
167          209         
167          161         
167          198         
167          171         
167          177         
167          230         
167          170         
167          153         
167          154         
167          168         
167          202         
167          315         
167          188         
167          194         
167          195         
167          206         
167          214         
167          157         
167          190         
167          160         
167          159         
167          325         
167          155         
167          186         
167          152         
167          164         
167          165         
167          210         
167          200         
167          173         
167          199         
167          187         
167          196         
167          197         
167          175         
167          178         
167          176         
167          150         
167          151         
167          203         
167          166         
167          207         
167          179         
167          191         
167          158         
84           85          
322          273         
322          271         
322          266         
322          282         
322          317         
322          323         
322          279         
322          320         
322          321         
322          315         
322          319         
322          277         
153          154         
41           89          
41           94          
41           107         
41           5           
41           333         
41           103         
41           21          
41           315         
41           17          
41           317         
41           38          
41           28          
41           92          
41           116         
41           20          
41           39          
41           109         
41           7           
41           19          
41           61          
41           40          
41           98          
41           99          
41           83          
241          238         
241          239         
241          319         
274          273         
274          266         
274          268         
274          270         
274          317         
274          272         
274          277         
60           59          
60           54          
60           68          
60           57          
60           53          
60           73          
60           49          
60           63          
60           67          
60           66          
60           64          
60           51          
60           61          
60           62          
107          92          
107          106         
107          109         
107          101         
107          81          
107          99          
107          103         
107          108         
56           323         
56           78          
56           61          
56           63          
56           51          
56           57          
253          255         
253          273         
253          266         
253          256         
253          270         
253          317         
253          272         
253          277         
253          269         
253          252         
202          201         
202          198         
202          333         
202          195         
202          203         
202          206         
202          200         
202          199         
266          273         
266          286         
266          254         
266          283         
266          256         
266          313         
266          291         
266          293         
266          258         
266          301         
266          284         
266          6           
266          265         
266          269         
266          239         
266          271         
266          260         
266          315         
266          312         
266          306         
266          294         
266          206         
266          290         
266          275         
266          236         
266          288         
266          235         
266          251         
266          270         
266          317         
266          302         
266          264         
266          319         
266          231         
266          257         
266          277         
266          314         
266          193         
266          303         
266          255         
266          278         
266          259         
266          289         
266          249         
266          223         
266          268         
266          280         
266          262         
266          305         
266          238         
266          272         
266          310         
266          309         
266          304         
266          252         
266          248         
266          308         
266          263         
266          282         
266          224         
266          7           
266          242         
266          279         
266          267         
266          287         
266          300         
266          250         
266          244         
266          276         
266          261         
315          273         
315          286         
315          283         
315          324         
315          256         
315          293         
315          5           
315          301         
315          6           
315          321         
315          269         
315          239         
315          330         
315          334         
315          323         
315          316         
315          303         
315          206         
315          290         
315          275         
315          291         
315          300         
315          318         
315          313         
315          317         
315          332         
315          302         
315          319         
315          325         
315          238         
315          0           
315          314         
315          278         
315          289         
315          223         
315          320         
315          268         
315          1           
315          280         
315          333         
315          272         
315          244         
315          197         
315          204         
315          308         
315          282         
315          312         
315          7           
315          242         
315          2           
315          246         
315          329         
315          277         
315          3           
315          299         
185          181         
188          194         
188          192         
188          154         
188          187         
188          181         
188          186         
188          197         
323          324         
323          78          
323          321         
323          333         
323          271         
323          54          
323          53          
323          318         
323          317         
323          319         
323          325         
323          0           
323          314         
323          307         
323          90          
323          320         
323          48          
323          330         
323          47          
323          329         
323          337         
323          68          
323          2           
323          49          
323          287         
323          331         
323          1           
323          51          
195          201         
195          194         
195          190         
294          286         
294          306         
294          293         
294          298         
294          270         
294          296         
294          276         
213          214         
290          308         
290          286         
290          293         
290          268         
290          317         
290          277         
53           54          
53           61          
53           63          
53           317         
53           51          
53           49          
236          270         
236          238         
236          239         
236          232         
190          189         
190          194         
190          192         
190          181         
336          335         
13           317         
13           12          
13           14          
13           18          
215          214         
127          116         
127          126         
127          61          
127          63          
127          130         
127          125         
127          82          
127          98          
70           69          
319          324         
319          295         
319          5           
319          321         
319          316         
319          318         
319          317         
319          309         
319          314         
319          293         
319          337         
319          289         
319          90          
319          320         
319          244         
319          196         
319          329         
319          308         
319          242         
319          306         
319          298         
319          331         
48           2           
48           61          
48           63          
48           67          
48           51          
48           49          
132          134         
132          131         
132          133         
257          255         
257          256         
257          258         
0            337         
0            334         
0            2           
0            320         
0            1           
0            317         
0            3           
0            314         
0            329         
186          201         
186          198         
186          187         
186          166         
186          154         
225          238         
225          228         
225          223         
225          230         
225          226         
225          232         
156          154         
156          166         
217          192         
217          218         
217          214         
217          303         
217          300         
217          272         
217          219         
217          191         
217          31          
217          247         
217          216         
145          148         
145          143         
145          138         
234          230         
234          238         
234          232         
335          337         
335          334         
335          317         
335          332         
335          333         
16           10          
16           18          
16           25          
16           27          
16           22          
16           17          
16           7           
16           11          
16           20          
16           15          
16           19          
16           14          
16           21          
311          309         
249          251         
249          250         
249          248         
45           26          
45           82          
45           46          
45           87          
45           44          
45           61          
45           317         
45           81          
45           51          
45           57          
45           18          
66           92          
66           67          
210          238         
210          223         
210          209         
223          224         
223          235         
223          230         
223          238         
223          232         
223          166         
223          231         
141          143         
73           89          
73           54          
73           61          
73           92          
73           63          
73           67          
73           64          
73           62          
199          201         
199          198         
199          194         
199          203         
199          206         
199          200         
199          246         
199          187         
199          197         
199          175         
187          194         
187          181         
187          154         
26           25          
26           12          
26           18          
26           27          
262          255         
262          273         
262          256         
262          258         
262          263         
262          270         
262          272         
262          277         
116          94          
116          109         
116          61          
116          92          
116          63          
116          130         
116          67          
116          103         
24           25          
24           23          
93           92          
110          92          
110          103         
110          111         
110          94          
110          109         
196          320         
196          200         
196          194         
108          106         
108          94          
108          109         
108          92          
108          103         
108          96          
197          201         
197          198         
197          194         
197          203         
308          273         
308          286         
308          283         
308          293         
308          301         
308          284         
308          6           
308          333         
308          312         
308          316         
308          303         
308          291         
308          318         
308          313         
308          317         
308          332         
308          302         
308          277         
308          314         
308          295         
308          278         
308          289         
308          307         
308          320         
308          268         
308          330         
308          305         
308          272         
308          310         
308          309         
308          282         
308          7           
308          2           
308          306         
308          279         
308          298         
308          300         
308          3           
42           92          
42           99          
42           43          
282          273         
282          283         
282          280         
282          293         
282          275         
282          279         
282          278         
282          317         
282          272         
282          277         
282          289         
12           18          
12           27          
12           11          
12           14          
120          122         
120          126         
120          121         
120          124         
120          119         
120          74          
109          59          
109          111         
109          89          
109          100         
109          101         
109          117         
109          90          
109          69          
109          92          
109          105         
109          99          
109          103         
109          94          
203          201         
203          198         
203          194         
203          191         
27           11          
27           18          
27           7           
27           17          
123          124         
112          111         
112          98          
112          115         
112          69          
112          81          
112          99          
112          103         
112          114         
174          175         
327          328         
327          332         
327          303         
327          326         
211          212         
61           89          
61           94          
61           87          
61           44          
61           333         
61           64          
61           103         
61           71          
61           72          
61           63          
61           317         
61           81          
61           101         
61           67          
61           62          
61           65          
61           59          
61           57          
61           50          
61           49          
61           54          
61           52          
61           80          
61           98          
61           51          
61           55          
246          239         
246          243         
246          242         
246          303         
246          238         
246          9           
246          78          
246          299         
246          245         
246          314         
246          247         
11           10          
11           18          
11           2           
11           19          
11           17          
11           1           
11           9           
80           81          
237          230         
237          238         
237          239         
237          232         
98           92          
98           99          
98           103         
3            69          
3            317         
3            1           
51           52          
51           68          
51           90          
51           50          
51           63          
51           54          
51           317         
51           67          
51           47          
51           55          
276          273         
276          298         
276          270         
276          277         
179          181         
179          194         
55           90          
55           63          
96           94          
96           92          
96           99          
96           103         
96           57          
216          194         
285          286         
285          284         
285          287         
286          283         
286          306         
286          288         
286          284         
286          256         
286          287         
286          273         
286          317         
286          309         
286          272         
286          277         
286          293         
138          148         
138          136         
138          142         
138          146         
138          143         
138          139         
138          137         
138          140         
209          207         
209          208         
209          230         
283          317         
283          256         
283          293         
283          238         
283          284         
283          268         
283          270         
283          273         
283          272         
283          277         
115          92          
115          103         
115          114         
115          99          
192          201         
192          194         
192          272         
192          191         
87           94          
87           86          
87           92          
87           63          
293          273         
293          284         
293          333         
293          306         
293          291         
293          288         
293          270         
293          317         
293          277         
293          314         
293          295         
293          289         
293          307         
293          296         
293          272         
293          310         
293          309         
293          7           
293          298         
293          287         
69           92          
69           71          
69           19          
69           89          
69           317         
69           90          
69           72          
69           67          
69           99          
69           103         
69           68          
69           2           
69           9           
69           94          
5            7           
5            28          
5            303         
5            332         
5            21          
5            333         
5            328         
5            309         
5            20          
44           317         
135          134         
135          100         
177          181         
36           35          
36           34          
321          2           
321          320         
321          317         
321          329         
265          268         
265          317         
105          92          
105          103         
105          94          
158          157         
158          166         
182          181         
64           54          
64           92          
64           63          
64           67          
64           62          
103          111         
103          89          
103          94          
103          79          
103          71          
103          106         
103          72          
103          81          
103          78          
103          68          
103          118         
103          100         
103          101         
103          90          
103          91          
103          97          
103          92          
103          67          
103          59          
103          7           
103          52          
103          102         
103          99          
103          83          
103          114         
15           17          
15           307         
15           303         
338          328         
338          332         
149          148         
149          150         
271          273         
271          256         
271          43          
271          270         
271          272         
271          277         
71           92          
71           63          
106          92          
106          101         
334          337         
334          317         
334          2           
334          331         
334          332         
334          333         
334          1           
334          314         
33           35          
33           34          
33           32          
316          320         
316          317         
316          314         
117          118         
228          238         
228          230         
228          232         
228          68          
228          329         
214          212         
275          273         
275          317         
275          270         
275          272         
275          277         
291          273         
291          306         
291          313         
291          317         
291          272         
291          277         
86           94          
86           63          
318          313         
318          320         
318          329         
72           92          
72           67          
63           49          
63           78          
63           68          
63           90          
63           92          
63           67          
63           62          
63           54          
63           82          
63           57          
29           28          
317          307         
317          324         
317          313         
317          6           
317          333         
317          49          
317          270         
317          65          
317          332         
317          302         
317          325         
317          314         
317          47          
317          250         
317          289         
317          90          
317          320         
317          268         
317          1           
317          330         
317          305         
317          272         
317          310         
317          273         
317          329         
317          312         
317          18          
317          10          
317          2           
317          298         
317          7           
317          52          
317          277         
317          57          
332          337         
332          7           
332          326         
332          330         
332          25          
332          20          
332          333         
332          328         
332          303         
38           40          
38           39          
38           32          
81           92          
81           82          
325          324         
325          320         
325          47          
325          314         
325          329         
277          273         
277          256         
277          313         
277          258         
277          284         
277          269         
277          312         
277          288         
277          270         
277          302         
277          314         
277          255         
277          278         
277          289         
277          238         
277          272         
277          310         
277          280         
277          281         
277          279         
277          267         
277          287         
277          250         
314          239         
314          313         
314          333         
314          320         
314          30          
314          309         
314          329         
314          280         
314          7           
314          2           
314          32          
314          298         
314          1           
193          194         
152          151         
148          146         
148          147         
148          143         
148          140         
259          255         
259          256         
259          258         
259          260         
259          270         
259          247         
100          89          
100          94          
100          92          
100          99          
25           10          
25           18          
25           23          
25           17          
25           14          
90           89          
90           94          
90           88          
90           91          
90           92          
90           99          
183          181         
200          201         
200          198         
200          194         
320          337         
320          324         
320          313         
320          330         
320          2           
320          331         
320          329         
320          1           
97           92          
97           94          
97           99          
92           111         
92           89          
92           94          
92           79          
92           91          
92           43          
92           62          
92           101         
92           78          
92           68          
92           118         
92           59          
92           67          
92           52          
92           99          
92           83          
151          170         
151          198         
34           35          
34           32          
296          306         
296          270         
296          298         
296          307         
30           230         
30           19          
30           32          
272          273         
272          258         
272          6           
272          269         
272          270         
272          278         
272          289         
272          268         
272          250         
272          305         
272          238         
272          267         
310          309         
310          306         
309          306         
309          307         
309          305         
309          298         
309          7           
329          324         
329          330         
20           337         
20           19          
20           22          
20           7           
20           28          
20           21          
20           18          
248          250         
337          2           
337          333         
337          1           
59           94          
59           62          
59           54          
59           67          
59           57          
131          134         
280          273         
280          281         
280          279         
39           40          
242          239         
242          243         
242          230         
242          238         
2            10          
2            6           
2            333         
2            270         
2            307         
2            312         
2            298         
2            1           
2            47          
189          181         
279          273         
279          278         
279          267         
279          269         
267          255         
267          273         
267          256         
267          268         
267          269         
146          143         
298          306         
298          270         
287          295         
287          288         
287          284         
287          256         
52           94          
52           49          
52           57          
82           57          
181          176         
181          194         
181          180         
181          171         
181          173         
181          191         
181          178         
99           89          
99           94          
99           78          
99           68          
99           101         
99           91          
99           67          
99           83          
99           114         
83           89          
83           134         
83           68          
57           333         
57           94          
57           54          
57           62          
31           32          
74           35          
201          198         
201          194         
201          206         
201          191         
157          154         
111          94          
10           17          
10           7           
10           14          
10           18          
89           78          
89           67          
89           91          
89           68          
89           94          
94           95          
94           78          
94           68          
94           118         
94           101         
94           91          
324          313         
313          273         
78           79          
78           68          
258          255         
258          273         
258          256         
258          260         
258          268         
258          270         
301          303         
301          300         
301          302         
301          247         
284          238         
284          273         
284          288         
284          256         
6            18          
6            7           
233          232         
230          238         
230          224         
230          243         
230          239         
230          235         
230          240         
230          231         
230          226         
230          229         
230          244         
230          232         
226          238         
226          227         
226          232         
147          143         
333          307         
333          330         
333          7           
333          331         
333          1           
134          133         
170          198         
137          143         
154          155         
269          255         
269          256         
269          268         
269          270         
269          273         
269          278         
21           19          
21           18          
21           22          
21           17          
21           7           
21           28          
37           35          
326          1           
326          328         
326          303         
260          255         
260          256         
260          261         
312          238         
312          270         
306          305         
306          307         
306          304         
303          295         
303          300         
303          302         
303          328         
303          299         
303          247         
206          198         
206          238         
261          268         
261          255         
261          256         
254          255         
254          256         
288          273         
235          273         
235          238         
235          239         
235          232         
221          219         
221          220         
221          222         
17           18          
17           19          
17           7           
270          273         
270          256         
270          239         
270          231         
270          278         
270          289         
270          268         
270          251         
270          255         
270          238         
302          273         
28           18          
28           19          
231          238         
231          232         
328          300         
140          143         
68           54          
68           49          
68           67          
68           62          
68           47          
14           7           
14           18          
14           307         
247          239         
247          300         
278          273         
289          273         
243          238         
243          232         
307          304         
307          305         
165          166         
22           19          
268          273         
250          273         
250          251         
229          232         
67           62          
305          304         
143          136         
143          142         
143          144         
244          238         
62           54          
255          273         
255          256         
238          273         
238          240         
238          239         
238          232         
238          224         
18           7           
18           19          
224          232         
35           32          
50           49          
49           47          
300          299         
232          240         
166          163         
240          239         
273          256         
