7            6           
7            12          
327          231         
327          322         
327          328         
327          359         
327          364         
327          315         
327          292         
327          324         
327          326         
327          264         
327          334         
180          179         
180          181         
180          156         
152          153         
86           98          
86           91          
86           87          
86           79          
86           88          
86           89          
86           99          
86           185         
86           100         
336          231         
336          313         
336          187         
336          335         
336          315         
336          323         
336          340         
336          339         
336          334         
336          185         
336          314         
133          334         
133          55          
133          126         
133          132         
4            2           
139          192         
139          138         
139          136         
139          134         
139          140         
139          194         
139          127         
139          143         
139          187         
139          130         
139          148         
139          175         
139          142         
139          129         
139          144         
139          135         
139          137         
139          193         
139          132         
139          147         
139          141         
139          191         
139          126         
38           55          
38           36          
136          186         
136          102         
136          137         
344          343         
344          342         
344          359         
344          347         
344          348         
344          340         
344          334         
344          345         
361          359         
361          187         
31           30          
27           24          
27           28          
27           26          
27           30          
290          289         
34           32          
34           33          
34           37          
34           35          
34           36          
34           39          
354          353         
201          239         
201          218         
201          203         
201          206         
201          208         
201          207         
201          198         
201          186         
201          199         
201          220         
201          202         
362          359         
207          209         
207          302         
207          211         
207          193         
207          203         
207          210         
207          215         
207          206         
207          208         
207          241         
207          198         
207          186         
207          199         
207          202         
306          322         
306          310         
306          307         
306          305         
306          309         
306          315         
306          313         
306          311         
306          191         
306          334         
306          314         
306          187         
334          342         
334          291         
334          368         
334          323         
334          345         
334          366         
334          314         
334          359         
334          308         
334          313         
334          187         
334          318         
334          335         
334          341         
334          348         
334          329         
334          307         
334          331         
334          340         
334          365         
334          333         
334          320         
334          364         
334          332         
334          280         
334          309         
334          316         
334          311         
334          339         
334          319         
334          337         
334          330         
334          317         
334          322         
334          310         
334          315         
334          289         
334          356         
334          264         
334          367         
179          181         
179          178         
232          239         
232          230         
232          241         
232          187         
232          170         
232          227         
232          229         
232          240         
232          225         
232          166         
232          185         
232          259         
366          367         
366          359         
127          59          
127          62          
127          138         
127          58          
127          75          
127          134         
127          81          
127          55          
127          143         
127          66          
127          130         
127          76          
127          185         
127          142         
127          84          
127          122         
127          129         
127          123         
127          61          
127          73          
127          51          
127          132         
127          83          
127          125         
127          89          
127          126         
127          53          
267          273         
267          265         
267          264         
267          271         
238          231         
238          233         
238          230         
238          241         
238          193         
238          239         
238          242         
238          210         
238          229         
238          237         
238          185         
100          96          
100          105         
100          98          
100          90          
100          87          
100          79          
100          102         
100          103         
100          85          
100          97          
100          101         
100          89          
100          73          
100          99          
100          104         
100          88          
32           55          
32           43          
32           33          
32           42          
32           73          
32           39          
32           49          
96           98          
96           81          
96           170         
96           90          
96           87          
96           89          
96           99          
96           82          
233          231         
233          230         
233          234         
233          187         
233          239         
233          227         
233          242         
233          229         
233          237         
233          228         
233          245         
233          244         
233          247         
233          241         
233          185         
313          365         
313          317         
313          350         
313          143         
313          187         
313          341         
313          307         
313          309         
313          315         
313          314         
313          312         
313          316         
313          311         
313          339         
313          264         
313          310         
241          235         
241          251         
241          192         
241          126         
241          220         
241          245         
241          221         
241          190         
241          243         
241          206         
241          229         
241          249         
241          236         
241          194         
241          184         
241          218         
241          187         
241          240         
241          203         
241          222         
241          270         
241          189         
241          205         
241          188         
241          226         
241          209         
241          208         
241          307         
241          244         
241          282         
241          186         
241          250         
241          239         
241          230         
241          177         
241          211         
241          294         
241          272         
241          237         
241          253         
241          248         
241          292         
241          228         
241          213         
241          279         
241          257         
241          231         
241          247         
241          185         
241          234         
241          193         
241          255         
241          256         
241          227         
241          176         
241          210         
241          224         
241          258         
241          252         
241          254         
241          260         
241          149         
241          281         
241          264         
241          225         
241          265         
241          246         
241          242         
241          219         
187          155         
187          169         
187          194         
187          251         
187          307         
187          192         
187          148         
187          229         
187          221         
187          190         
187          247         
187          206         
187          173         
187          134         
187          166         
187          138         
187          150         
187          170         
187          242         
187          222         
187          183         
187          189         
187          205         
187          262         
187          188         
187          226         
187          209         
187          175         
187          168         
187          186         
187          142         
187          220         
187          171         
187          172         
187          230         
187          177         
187          184         
187          231         
187          225         
187          292         
187          228         
187          143         
187          167         
187          151         
187          147         
187          165         
187          317         
187          322         
187          237         
187          310         
187          193         
187          227         
187          176         
187          224         
187          258         
187          260         
187          149         
187          185         
187          264         
187          191         
187          265         
187          279         
187          309         
187          126         
351          352         
351          359         
335          365         
335          322         
335          367         
335          315         
335          325         
335          340         
335          339         
335          359         
170          155         
170          98          
170          105         
170          101         
170          138         
170          151         
170          107         
170          121         
170          75          
170          81          
170          166         
170          143         
170          240         
170          103         
170          150         
170          168         
170          185         
170          104         
170          171         
170          172         
170          177         
170          102         
170          94          
170          167         
170          198         
170          186         
170          169         
170          147         
170          173         
170          149         
341          359         
341          309         
341          348         
341          340         
341          314         
203          239         
203          235         
203          220         
203          206         
203          208         
203          218         
203          199         
203          202         
214          215         
222          230         
222          193         
222          220         
222          221         
222          206         
222          237         
103          98          
103          105         
103          101         
103          87          
103          102         
103          88          
103          89          
103          99          
103          185         
103          104         
270          239         
270          272         
270          273         
270          264         
270          265         
270          271         
348          359         
348          349         
348          340         
205          231         
205          185         
205          193         
205          239         
205          227         
205          206         
205          230         
205          229         
205          186         
312          314         
312          311         
312          315         
312          310         
118          119         
118          149         
118          116         
118          120         
118          117         
118          185         
329          316         
329          359         
30           50          
30           28          
30           26          
30           89          
30           51          
30           29          
30           53          
261          186         
261          265         
282          283         
186          155         
186          138         
186          206         
186          173         
186          166         
186          183         
186          188         
186          175         
186          168         
186          185         
186          172         
186          239         
186          177         
186          184         
186          94          
186          167         
186          317         
186          213         
186          211         
186          169         
186          193         
186          200         
186          147         
186          258         
186          260         
186          199         
104          98          
104          105         
104          88          
104          87          
104          101         
104          102         
104          94          
104          149         
104          89          
104          73          
104          99          
104          185         
67           68          
67           65          
67           84          
67           66          
67           64          
250          249         
250          247         
171          155         
171          177         
171          169         
171          148         
171          151         
171          167         
171          175         
171          185         
365          359         
365          367         
365          364         
365          339         
365          314         
277          278         
277          276         
277          266         
277          275         
277          273         
277          292         
277          263         
277          264         
277          271         
302          359         
302          300         
302          370         
302          304         
302          195         
302          192         
302          323         
302          175         
302          301         
302          303         
5            13          
5            2           
275          273         
275          276         
275          264         
275          271         
144          143         
144          147         
144          148         
144          175         
144          145         
144          142         
123          122         
123          124         
123          126         
123          132         
123          119         
123          113         
123          121         
123          120         
123          117         
123          115         
123          125         
123          131         
212          211         
253          254         
253          252         
253          255         
109          108         
109          98          
109          185         
109          120         
109          78          
109          90          
109          101         
109          119         
109          52          
109          50          
109          110         
109          89          
109          114         
109          48          
109          49          
85           55          
85           101         
85           87          
85           89          
85           76          
85           73          
280          264         
280          281         
280          292         
292          293         
292          294         
292          364         
292          283         
292          272         
292          291         
292          260         
292          264         
292          229         
292          279         
292          273         
292          242         
292          281         
292          271         
11           13          
11           2           
11           12          
97           101         
97           87          
97           88          
97           89          
97           99          
355          359         
311          307         
311          322         
311          310         
311          316         
311          191         
311          309         
311          315         
311          340         
311          339         
311          314         
339          359         
339          367         
339          315         
339          340         
339          350         
339          314         
339          338         
114          120         
114          116         
114          115         
257          231         
257          239         
257          256         
257          242         
257          247         
257          245         
257          264         
257          229         
257          249         
257          244         
51           55          
51           50          
51           89          
51           101         
51           28          
51           87          
51           102         
51           42          
51           60          
51           73          
51           99          
111          112         
111          75          
111          116         
111          113         
330          316         
330          359         
72           73          
317          316         
317          340         
317          167         
43           55          
43           45          
43           33          
43           60          
43           44          
43           73          
43           39          
322          309         
322          315         
322          323         
322          316         
322          340         
322          321         
322          314         
234          359         
310          309         
310          315         
310          340         
310          264         
310          314         
193          155         
193          251         
193          204         
193          192         
193          221         
193          206         
193          173         
193          134         
193          229         
193          247         
193          166         
193          218         
193          194         
193          150         
193          143         
193          183         
193          189         
193          188         
193          209         
193          208         
193          175         
193          168         
193          185         
193          142         
193          220         
193          239         
193          230         
193          177         
193          184         
193          225         
193          200         
193          228         
193          213         
193          167         
193          237         
193          198         
193          202         
193          231         
193          211         
193          255         
193          227         
193          176         
193          210         
193          260         
193          149         
193          264         
193          191         
193          126         
193          199         
77           78          
77           60          
77           59          
77           73          
227          231         
227          230         
227          239         
227          242         
227          229         
227          228         
227          221         
227          224         
227          223         
227          206         
227          226         
227          209         
227          225         
227          177         
227          185         
176          230         
176          229         
176          173         
176          209         
176          167         
176          168         
176          177         
176          185         
24           25          
24           22          
24           21          
24           26          
24           19          
24           23          
24           18          
21           20          
42           55          
42           71          
42           59          
42           79          
42           70          
42           41          
42           58          
42           60          
42           75          
42           47          
42           73          
42           39          
42           69          
42           46          
42           37          
315          316         
315          309         
315          323         
315          340         
315          314         
115          122         
115          120         
115          116         
115          117         
115          126         
324          323         
369          367         
369          359         
369          368         
19           18          
36           55          
36           59          
36           37          
36           35          
36           44          
36           49          
141          135         
141          142         
141          175         
141          153         
297          296         
89           98          
89           71          
89           105         
89           91          
89           90          
89           60          
89           75          
89           110         
89           95          
89           55          
89           143         
89           74          
89           101         
89           76          
89           99          
89           185         
89           49          
89           102         
89           93          
89           39          
89           126         
89           94          
89           87          
89           79          
89           88          
89           92          
89           48          
89           53          
89           106         
191          124         
191          177         
191          196         
191          195         
191          263         
191          192         
191          190         
191          260         
191          134         
191          175         
191          264         
191          265         
191          140         
117          122         
117          112         
117          151         
117          121         
117          149         
117          140         
117          120         
117          125         
117          116         
48           55          
48           49          
259          258         
259          273         
259          264         
259          271         
53           55          
53           59          
53           76          
53           73          
155          169         
155          185         
155          239         
155          143         
155          148         
155          151         
155          75          
155          167         
155          149         
155          154         
155          125         
98           91          
98           102         
98           87          
98           101         
98           88          
98           94          
98           106         
98           107         
98           99          
98           95          
98           185         
235          239         
235          230         
235          149         
235          229         
342          340         
342          359         
95           94          
95           99          
45           55          
45           59          
45           90          
45           44          
45           73          
156          159         
156          162         
204          206         
204          198         
204          208         
370          340         
370          371         
370          359         
217          220         
217          218         
217          206         
217          219         
220          231         
220          247         
220          230         
220          228         
220          221         
220          200         
220          206         
220          208         
220          229         
220          218         
220          209         
220          211         
220          185         
220          219         
2            9           
2            1           
2            10          
2            12          
2            3           
2            13          
2            14          
2            6           
2            371         
2            8           
2            0           
291          288         
291          316         
291          264         
291          271         
221          231         
221          230         
221          239         
221          228         
221          206         
221          264         
221          229         
221          218         
221          185         
35           55          
35           59          
35           37          
35           73          
325          231         
325          323         
325          340         
325          309         
52           55          
52           99          
52           47          
52           73          
206          229         
206          218         
206          143         
206          209         
206          208         
206          185         
206          239         
206          230         
206          177         
206          200         
206          198         
206          202         
206          231         
206          213         
206          211         
206          210         
206          126         
206          199         
75           71          
75           59          
75           138         
75           69          
75           58          
75           60          
75           134         
75           140         
75           55          
75           74          
75           76          
75           185         
75           102         
75           94          
75           80          
75           61          
75           73          
75           87          
75           79          
75           149         
75           154         
75           126         
75           125         
134          143         
134          211         
134          132         
134          135         
134          142         
134          130         
134          126         
134          113         
134          129         
134          175         
134          198         
110          185         
63           70          
63           64          
346          347         
346          359         
158          161         
158          159         
158          162         
166          172         
166          169         
166          185         
166          167         
166          168         
166          149         
236          237         
236          185         
46           55          
46           73          
46           47          
371          213         
371          359         
371          367         
371          364         
371          368         
358          359         
55           91          
55           71          
55           59          
55           90          
55           37          
55           60          
55           81          
55           56          
55           33          
55           62          
55           76          
55           49          
55           44          
55           102         
55           70          
55           94          
55           40          
55           80          
55           61          
55           73          
55           39          
55           69          
55           57          
55           58          
55           87          
55           79          
55           54          
55           74          
124          122         
124          198         
124          175         
137          135         
137          138         
137          142         
353          213         
16           13          
16           17          
240          239         
240          230         
240          242         
240          78          
240          229         
240          247         
74           73          
74           60          
33           73          
33           39          
288          287         
288          284         
288          285         
288          286         
148          143         
148          177         
148          140         
148          147         
148          153         
148          150         
148          167         
148          151         
148          175         
148          138         
148          149         
148          185         
148          142         
160          161         
160          159         
160          162         
183          177         
183          167         
183          185         
41           40          
263          169         
263          273         
263          264         
263          265         
263          271         
262          264         
215          216         
226          231         
226          230         
226          239         
226          229         
226          228         
226          225         
226          185         
209          231         
209          230         
209          228         
209          208         
209          229         
209          185         
47           79          
47           60          
47           99          
168          169         
168          173         
168          167         
76           91          
76           71          
76           44          
76           90          
76           87          
76           79          
76           61          
76           73          
99           81          
99           50          
99           94          
99           101         
99           102         
99           105         
99           88          
99           90          
99           87          
128          129         
185          91          
185          90          
185          151         
185          107         
185          121         
185          229         
185          105         
185          150         
185          143         
185          120         
185          189         
185          188         
185          138         
185          172         
185          239         
185          230         
185          177         
185          184         
185          102         
185          94          
185          167         
185          93          
185          198         
185          142         
185          231         
185          213         
185          237         
185          255         
185          210         
185          173         
185          149         
185          92          
185          126         
185          199         
142          143         
142          126         
142          135         
142          147         
142          132         
142          153         
142          113         
142          150         
142          175         
84           83          
84           66          
49           50          
49           73          
157          161         
157          159         
172          177         
172          169         
172          107         
172          173         
172          167         
230          251         
230          245         
230          247         
230          229         
230          249         
230          218         
230          189         
230          242         
230          188         
230          239         
230          177         
230          184         
230          228         
230          231         
230          213         
230          237         
230          255         
230          224         
230          223         
230          260         
230          264         
230          225         
230          219         
177          161         
177          192         
177          151         
177          189         
177          143         
177          150         
177          175         
177          200         
177          167         
177          211         
177          169         
177          224         
177          289         
177          149         
177          126         
294          340         
320          319         
320          359         
320          309         
13           9           
13           15          
13           14          
13           12          
248          239         
248          195         
248          243         
248          247         
248          245         
248          249         
248          244         
70           71          
70           161         
70           60          
70           73          
113          122         
113          112         
113          119         
113          121         
113          120         
113          126         
94           59          
94           57          
94           87          
94           159         
94           58          
94           60          
94           73          
363          359         
316          359         
316          309         
316          340         
316          314         
167          138         
167          151         
167          173         
167          143         
167          150         
167          239         
167          195         
167          165         
167          169         
167          147         
167          223         
167          260         
167          149         
61           59          
61           58          
61           60          
61           73          
73           71          
73           59          
73           62          
73           58          
73           60          
73           81          
73           101         
73           78          
73           102         
73           40          
73           80          
73           39          
73           69          
73           57          
73           87          
73           79          
73           88          
73           82          
73           44          
319          318         
319          273         
319          309         
319          314         
159          146         
159          161         
159          350         
159          162         
202          239         
202          208         
202          198         
202          199         
357          359         
146          161         
146          125         
146          271         
231          229         
231          249         
231          189         
231          242         
231          239         
231          228         
231          255         
231          210         
231          225         
231          219         
266          265         
266          264         
213          210         
213          208         
213          229         
213          211         
211          126         
211          210         
211          208         
211          218         
211          199         
169          138         
169          150         
169          173         
132          129         
132          130         
132          147         
132          120         
132          126         
132          125         
132          131         
254          255         
147          122         
147          143         
147          151         
147          149         
283          284         
283          264         
283          281         
79           71          
79           101         
79           90          
79           87          
79           88          
79           60          
68           66          
224          225         
224          223         
224          229         
83           66          
296          295         
223          239         
260          175         
260          264         
260          265         
260          271         
149          138         
149          151         
149          107         
149          121         
149          189         
149          143         
149          150         
149          188         
149          239         
149          198         
149          199         
225          239         
225          242         
225          228         
225          229         
225          219         
199          239         
199          200         
199          208         
199          198         
219          229         
219          200         
219          247         
219          218         
82           81          
278          274         
91           105         
91           90          
91           60          
71           69          
71           60          
50           90          
359          364         
359          323         
359          345         
359          314         
359          340         
359          368         
359          350         
359          343         
359          360         
359          349         
359          356         
359          367         
359          162         
59           62          
59           37          
59           58          
59           60          
59           81          
59           80          
59           102         
59           39          
59           69          
59           57          
59           87          
62           102         
62           64          
196          125         
196          195         
90           101         
90           87          
90           119         
90           88          
90           60          
90           143         
164          162         
309          308         
309          307         
309          318         
309          340         
309          314         
368          367         
69           60          
121          122         
121          126         
121          119         
121          120         
58           78          
58           87          
58           102         
58           60          
60           56          
60           102         
60           40          
60           39          
60           57          
60           87          
284          286         
284          285         
116          120         
81           80          
81           102         
249          239         
249          237         
249          242         
249          243         
249          228         
249          245         
249          229         
249          264         
249          244         
249          247         
194          135         
194          195         
194          192         
194          175         
194          184         
218          264         
218          229         
218          247         
189          126         
189          188         
189          120         
285          286         
285          273         
271          273         
271          268         
271          265         
271          276         
271          281         
271          272         
271          145         
271          274         
271          269         
271          258         
271          264         
271          279         
276          273         
276          264         
9            12          
9            8           
143          101         
143          151         
143          150         
143          138         
143          122         
143          198         
143          126         
318          314         
10           12          
242          247         
242          229         
242          243         
242          244         
242          246         
242          239         
242          228         
242          237         
242          255         
242          245         
242          264         
130          122         
130          129         
130          135         
130          138         
130          120         
130          126         
130          125         
130          131         
163          162         
153          135         
153          175         
243          239         
243          247         
243          228         
243          245         
243          244         
150          138         
150          151         
188          239         
188          264         
188          229         
340          314         
340          307         
340          347         
340          350         
208          210         
208          198         
175          192         
175          190         
175          140         
175          184         
175          135         
175          195         
175          200         
175          174         
307          264         
307          314         
197          198         
244          251         
244          239         
244          237         
244          247         
244          245         
244          246         
246          247         
246          245         
64           65          
64           66          
281          239         
281          273         
281          264         
281          229         
281          265         
299          298         
299          295         
299          300         
122          129         
122          126         
122          120         
122          125         
239          247         
239          229         
239          265         
239          184         
239          272         
239          228         
239          237         
239          210         
239          252         
239          245         
239          264         
181          182         
184          126         
184          192         
184          229         
184          237         
129          120         
129          126         
129          125         
272          273         
272          264         
272          274         
135          192         
14           12          
102          105         
102          107         
102          101         
102          87          
102          88          
119          101         
119          120         
119          198         
195          264         
195          192         
195          265         
228          229         
274          273         
274          264         
198          210         
131          125         
237          229         
255          252         
255          229         
269          273         
87           105         
87           101         
87           88          
12           3           
12           8           
258          264         
88           101         
245          247         
245          251         
245          229         
264          273         
264          265         
264          229         
264          268         
264          279         
120          126         
120          125         
279          273         
162          161         
125          138         
106          105         
251          247         
105          107         
192          190         
138          107         
138          140         
273          268         
268          265         
229          247         
314          308         
