0       9.91856       0.0615785    
1       9.28343       0.104267     
2       8.41193       0.107839     
3       11.3922       0.2147       
4       12.8347       0.254949     
5       6.54492       0.299944     
6       10.9501       0.343472     
7       7.01589       0.374792     
8       5.13421       0.381905     
9       4.26384       0.400209     
10      11.9332       0.402604     
11      11.9265       0.424978     
12      2.97805       0.455435     
13      3.78428       0.462295     
14      7.48151       0.462833     
15      1.77295       0.46441      
16      5.63636       0.491919     
17      2.05876       0.506236     
18      9.22555       0.513079     
19      35.1212       0.525854     
20      9.32023       0.572615     
21      49.9349       0.613212     
22      9.01288       0.622961     
23      41.2341       0.631354     
24      5.34482       0.635895     
25      4.6583        0.649154     
26      2.66944       0.69633      
27      0.990576      0.708839     
28      14.9233       0.711444     
29      99.6372       0.723398     
30      26.1292       0.725766     
31      7.91831       0.731171     
32      13.7096       0.731969     
33      0.649173      0.755739     
34      0.701018      0.759233     
35      0.750832      0.763421     
36      0.791903      0.767687     
37      0.829454      0.772334     
38      4.5559        0.785273     
39      1.60804       0.806986     
40      8.14007       0.83488      
41      86.4768       0.881689     
42      41.1836       0.887435     
43      15.2402       0.887957     
44      17.8778       0.897142     
45      12.4085       0.957819     
46      11.1332       1.06761      
47      3.38928       1.09455      
48      14.1904       1.11576      
49      4.2299        1.1268       
50      7.21562       1.17727      
51      11.4109       1.17781      
52      26.6923       1.18314      
53      10.7774       1.22566      
54      8.40363       1.28187      
55      16.7517       1.28951      
56      0.583502      1.29227      
57      1.43783       1.30334      
58      4.42168       1.30432      
59      14.466        1.33774      
60      20.074        1.3965       
61      6.38176       1.39756      
62      4.18552       1.41878      
63      10.8961       1.47364      
64      2.09742       1.51109      
65      1.38323       1.51309      
66      0.571468      1.51339      
67      12.0797       1.53244      
68      6.6261        1.53317      
69      13.675        1.56156      
70      33.473        1.57699      
71      3.98841       1.60583      
72      19.2308       1.61262      
73      1.44632       1.61993      
74      3.28081       1.62748      
75      9.77996       1.63245      
76      1.21757       1.63323      
77      3.24296       1.6392       
78      1.42559       1.64498      
79      0.701032      1.64543      
80      6.1336        1.66332      
81      6.33951       1.67443      
82      7.57675       1.68438      
83      5.33089       1.70362      
84      3.11104       1.70605      
85      2.10617       1.70881      
86      5.33854       1.89926      
87      0.711748      1.91131      
88      11.8283       1.91335      
89      2.79536       1.91622      
90      3.33537       1.92472      
91      5.57097       1.98454      
92      9.6245        2.01665      
93      8.42698       2.02153      
94      15.2751       2.02355      
95      10.6166       2.02532      
96      10.0391       2.06606      
97      0.392204      2.07522      
98      9.09998       2.07617      
99      0.294456      2.09284      
100     13.2391       2.09327      
101     0.46157       2.09442      
102     5.93029       2.10428      
103     13.9234       2.11927      
104     0.511794      2.11962      
105     3.41406       2.12582      
106     8.62757       2.16567      
107     6.06861       2.18734      
108     7.09598       2.19679      
109     14.6758       2.21208      
110     12.4869       2.21659      
111     5.13925       2.22095      
112     2.49728       2.23359      
113     1.57921       2.23424      
114     4.04038       2.29547      
115     10.4106       2.30109      
116     3.86338       2.30595      
117     6.17999       2.34378      
118     2.66241       2.34566      
119     0.957554      2.34573      
120     1.24452       2.39286      
121     1.03446       2.39673      
122     0.908832      2.40023      
123     0.735386      2.40414      
124     1.76516       2.41008      
125     48.2374       2.4127       
126     4.24902       2.41489      
127     2.96136       2.41583      
128     0.757245      2.42381      
129     4.20107       2.43597      
130     2.66455       2.43788      
131     1.60724       2.44967      
132     8.74184       2.4502       
133     0.929571      2.45525      
134     3.55606       2.47127      
135     1.7231        2.47799      
136     6.84994       2.48101      
137     1.84505       2.48185      
138     0.782931      2.51823      
139     4.17487       2.51928      
140     0.516278      2.51944      
141     1.21575       2.5215       
142     2.69626       2.61423      
143     5.65171       2.61757      
144     0.766332      2.61795      
145     0.743829      2.63258      
146     6.69245       2.63397      
147     0.584972      2.63461      
148     3.57682       2.64285      
149     0.630721      2.65111      
150     8.63524       2.65241      
151     0.443789      2.65283      
152     3.93775       2.66035      
153     2.77589       2.67408      
154     2.54557       2.682        
155     0.692943      2.68533      
156     0.517297      2.68711      
157     10.3426       2.68766      
158     0.697272      2.68974      
159     0.91798       2.69108      
160     1.42464       2.76993      
161     2.45788       2.77171      
162     7.37228       2.77246      
163     2.97395       2.77452      
164     3.06319       2.78683      
165     1.91975       2.78711      
166     2.9228        2.79945      
167     7.98129       2.80012      
168     3.82453       2.92176      
169     7.92973       2.92558      
170     9.08751       2.94313      
171     6.07333       2.94657      
172     4.47166       2.96404      
173     3.67502       2.9732       
174     1.25257       2.97495      
175     6.7177        2.97841      
176     1.81632       2.98114      
177     6.32563       3.0003       
178     14.569        3.03913      
179     5.41899       3.04181      
180     28.96         3.07933      
181     41.7237       3.09266      
182     5.34493       3.09476      
183     0.722559      3.10665      
184     11.4592       3.15251      
185     8.99627       3.19145      
186     21.8766       3.20501      
187     3.71257       3.21082      
188     0.392832      3.22579      
189     42.6746       3.23178      
190     6.4041        3.2345       
191     32.3442       3.25121      
192     2.18724       3.25565      
193     2.27462       3.26503      
194     0.842393      3.27027      
195     4.47741       3.2887       
196     11.2125       3.28955      
197     5.32746       3.31622      
198     3.60394       3.31963      
199     3.69467       3.33842      
200     14.2224       3.39294      
201     1.89568       3.41369      
202     4.34904       3.42281      
203     24.1325       3.42331      
204     7.15391       3.44505      
205     12.51         3.48117      
206     17.4739       3.61262      
207     18.3535       3.62333      
208     23.7846       3.71061      
209     5.91755       3.76721      
210     14.4591       3.77101      
211     23.2479       3.78072      
212     14.1407       3.78181      
213     15.2453       3.78624      
214     8.07247       3.80004      
215     20.058        3.8034       
216     5.08461       3.83877      
217     11.6707       3.88682      
218     7.72794       3.88809      
219     19.5219       3.931        
220     48.5642       3.93134      
221     1.67973       3.95329      
222     3.49053       3.96678      
223     10.3489       3.97454      
224     13.759        4.01112      
225     22.1058       4.02434      
226     2.03318       4.06009      
227     2.92609       4.06711      
228     10.6206       4.06895      
229     4.92969       4.07986      
230     6.34882       4.16748      
231     11.8573       4.17607      
232     2.73878       4.17912      
233     4.29471       4.24468      
234     5.85402       4.25053      
235     2.1898        4.25196      
236     2.33525       4.26813      
237     0.577664      4.27022      
238     0.351986      4.27158      
239     6.9177        4.27178      
240     0.520921      4.27295      
241     2.54689       4.27526      
242     2.76176       4.34715      
243     1.70931       4.34933      
244     0.358549      4.34949      
245     30.6699       4.37809      
246     6.34635       4.39567      
247     3.10247       4.48229      
248     8.96253       4.48249      
249     14.7765       4.53007      
250     6.96703       4.55004      
251     0.554295      4.57284      
252     4.70538       4.57318      
253     1.08742       4.57517      
254     7.24106       4.60288      
255     6.17561       4.60907      
256     4.18282       4.61075      
257     1.81342       4.65854      
258     10.8957       4.66284      
259     21.092        4.68291      
260     16.1688       4.69172      
261     10.5581       4.72181      
262     10.2409       4.73553      
263     12.0851       4.7503       
264     7.52257       4.7618       
265     10.7635       4.76427      
266     2.6978        4.76753      
267     28.6913       4.81842      
268     2.02855       4.86165      
269     5.86839       4.86407      
270     0.523162      4.86483      
271     3.13384       4.87991      
272     0.503898      4.88029      
273     2.10699       4.88557      
274     7.38865       4.89652      
275     8.60977       4.91217      
276     2.54248       4.91874      
277     17.1749       4.93071      
278     17.329        4.9524       
279     28.5628       5.1056       
280     26.3272       5.10945      
281     7.53685       5.10998      
282     20.872        5.11935      
283     14.4937       5.15734      
284     3.63339       5.16146      
285     0.711132      5.21396      
286     9.023         5.21609      
287     5.15595       5.22426      
288     3.53686       5.22457      
289     6.12279       5.23075      
290     11.8862       5.26212      
291     7.04999       5.26931      
292     0.737867      5.27194      
293     7.05181       5.30792      
294     6.17653       5.33713      
295     10.8524       5.39104      
296     8.00341       5.39274      
297     20.99         5.40841      
298     8.46849       5.45144      
299     19.0005       5.46827      
300     23.5575       5.47608      
301     7.34657       5.49272      
302     41.8001       5.52811      
303     6.31181       5.55338      
304     8.51403       5.55598      
305     5.40184       5.56285      
306     105.687       5.57134      
307     15.8469       5.59316      
308     34.0609       5.60188      
309     0.286571      5.70579      
310     18.5713       5.70615      
311     43.267        5.74952      
312     7.0852        5.79379      
313     4.69925       5.8615       
314     40.5442       5.87995      
315     7.71495       5.89622      
316     6.90951       5.95239      
317     13.4119       5.99212      
318     16.5065       6.00571      
319     17.5556       6.00871      
320     6.18815       6.01366      
321     5.24933       6.07396      
322     18.5092       6.13987      
323     4.54039       6.1467       
324     18.4914       6.16058      
325     5.72908       6.17904      
326     51.0201       6.18517      
327     15.4137       6.18592      
328     10.1917       6.19457      
329     16.8132       6.20079      
330     14.0394       6.2722       
331     15.1696       6.28186      
