203          204         
186          195         
186          189         
186          180         
186          120         
186          185         
234          233         
234          239         
234          235         
234          230         
66           67          
319          320         
319          317         
319          308         
319          311         
319          314         
319          315         
319          18          
319          321         
319          318         
319          323         
319          316         
157          152         
157          158         
157          162         
157          155         
157          164         
334          124         
334          67          
334          302         
334          345         
334          346         
334          348         
334          18          
334          189         
334          335         
334          292         
334          286         
187          189         
1            358         
1            7           
1            345         
1            33          
1            4           
1            6           
1            67          
1            9           
1            34          
1            5           
1            350         
1            359         
1            3           
1            341         
1            292         
1            347         
1            348         
1            38          
1            0           
1            346         
1            361         
1            354         
1            30          
1            29          
1            8           
287          286         
7            25          
7            20          
7            332         
7            6           
7            34          
7            35          
175          159         
175          153         
175          162         
175          168         
175          176         
175          177         
175          189         
175          180         
174          67          
174          180         
250          251         
250          249         
251          252         
251          246         
251          248         
251          249         
266          267         
266          268         
266          265         
266          274         
266          264         
266          276         
49           45          
49           53          
49           50          
49           55          
49           44          
49           51          
49           47          
49           46          
49           77          
49           35          
49           48          
49           61          
46           41          
46           40          
46           124         
46           83          
46           54          
46           50          
46           55          
46           62          
46           44          
46           47          
46           45          
46           64          
46           38          
46           35          
46           48          
46           63          
145          153         
145          148         
145          67          
145          147         
145          152         
145          149         
145          143         
145          146         
145          150         
145          30          
145          189         
189          159         
189          147         
189          130         
189          149         
189          176         
189          184         
189          111         
189          199         
189          197         
189          144         
189          185         
189          148         
189          193         
189          67          
189          164         
189          161         
189          198         
189          162         
189          141         
189          168         
189          143         
189          156         
189          202         
189          190         
189          192         
189          15          
189          165         
189          194         
189          173         
189          155         
189          191         
189          131         
189          120         
189          151         
189          196         
189          150         
189          158         
189          132         
189          172         
189          177         
189          195         
189          166         
189          153         
189          146         
189          170         
189          183         
189          182         
189          152         
189          119         
189          188         
189          112         
189          180         
233          232         
59           83          
59           67          
59           69          
59           16          
59           64          
59           68          
59           19          
59           72          
59           17          
59           18          
59           77          
59           35          
59           61          
59           60          
197          193         
197          198         
292          293         
292          282         
292          302         
292          345         
292          4           
292          286         
292          267         
292          67          
292          354         
292          18          
292          5           
292          259         
292          299         
292          350         
292          343         
292          279         
292          349         
292          289         
292          294         
292          261         
292          303         
292          347         
292          348         
292          260         
292          275         
292          346         
292          314         
292          258         
292          269         
292          281         
103          111         
103          95          
103          106         
103          101         
58           40          
58           38          
58           89          
58           64          
58           55          
58           91          
58           18          
58           77          
58           83          
58           63          
58           61          
316          322         
316          320         
316          332         
316          317         
316          311         
316          323         
316          310         
316          313         
316          307         
316          314         
316          315         
316          331         
316          318         
316          309         
316          308         
316          294         
267          271         
267          282         
267          274         
267          275         
267          276         
267          294         
267          263         
267          286         
267          281         
322          320         
322          16          
322          323         
322          303         
322          314         
322          315         
322          18          
322          321         
322          308         
76           75          
76           83          
76           67          
76           69          
76           71          
76           64          
76           95          
76           91          
76           18          
76           77          
76           89          
76           92          
76           63          
76           61          
148          143         
148          146         
148          67          
148          147         
148          161         
148          152         
148          149         
148          151         
148          150         
148          4           
148          165         
83           70          
83           28          
83           26          
83           53          
83           65          
83           64          
83           95          
83           55          
83           101         
83           43          
83           96          
83           33          
83           51          
83           47          
83           80          
83           34          
83           143         
83           89          
83           67          
83           99          
83           50          
83           56          
83           121         
83           68          
83           62          
83           90          
83           88          
83           54          
83           110         
83           18          
83           77          
83           81          
83           35          
83           39          
83           36          
83           97          
83           61          
83           25          
83           40          
83           122         
83           98          
83           85          
83           92          
83           120         
83           24          
83           93          
83           86          
83           87          
83           63          
83           60          
83           41          
83           119         
83           75          
83           104         
83           38          
83           79          
83           94          
83           69          
83           73          
83           106         
83           84          
83           102         
83           13          
83           346         
83           72          
83           82          
83           71          
83           45          
83           57          
83           112         
83           29          
83           91          
83           78          
67           12          
67           28          
67           26          
67           53          
67           358         
67           65          
67           95          
67           22          
67           101         
67           345         
67           33          
67           79          
67           17          
67           34          
67           77          
67           143         
67           16          
67           9           
67           14          
67           23          
67           56          
67           68          
67           62          
67           90          
67           24          
67           21          
67           70          
67           18          
67           5           
67           35          
67           15          
67           64          
67           10          
67           61          
67           25          
67           71          
67           120         
67           19          
67           104         
67           55          
67           4           
67           89          
67           63          
67           166         
67           119         
67           153         
67           20          
67           146         
67           38          
67           0           
67           69          
67           73          
67           106         
67           102         
67           13          
67           346         
67           72          
67           36          
67           30          
67           8           
67           112         
67           29          
67           11          
67           91          
178          180         
164          153         
164          193         
164          152         
164          163         
164          162         
164          168         
164          158         
164          180         
164          165         
16           12          
16           333         
16           26          
16           342         
16           22          
16           302         
16           17          
16           4           
16           9           
16           14          
16           313         
16           21          
16           18          
16           35          
16           329         
16           15          
16           10          
16           25          
16           332         
16           296         
16           19          
16           303         
16           60          
16           20          
16           38          
16           0           
16           44          
16           13          
16           57          
16           331         
16           318         
16           8           
16           323         
161          147         
161          162         
161          149         
161          168         
161          180         
50           45          
50           53          
50           55          
50           47          
50           77          
50           38          
50           48          
50           51          
50           78          
140          141         
56           38          
56           53          
56           65          
56           55          
56           18          
56           91          
56           61          
313          318         
313          308         
313          317         
313          333         
313          314         
313          315         
313          18          
313          321         
313          329         
313          331         
313          323         
121          116         
121          106         
121          120         
121          101         
121          111         
121          77          
121          112         
121          115         
168          153         
168          162         
168          169         
168          176         
168          167         
168          180         
2            3           
2            302         
339          338         
339          13          
339          340         
339          344         
339          18          
156          151         
142          141         
249          246         
249          248         
249          314         
249          315         
249          252         
249          335         
249          261         
249          269         
249          262         
301          302         
100          35          
100          101         
35           17          
35           53          
35           55          
35           345         
35           77          
35           23          
35           79          
35           47          
35           34          
35           21          
35           18          
35           15          
35           61          
35           25          
35           37          
35           22          
35           296         
35           19          
35           70          
35           166         
35           41          
35           20          
35           104         
35           38          
35           0           
35           36          
35           102         
35           45          
35           8           
35           11          
329          323         
329          332         
329          317         
329          326         
329          13          
329          314         
329          294         
329          331         
329          318         
329          308         
329          315         
256          257         
256          259         
256          258         
256          254         
256          255         
97           96          
97           95          
97           92          
10           25          
10           20          
10           9           
10           12          
10           34          
10           13          
10           19          
10           18          
10           11          
10           0           
165          195         
165          150         
165          147         
165          149         
165          193         
165          158         
165          180         
116          117         
116          106         
116          113         
116          120         
116          114         
116          111         
116          109         
116          115         
194          195         
124          348         
124          200         
124          31          
124          155         
124          33          
124          99          
124          125         
124          163         
124          141         
124          34          
124          345         
124          123         
124          180         
124          29          
124          63          
124          126         
213          217         
213          212         
213          208         
117          111         
117          106         
117          115         
3            345         
3            38          
3            0           
3            9           
3            34          
3            18          
3            5           
3            4           
343          348         
343          340         
343          347         
343          338         
343          342         
343          341         
343          336         
343          344         
343          346         
343          354         
343          349         
343          355         
343          352         
343          27          
42           41          
85           87          
85           86          
85           84          
205          204         
326          320         
326          318         
326          317         
326          325         
326          290         
326          344         
326          328         
326          314         
326          337         
326          18          
326          327         
326          263         
326          262         
326          323         
310          294         
310          314         
310          286         
310          308         
131          130         
131          106         
131          120         
131          134         
131          110         
120          122         
120          64          
120          106         
120          102         
120          111         
120          195         
120          115         
120          110         
120          119         
120          112         
215          217         
215          208         
307          294         
307          318         
307          308         
307          317         
307          299         
307          314         
307          315         
307          261         
307          281         
307          309         
307          323         
150          159         
150          153         
150          147         
150          170         
150          152         
150          162         
150          149         
150          144         
150          151         
150          146         
150          158         
150          30          
150          143         
158          193         
158          152         
158          162         
158          149         
158          180         
337          338         
337          341         
337          336         
337          344         
93           38          
93           94          
93           89          
93           92          
93           64          
93           95          
93           96          
93           77          
93           63          
93           61          
261          294         
261          275         
261          262         
261          282         
261          314         
261          315         
261          252         
261          318         
261          286         
261          308         
232          231         
357          356         
357          9           
357          341         
295          294         
273          272         
273          275         
273          282         
273          286         
273          294         
166          162         
166          151         
166          19          
271          270         
271          282         
271          274         
271          275         
271          276         
271          294         
271          286         
153          147         
153          152         
153          149         
153          151         
153          162         
153          154         
146          147         
146          162         
38           53          
38           65          
38           95          
38           22          
38           55          
38           345         
38           33          
38           51          
38           17          
38           4           
38           77          
38           26          
38           23          
38           47          
38           34          
38           62          
38           21          
38           18          
38           5           
38           36          
38           64          
38           61          
38           25          
38           40          
38           44          
38           37          
38           71          
38           70          
38           19          
38           24          
38           91          
38           48          
38           63          
38           39          
38           41          
38           0           
38           69          
38           106         
38           13          
38           346         
38           72          
38           30          
38           45          
38           79          
38           14          
38           29          
38           11          
283          282         
283          298         
283          294         
283          281         
94           95          
69           25          
69           89          
69           65          
69           64          
69           55          
69           68          
69           62          
69           72          
69           71          
69           70          
69           18          
69           77          
69           73          
69           63          
69           61          
338          340         
338          336         
338          344         
338          355         
246          239         
246          243         
246          248         
246          247         
246          241         
246          346         
246          245         
246          244         
246          240         
243          242         
275          270         
275          265         
275          272         
275          299         
275          282         
275          320         
275          302         
275          280         
275          286         
275          274         
275          278         
275          291         
275          285         
275          296         
275          276         
275          294         
275          311         
275          268         
275          277         
275          281         
152          147         
152          162         
152          149         
152          151         
152          155         
336          344         
336          346         
336          349         
336          355         
241          240         
268          270         
268          264         
268          265         
268          272         
268          302         
268          263         
268          269         
268          286         
268          281         
171          170         
361          359         
361          360         
361          34          
361          345         
361          5           
361          29          
136          137         
136          139         
314          324         
314          320         
314          342         
314          299         
314          282         
314          290         
314          302         
314          328         
314          309         
314          286         
314          300         
314          306         
314          18          
314          263         
314          331         
314          315         
314          332         
314          340         
314          296         
314          305         
314          294         
314          4           
314          321         
314          308         
314          276         
314          318         
314          317         
314          311         
314          312         
314          344         
314          330         
314          327         
314          269         
314          323         
30           25          
30           32          
30           358         
30           106         
30           102         
30           345         
30           34          
30           114         
30           101         
30           28          
30           303         
30           29          
30           27          
30           31          
355          12          
355          342         
355          344         
355          13          
355          358         
355          354         
355          349         
355          356         
355          352         
327          263         
105          111         
105          115         
105          104         
105          106         
105          101         
269          306         
269          281         
269          286         
269          294         
11           12          
11           302         
11           13          
11           19          
11           354         
11           18          
11           4           
323          332         
323          317         
323          324         
323          318         
323          330         
323          296         
323          333         
323          315         
323          18          
323          321         
323          311         
323          308         
78           92          
78           68          
78           13          
78           45          
78           77          
78           64          
78           61          
159          160         
159          162         
159          180         
324          296         
324          315         
270          276         
270          320         
270          282         
270          294         
270          286         
270          281         
221          223         
200          199         
200          162         
52           51          
52           55          
52           53          
52           57          
53           65          
53           64          
53           95          
53           55          
53           51          
53           47          
53           62          
53           54          
53           18          
53           61          
53           37          
53           71          
53           63          
53           41          
53           106         
53           346         
53           57          
208          207         
208          216         
208          212         
208          209         
208          206         
208          217         
208          214         
208          218         
208          204         
208          199         
208          210         
130          134         
130          106         
130          151         
130          111         
130          132         
65           106         
65           71          
65           64          
65           95          
65           55          
65           51          
65           18          
65           77          
65           91          
65           63          
65           61          
264          265         
264          294         
264          286         
264          281         
163          147         
163          155         
163          162         
163          63          
290          282         
290          291         
290          315         
290          286         
290          294         
55           64          
55           4           
55           47          
55           62          
55           54          
55           18          
55           77          
55           61          
55           25          
55           40          
55           37          
55           71          
55           70          
55           44          
55           48          
55           63          
55           39          
55           41          
55           346         
55           45          
55           57          
55           51          
302          12          
302          358         
302          299         
302          282         
302          303         
302          345         
302          280         
302          286         
302          13          
302          300         
302          306         
302          18          
302          354         
302          332         
302          296         
302          289         
302          294         
302          308         
302          0           
302          311         
302          346         
302          321         
302          277         
302          281         
345          4           
345          34          
345          18          
345          5           
345          350         
345          359         
345          31          
345          341         
345          44          
345          347         
345          41          
345          348         
345          344         
345          346         
328          315         
328          18          
253          285         
253          255         
184          180         
226          223         
226          225         
226          227         
17           20          
17           333         
17           24          
17           13          
17           19          
17           21          
17           18          
17           15          
80           77          
80           91          
80           18          
280          282         
280          294         
280          286         
280          281         
199          195         
199          198         
199          39          
181          180         
220          219         
309          318         
309          317         
309          294         
309          308         
309          315         
286          293         
286          265         
286          272         
286          299         
286          284         
286          332         
286          304         
286          300         
286          274         
286          278         
286          306         
286          308         
286          263         
286          279         
286          285         
286          320         
286          296         
286          276         
286          289         
286          294         
286          297         
286          282         
286          303         
286          288         
286          311         
286          346         
286          321         
286          277         
286          281         
27           106         
27           34          
27           44          
27           349         
236          237         
236          235         
185          180         
6            5           
6            359         
6            8           
201          202         
201          212         
60           25          
60           95          
60           64          
60           298         
60           77          
60           89          
60           87          
60           63          
60           61          
300          315         
300          294         
274          276         
274          294         
134          135         
134          133         
9            25          
9            12          
9            4           
9            13          
9            19          
9            18          
9            5           
9            8           
9            0           
224          223         
224          225         
224          227         
23           25          
23           20          
23           13          
23           19          
23           18          
278          279         
113          20          
113          106         
113          101         
113          111         
113          115         
141          139         
68           64          
68           101         
68           72          
68           18          
68           77          
68           61          
68           63          
62           71          
62           64          
62           47          
62           24          
62           18          
62           87          
62           63          
62           61          
291          311         
291          282         
291          294         
291          315         
21           20          
21           22          
21           24          
21           19          
21           18          
306          311         
306          305         
306          289         
306          294         
306          308         
315          320         
315          303         
315          332         
315          296         
315          294         
315          308         
315          317         
315          331         
315          318         
315          262         
351          350         
18           320         
18           333         
18           26          
18           64          
18           22          
18           12          
18           79          
18           77          
18           14          
18           47          
18           70          
18           342         
18           5           
18           15          
18           61          
18           25          
18           332         
18           44          
18           71          
18           296         
18           19          
18           305         
18           24          
18           4           
18           331         
18           89          
18           87          
18           63          
18           39          
18           40          
18           20          
18           312         
18           36          
18           344         
18           8           
18           13          
18           346         
18           45          
18           91          
18           321         
5            25          
5            359         
5            348         
5            360         
5            341         
5            34          
5            346         
5            4           
5            335         
5            14          
5            0           
259          260         
259          225         
259          258         
259          255         
263          282         
263          294         
263          262         
228          227         
15           25          
15           20          
15           333         
15           22          
15           19          
238          239         
61           64          
61           95          
61           96          
61           26          
61           91          
61           47          
61           54          
61           77          
61           39          
61           36          
61           25          
61           71          
61           92          
61           70          
61           24          
61           89          
61           87          
61           63          
61           79          
61           73          
61           106         
61           74          
61           72          
61           82          
61           57          
61           51          
25           12          
25           101         
25           26          
25           4           
25           77          
25           14          
25           34          
25           19          
25           24          
25           353         
25           41          
25           20          
25           73          
25           13          
25           346         
25           45          
25           225         
25           29          
122          162         
173          172         
212          217         
212          209         
212          204         
212          210         
212          211         
98           31          
98           90          
98           99          
98           95          
98           96          
98           92          
98           77          
285          299         
285          282         
285          289         
285          294         
285          281         
341          340         
341          342         
341          344         
341          346         
341          356         
341          349         
296          282         
296          308         
296          299         
296          245         
296          297         
296          281         
296          294         
167          162         
167          180         
151          147         
151          182         
151          162         
151          149         
151          180         
19           12          
19           22          
19           24          
19           8           
19           4           
19           14          
19           77          
19           31          
19           20          
19           0           
19           74          
19           102         
19           13          
219          223         
289          299         
289          282         
289          294         
289          281         
294          293         
294          272         
294          299         
294          332         
294          308         
294          304         
294          298         
294          282         
294          279         
294          297         
294          303         
294          317         
294          276         
294          318         
294          311         
294          321         
294          277         
294          281         
172          144         
172          149         
172          115         
227          223         
227          225         
48           40          
48           45          
48           44          
48           47          
48           77          
353          111         
353          354         
353          347         
353          225         
63           26          
63           64          
63           95          
63           96          
63           51          
63           91          
63           77          
63           40          
63           71          
63           70          
63           89          
63           87          
63           41          
63           43          
63           106         
63           72          
63           82          
63           57          
39           41          
39           40          
39           71          
39           13          
39           47          
39           45          
41           40          
41           45          
41           346         
41           44          
41           51          
41           47          
41           77          
20           57          
20           22          
20           14          
20           8           
20           0           
348          0           
348          344         
348          346         
348          352         
348          349         
348          354         
348          8           
348          350         
348          347         
86           87          
0            346         
0            12          
0            13          
0            349         
0            4           
311          320         
311          282         
311          308         
311          317         
311          318         
257          255         
73           64          
73           74          
73           72          
260          258         
139          138         
139          129         
202          204         
102          106         
102          101         
102          111         
13           12          
13           333         
13           342         
13           26          
13           4           
13           14          
13           79          
13           77          
13           44          
13           344         
13           45          
169          180         
72           64          
72           82          
72           71          
72           89          
72           57          
72           77          
82           89          
82           71          
82           64          
82           95          
82           91          
82           92          
204          217         
45           12          
45           37          
45           44          
45           47          
45           77          
57           64          
57           95          
57           37          
57           51          
57           54          
321          320         
321          299         
321          282         
321          331         
262          320         
180          155         
180          176         
180          193         
180          162         
180          149         
180          177         
180          179         
180          195         
180          183         
180          182         
180          223         
281          293         
281          265         
281          299         
281          332         
281          297         
281          282         
281          303         
281          308         
281          276         
293          332         
293          255         
32           354         
32           31          
320          317         
320          340         
320          4           
320          282         
320          318         
320          308         
123          29          
123          225         
239          235         
239          223         
239          229         
147          144         
147          155         
147          162         
147          149         
147          143         
198          193         
272          282         
342          340         
342          349         
342          344         
342          346         
299          276         
299          282         
299          308         
299          317         
299          332         
299          297         
299          303         
299          298         
282          284         
282          279         
282          332         
282          276         
282          297         
282          303         
22           24          
133          135         
24           64          
303          332         
303          304         
96           91          
96           99          
96           64          
96           95          
96           106         
96           71          
96           77          
96           89          
96           92          
33           359         
33           29          
33           34          
33           36          
33           31          
51           54          
51           95          
51           106         
51           34          
51           71          
51           64          
26           344         
26           346         
135          132         
135          115         
111          107         
111          101         
111          109         
111          118         
111          110         
111          112         
111          114         
111          104         
111          106         
111          119         
111          115         
109          106         
109          114         
109          108         
109          115         
210          217         
4            12          
4            14          
4            44          
4            8           
4            346         
4            318         
255          254         
255          258         
144          149         
216          217         
193          192         
193          162         
89           64          
89           95          
89           90          
89           88          
89           77          
89           71          
89           91          
89           87          
89           92          
347          359         
347          344         
347          346         
347          352         
347          349         
347          354         
347          350         
222          223         
360          359         
360          12          
360          34          
99           90          
99           92          
99           95          
99           77          
14           8           
79           64          
79           106         
79           101         
79           77          
162          143         
162          160         
47           40          
47           43          
47           44          
34           359         
34           28          
34           358         
34           36          
34           31          
34           37          
34           29          
143          106         
143          149         
90           95          
90           88          
90           91          
90           92          
88           95          
88           92          
54           64          
110          64          
110          106         
110          101         
110          77          
110          115         
110          112         
128          126         
128          127         
128          129         
349          344         
349          346         
349          354         
349          350         
77           64          
77           95          
77           101         
77           36          
77           31          
77           71          
77           70          
77           87          
77           92          
77           106         
77           84          
77           112         
77           91          
230          229         
36           71          
36           64          
36           29          
36           91          
350          344         
350          346         
350          354         
112          106         
112          115         
359          346         
359          29          
209          217         
332          318         
332          308         
332          317         
332          333         
332          331         
340          344         
340          346         
340          44          
340          318         
31           106         
31           101         
31           29          
71           64          
70           64          
70           106         
114          106         
114          115         
44           43          
44           40          
196          195         
352          354         
91           95          
91           64          
91           92          
87           64          
87           84          
118          115         
308          317         
308          331         
308          318         
108          106         
40           43          
217          229         
217          214         
217          218         
104          106         
317          318         
92           64          
92           95          
106          107         
106          64          
106          95          
106          101         
106          119         
106          115         
344          346         
344          354         
119          101         
119          115         
223          225         
330          331         
331          333         
29           28          
115          107         
107          101         
64           95          
