0       1.22117       0.0625004    
1       0.807997      0.065107     
2       13.9411       0.0684286    
3       2.43332       0.0686287    
4       0.624673      0.071302     
5       2.61376       0.0741061    
6       2.0276        0.085705     
7       2.02548       0.085909     
8       3.23887       0.102426     
9       4.28507       0.102584     
10      2.08944       0.112196     
11      2.71497       0.118785     
12      9.67396       0.122015     
13      8.67022       0.1233       
14      2.88739       0.126597     
15      0.879361      0.1292       
16      3.24028       0.191529     
17      0.842325      0.191756     
18      3.16032       0.204199     
19      3.09224       0.204405     
20      0.538256      0.219816     
21      2.64552       0.219845     
22      1.00593       0.233045     
23      0.532529      0.235063     
24      8.69677       0.235116     
25      1.20134       0.237941     
26      3.81072       0.263511     
27      4.7822        0.267019     
28      3.66671       0.27134      
29      0.660078      0.284227     
30      9.88454       0.28503      
31      0.727072      0.286116     
32      11.2052       0.331039     
33      7.91875       0.353839     
34      5.63929       0.379547     
35      5.45617       0.38327      
36      7.79572       0.383667     
37      5.45073       0.383696     
38      2.1945        0.394071     
39      11.8938       0.414645     
40      4.9384        0.46145      
41      1.74831       0.462772     
42      18.2886       0.472688     
43      8.93774       0.507097     
44      6.68989       0.508541     
45      6.66764       0.50996      
46      4.49671       0.545297     
47      6.25449       0.547475     
48      4.2057        0.569061     
49      8.39383       0.573945     
50      6.93523       0.584697     
51      15.2082       0.599537     
52      7.68528       0.667027     
53      8.59447       0.731914     
54      0.347218      0.744656     
55      50.2674       0.744678     
56      1.63882       0.753034     
57      4.58295       0.762744     
58      12.9012       0.796118     
59      25.1263       0.796167     
60      28.3613       0.797211     
61      8.04927       0.799688     
62      5.10026       0.831648     
63      1.51871       0.845139     
64      2.96556       0.846829     
65      1.41296       0.848408     
66      4.02903       0.853532     
67      3.32284       0.857246     
68      1.38186       0.857935     
69      7.04871       0.887157     
70      7.08128       0.91695      
71      10.6718       0.930275     
72      0.63119       0.9506       
73      48.7794       0.960548     
74      5.11854       0.969676     
75      32.8816       0.975326     
76      15.9845       0.990653     
77      4.08668       1.0374       
78      5.2297        1.03848      
79      17.3934       1.09662      
80      5.66827       1.1374       
81      10.4857       1.14559      
82      3.46896       1.1508       
83      3.21808       1.20191      
84      4.15141       1.20221      
85      7.35564       1.22911      
86      9.25174       1.26901      
87      27.0836       1.27174      
88      14.7638       1.27238      
89      45.1946       1.29825      
90      19.0425       1.29931      
91      9.23421       1.31696      
92      2.13943       1.3401       
93      2.28092       1.34554      
94      17.4185       1.38765      
95      4.62424       1.39355      
96      9.60225       1.4276       
97      6.17227       1.47591      
98      20.6987       1.52068      
99      23.1777       1.52383      
100     18.4733       1.5407       
101     20.9856       1.55067      
102     25.898        1.55289      
103     12.3981       1.55797      
104     15.9577       1.6107       
105     12.3421       1.61647      
106     3.10292       1.62933      
107     9.68981       1.66272      
108     0.628896      1.71078      
109     17.5881       1.71356      
110     5.16832       1.71582      
111     4.95562       1.92258      
112     3.42371       1.9236       
113     10.9329       1.92729      
114     3.62232       1.95846      
115     6.39596       1.96245      
116     5.48085       1.96699      
117     11.3093       1.97292      
118     6.17129       1.99213      
119     9.40807       2.01076      
120     17.9858       2.01384      
121     10.5411       2.06087      
122     14.565        2.0825       
123     13.5284       2.0835       
124     4.79861       2.0872       
125     15.6208       2.14124      
126     27.2641       2.18163      
127     29.2165       2.18877      
128     0.857749      2.23843      
129     9.37719       2.24371      
130     11.2749       2.24652      
131     3.28384       2.26039      
132     11.8449       2.26545      
133     3.89192       2.27377      
134     16.604        2.32003      
135     9.73297       2.34733      
136     3.26332       2.3645       
137     4.26052       2.3687       
138     16.721        2.37868      
139     22.0446       2.40049      
140     7.30636       2.42073      
141     5.37697       2.44494      
142     18.4076       2.486        
143     25.4328       2.49028      
144     7.30189       2.4962       
145     1.87019       2.50672      
146     4.5703        2.54871      
147     13.2883       2.58211      
148     18.7925       2.60913      
149     28.57         2.61495      
150     13.6731       2.62727      
151     13.6961       2.62942      
152     0.550433      2.71631      
153     6.19222       2.71642      
154     2.63403       2.7379       
155     14.8835       2.73962      
156     2.82359       2.78507      
157     1.75079       2.78821      
158     2.04045       2.79283      
159     5.77316       2.79458      
160     1.49495       2.79839      
161     5.14322       2.79897      
162     5.2839        2.801        
163     1.01538       2.80507      
164     1.26095       2.80728      
165     2.32458       2.8391       
166     9.78797       2.8673       
167     27.8802       2.8743       
168     7.68162       2.87638      
169     12.7637       2.88274      
170     34.3316       2.88342      
171     8.81831       2.90956      
172     9.53911       2.95322      
173     9.55537       2.95394      
174     0.435162      3.03247      
175     28.533        3.03262      
176     13.38         3.09064      
177     35.4226       3.0947       
178     0.352348      3.13793      
179     2.19765       3.13797      
180     2.72962       3.14652      
181     2.3829        3.15084      
182     0.897039      3.15196      
183     6.02664       3.23729      
184     14.4517       3.28583      
185     86.9787       3.28799      
186     41.3557       3.29453      
187     96.2251       3.29781      
188     11.4349       3.32051      
189     11.3641       3.32482      
190     3.33155       3.39661      
191     19.2742       3.41489      
192     13.2404       3.41628      
193     71.1889       3.43534      
194     8.77202       3.44344      
195     9.87006       3.48225      
196     2.53678       3.48729      
197     0.823919      3.58795      
198     18.4752       3.59699      
199     15.3704       3.59753      
200     8.47811       3.65111      
201     11.0459       3.69691      
202     9.08027       3.69884      
203     11.07         3.70123      
204     5.2671        3.77475      
205     10.9299       3.81207      
206     32.0654       3.84424      
207     13.6278       3.86209      
208     13.442        3.87058      
209     12.3272       3.87854      
210     9.94921       3.91299      
211     11.9254       3.92195      
212     0.664882      3.92481      
213     9.90702       3.93693      
214     1.0598        3.96584      
215     2.47582       3.96696      
216     0.633388      3.96737      
217     3.06604       4.00278      
218     10.5949       4.00399      
219     7.59607       4.00915      
220     16.873        4.02993      
221     11.7551       4.04057      
222     6.43058       4.05447      
223     3.77039       4.09275      
224     5.78441       4.09458      
225     10.9485       4.14925      
226     6.76083       4.1516       
227     18.0666       4.15367      
228     13.9997       4.1558       
229     37.2303       4.15999      
230     41.0243       4.16083      
231     25.7786       4.16624      
232     9.78349       4.2093       
233     13.299        4.23782      
234     2.45559       4.24742      
235     4.92809       4.27276      
236     2.41096       4.2919       
237     13.1573       4.30757      
238     9.86793       4.31817      
239     48.2567       4.33421      
240     8.56564       4.35055      
241     88.377        4.40961      
242     22.4057       4.44346      
243     7.20897       4.444        
244     10.86         4.45773      
245     11.8995       4.45916      
246     2.03506       4.46386      
247     19.6468       4.46983      
248     6.49963       4.49134      
249     14.6385       4.49139      
250     2.75628       4.5095       
251     7.49391       4.55121      
252     3.72463       4.57386      
253     3.27651       4.57889      
254     2.48737       4.5821       
255     9.28554       4.58251      
256     3.21097       4.64899      
257     14.2129       4.64902      
258     8.2512        4.80215      
259     7.00037       4.80243      
260     14.916        4.84131      
261     2.29401       4.87095      
262     2.0793        4.87708      
263     7.96878       4.89152      
264     44.198        4.90457      
265     15.5182       4.91009      
266     2.61635       4.91267      
267     4.11241       4.92851      
268     4.21828       4.9461       
269     1.65822       4.97228      
270     6.22892       4.98259      
271     21.0334       4.98521      
272     7.14561       4.98899      
273     17.0461       4.99415      
274     4.01457       5.00035      
275     3.90838       5.02193      
276     3.9072        5.02201      
277     7.75684       5.03029      
278     1.96225       5.03324      
279     7.79764       5.06426      
280     5.58692       5.11339      
281     11.1417       5.11718      
282     2.26904       5.13687      
283     5.40554       5.13703      
284     3.44847       5.15691      
285     3.08595       5.15914      
286     2.12792       5.15947      
287     0.561471      5.16414      
288     4.11222       5.1647       
289     3.05344       5.17955      
290     0.640565      5.18004      
291     7.9224        5.19349      
292     19.6323       5.20647      
293     0.544204      5.207        
294     4.97222       5.21664      
295     2.71654       5.28029      
296     1.96928       5.28135      
297     0.713102      5.28196      
298     0.539013      5.29666      
299     3.80534       5.29687      
300     3.71063       5.30319      
301     0.997853      5.34206      
302     11.686        5.34487      
303     0.527435      5.34493      
304     0.810713      5.34676      
305     0.6465        5.38049      
306     14.4008       5.38252      
307     12.8483       5.39578      
308     3.44793       5.46701      
309     19.8561       5.47245      
310     11.1816       5.49934      
311     14.2827       5.51322      
312     3.20007       5.51778      
313     20.2132       5.52436      
314     21.2303       5.54071      
315     16.6076       5.54769      
316     13.2172       5.55684      
317     6.85875       5.57967      
318     3.94085       5.61357      
319     5.5383        5.6146       
320     4.28209       5.62386      
321     0.477674      5.65662      
322     12.2837       5.6569       
323     8.14299       5.67196      
324     2.00549       5.67607      
325     5.73984       5.68713      
326     0.693972      5.71804      
327     10.9469       5.71967      
328     0.518666      5.71976      
329     4.02103       5.74999      
330     3.88324       5.76344      
331     0.950139      5.78555      
332     0.816719      5.78866      
333     0.715297      5.79133      
334     52.2152       5.80584      
335     12.9845       5.80598      
336     14.1917       5.8072       
337     0.748356      5.82192      
338     0.266079      5.87486      
339     17.1602       5.87548      
340     30.0653       5.89944      
341     10.2216       5.90853      
342     4.75713       5.9674       
343     1.88359       5.97506      
344     8.21434       5.97826      
345     3.34285       5.98115      
346     2.22006       6.00601      
347     3.23447       6.0073       
348     6.81995       6.01967      
349     2.45215       6.02031      
350     7.95334       6.04964      
351     2.39048       6.06892      
352     0.830857      6.06953      
353     2.46009       6.08218      
354     0.763005      6.0828       
355     0.98531       6.10883      
356     3.1895        6.11322      
357     0.591296      6.11773      
358     0.57462       6.12023      
359     41.0523       6.12073      
360     0.570625      6.12325      
361     3.0978        6.12757      
362     0.839152      6.13129      
363     1.13041       6.13438      
364     9.92223       6.18043      
365     10.21         6.21313      
366     2.98826       6.22418      
367     9.66389       6.23337      
368     4.47496       6.23385      
369     2.22944       6.23421      
370     5.54535       6.25799      
371     9.56289       6.26083      
