280          281         
224          225         
224          218         
224          228         
224          222         
224          223         
224          163         
224          219         
224          227         
224          135         
224          226         
69           183         
69           68          
69           6           
9            6           
171          126         
171          174         
171          114         
171          191         
171          169         
171          245         
171          164         
171          170         
171          113         
171          175         
171          172         
171          183         
171          165         
171          193         
171          176         
171          119         
171          195         
171          173         
171          194         
171          168         
171          70          
171          115         
171          163         
171          192         
171          166         
267          266         
174          240         
174          173         
174          172         
174          157         
25           24          
25           27          
25           23          
25           6           
25           26          
25           40          
238          237         
242          237         
242          243         
242          241         
137          139         
137          138         
137          94          
137          134         
137          122         
137          145         
142          138         
142          139         
142          102         
142          140         
142          87          
142          141         
142          134         
142          123         
142          125         
142          122         
142          104         
142          99          
142          144         
142          101         
46           113         
46           44          
46           6           
46           45          
46           48          
46           41          
46           47          
6            22          
6            37          
6            12          
6            1           
6            127         
6            35          
6            20          
6            13          
6            29          
6            113         
6            27          
6            5           
6            7           
6            33          
6            30          
6            4           
6            157         
6            16          
6            51          
6            19          
6            44          
6            295         
6            49          
6            32          
6            42          
6            3           
6            47          
6            10          
6            8           
6            70          
6            23          
6            58          
6            31          
6            11          
6            40          
154          141         
154          132         
154          156         
154          135         
154          99          
154          113         
154          155         
154          103         
245          257         
245          252         
245          218         
245          266         
245          231         
245          269         
245          263         
245          191         
245          163         
245          271         
245          244         
245          259         
245          135         
245          253         
245          195         
245          258         
245          260         
245          193         
209          212         
209          218         
209          208         
209          135         
229          225         
229          228         
229          227         
259          269         
259          266         
259          262         
259          271         
259          257         
259          263         
259          260         
259          277         
259          258         
223          218         
223          264         
223          228         
223          222         
223          221         
223          227         
88           94          
88           135         
88           85          
88           86          
88           79          
88           122         
88           99          
88           113         
88           101         
88           103         
48           163         
48           47          
48           32          
99           139         
99           90          
99           89          
99           140         
99           50          
99           120         
99           109         
99           91          
99           108         
99           102         
99           148         
99           135         
99           80          
99           113         
99           145         
99           103         
99           130         
99           138         
99           106         
99           83          
99           73          
99           97          
99           141         
99           74          
99           146         
99           76          
99           64          
99           94          
99           104         
99           183         
99           101         
99           149         
99           144         
99           71          
99           72          
99           119         
99           51          
99           63          
99           19          
99           87          
99           66          
99           81          
99           93          
99           114         
99           134         
99           152         
99           123         
99           125         
99           107         
99           78          
99           82          
99           79          
99           86          
99           110         
99           95          
99           77          
99           124         
99           121         
99           136         
99           85          
99           100         
99           98          
99           96          
99           122         
99           75          
99           84          
99           92          
113          126         
113          80          
113          109         
113          133         
113          114         
113          108         
113          102         
113          111         
113          135         
113          127         
113          156         
113          103         
113          130         
113          140         
113          110         
113          141         
113          132         
113          86          
113          160         
113          64          
113          183         
113          101         
113          165         
113          157         
113          119         
113          51          
113          63          
113          117         
113          66          
113          162         
113          79          
113          128         
113          125         
113          107         
113          170         
113          134         
113          158         
113          70          
113          115         
113          124         
113          112         
113          136         
113          163         
113          100         
113          122         
113          75          
113          192         
113          155         
113          164         
35           22          
35           34          
35           39          
35           11          
35           36          
35           41          
35           47          
35           40          
156          225         
156          120         
156          240         
156          164         
156          135         
156          127         
156          145         
156          130         
156          216         
156          221         
156          141         
156          160         
156          157         
156          215         
156          176         
156          159         
156          162         
156          128         
156          152         
156          219         
156          158         
156          110         
156          264         
156          222         
156          153         
156          163         
156          125         
156          71          
156          155         
150          126         
150          151         
13           14          
138          139         
138          94          
138          141         
138          134         
138          122         
106          122         
106          95          
106          103         
106          135         
216          222         
216          233         
216          227         
216          135         
216          215         
65           94          
65           64          
65           63          
27           40          
27           28          
190          165         
190          191         
189          182         
189          186         
189          185         
189          135         
0            1           
237          218         
237          254         
237          239         
237          241         
237          68          
237          227         
237          243         
237          236         
167          166         
141          139         
141          80          
141          140         
141          176         
141          114         
141          111         
141          151         
141          135         
141          130         
141          221         
141          157         
141          60          
141          161         
141          134         
141          136         
141          122         
141          192         
141          155         
250          247         
76           263         
76           77          
76           85          
160          162         
160          132         
160          164         
160          135         
160          165         
160          157         
160          130         
52           58          
52           53          
52           54          
52           64          
17           19          
17           11          
104          126         
104          119         
104          118         
104          115         
104          117         
104          105         
104          116         
104          101         
104          103         
104          130         
285          293         
285          287         
285          281         
56           58          
165          162         
165          173         
165          163         
165          164         
165          135         
165          170         
184          195         
184          178         
184          179         
184          181         
184          182         
184          185         
184          183         
184          177         
184          193         
143          144         
71           72          
71           73          
71           58          
71           122         
290          289         
256          271         
256          257         
212          218         
212          213         
212          208         
212          211         
212          135         
212          226         
16           15          
51           50          
51           58          
51           64          
291          293         
291          281         
228          252         
228          225         
228          234         
228          222         
228          235         
228          218         
228          233         
228          239         
228          271         
228          240         
228          227         
228          226         
44           37          
44           45          
44           40          
44           33          
44           43          
44           32          
44           42          
44           41          
44           47          
44           39          
187          188         
187          186         
187          185         
87           94          
87           79          
87           86          
87           102         
87           85          
87           103         
173          157         
173          172         
273          252         
273          271         
273          263         
273          266         
273          269         
161          163         
128          158         
128          110         
128          111         
128          135         
128          127         
128          157         
128          130         
45           30          
45           40          
45           47          
21           22          
125          139         
125          126         
125          110         
125          124         
125          135         
125          136         
125          163         
125          101         
125          122         
125          144         
125          103         
125          130         
275          271         
275          276         
107          135         
107          122         
107          75          
107          101         
107          103         
186          178         
186          182         
186          185         
186          188         
201          204         
201          197         
201          199         
201          205         
201          200         
201          202         
201          206         
201          203         
78           77          
202          181         
82           95          
82           81          
82           93          
82           79          
82           86          
82           103         
41           47          
41           32          
41           40          
188          178         
188          179         
188          185         
188          183         
278          279         
278          277         
278          266         
168          126         
168          119         
168          169         
168          170         
168          166         
218          234         
218          266         
218          225         
218          239         
218          227         
218          135         
218          277         
218          258         
218          233         
218          217         
218          185         
218          183         
218          149         
218          215         
218          268         
218          208         
218          219         
218          236         
218          226         
218          177         
218          252         
218          269         
218          264         
218          254         
218          222         
218          213         
218          163         
218          211         
218          263         
218          182         
70           126         
70           67          
70           63          
70           118         
70           117         
70           198         
70           64          
70           116         
70           130         
178          180         
178          185         
178          179         
178          198         
178          164         
178          192         
178          177         
62           58          
62           64          
62           63          
254          252         
254          266         
254          257         
222          225         
222          219         
222          214         
222          135         
222          233         
222          240         
222          221         
222          227         
222          215         
121          94          
121          162         
121          134         
121          135         
121          122         
121          103         
220          221         
153          152         
153          140         
136          139         
136          140         
136          124         
136          122         
136          79          
136          152         
136          135         
136          103         
281          293         
281          287         
281          289         
281          282         
281          284         
281          283         
85           86          
85           90          
85           89          
85           77          
85           83          
85           93          
85           79          
85           94          
85           84          
85           103         
15           14          
100          95          
100          124         
100          122         
100          79          
100          86          
100          135         
100          101         
100          103         
279          271         
279          266         
279          269         
39           47          
39           40          
211          210         
211          227         
211          269         
122          139         
122          126         
122          140         
122          120         
122          91          
122          102         
122          151         
122          135         
122          80          
122          103         
122          130         
122          73          
122          145         
122          94          
122          183         
122          101         
122          149         
122          144         
122          176         
122          119         
122          114         
122          134         
122          152         
122          123         
122          79          
122          86          
122          110         
122          77          
122          115         
122          124         
122          163         
253          252         
253          269         
253          266         
253          219         
253          240         
253          271         
253          257         
253          263         
192          193         
192          194         
192          195         
192          179         
192          185         
192          170         
192          183         
192          144         
248          247         
155          162         
155          135         
155          157         
92           94          
92           95          
92           135         
270          271         
270          263         
270          266         
270          269         
234          252         
234          225         
234          235         
234          233         
234          271         
234          227         
266          262         
266          260         
266          258         
266          255         
266          265         
266          221         
266          274         
266          271         
266          183         
266          268         
266          219         
266          257         
266          252         
266          269         
266          264         
266          240         
266          263         
147          145         
175          176         
292          293         
120          94          
120          79          
120          101         
120          135         
120          103         
120          130         
133          114         
133          132         
133          135         
133          157         
133          130         
261          260         
261          263         
55           58          
55           157         
239          269         
239          271         
239          263         
1            2           
108          94          
108          79          
108          135         
108          101         
108          103         
102          139         
102          110         
102          73          
102          79          
102          135         
102          101         
102          103         
210          269         
111          157         
111          110         
227          225         
227          221         
227          233         
227          271         
227          240         
227          226         
227          215         
135          139         
135          80          
135          114         
135          164         
135          109         
135          103         
135          130         
135          127         
135          110         
135          73          
135          221         
135          132         
135          145         
135          146         
135          64          
135          185         
135          94          
135          183         
135          101         
135          144         
135          157         
135          215         
135          219         
135          159         
135          66          
135          162         
135          158         
135          93          
135          79          
135          152         
135          177         
135          134         
135          149         
135          95          
135          182         
135          208         
135          163         
135          112         
170          176         
170          195         
170          126         
170          115         
170          181         
170          163         
170          169         
170          172         
170          166         
170          183         
170          193         
230          231         
277          260         
277          236         
127          157         
127          130         
103          140         
103          109         
103          114         
103          80          
103          130         
103          73          
103          132         
103          64          
103          94          
103          101         
103          81          
103          93          
103          79          
103          134         
103          152         
103          123         
103          86          
103          110         
103          77          
103          124         
103          75          
130          164         
130          110         
130          221         
130          132         
130          244         
130          131         
130          101         
130          157         
130          119         
130          63          
130          162         
130          198         
130          123         
130          183         
130          163         
130          129         
60           58          
60           63          
60           64          
29           30          
293          287         
293          289         
293          295         
293          288         
293          294         
83           86          
83           94          
83           84          
265          271         
265          263         
265          257         
265          269         
181          180         
181          179         
181          182         
181          185         
181          183         
221          252         
221          263         
221          257         
221          271         
221          240         
221          205         
221          255         
221          264         
33           32          
132          164         
132          134         
132          157         
132          80          
274          271         
271          260         
271          258         
271          255         
271          235         
271          233         
271          183         
271          268         
271          219         
271          257         
271          251         
271          272         
271          252         
271          269         
271          264         
271          240         
271          263         
271          276         
30           31          
30           32          
172          123         
172          157         
101          139         
101          89          
101          94          
101          109         
101          80          
101          95          
101          73          
101          146         
101          64          
101          144         
101          93          
101          79          
101          77          
149          139         
149          163         
144          139         
144          145         
144          146         
157          158         
157          58          
157          159         
193          176         
193          195         
193          191         
193          185         
193          183         
193          194         
72           73          
176          162         
176          163         
176          183         
268          263         
268          269         
249          247         
195          196         
195          179         
195          191         
195          185         
195          183         
195          194         
232          231         
231          247         
214          215         
38           37          
66           58          
66           64          
66           67          
162          159         
162          94          
162          163         
162          177         
162          134         
162          164         
81           75          
81           79          
93           95          
93           94          
93           86          
93           79          
289          287         
134          139         
134          94          
134          164         
152          140         
152          124         
152          151         
197          198         
219          269         
236          225         
257          252         
257          255         
257          264         
257          240         
257          251         
257          269         
257          258         
257          260         
257          263         
251          252         
251          247         
226          225         
226          163         
226          208         
116          117         
206          207         
47           37          
47           32          
47           40          
10           11          
272          263         
272          269         
177          179         
177          182         
177          185         
252          269         
252          240         
252          235         
252          255         
252          264         
252          258         
252          276         
252          263         
269          240         
269          260         
269          258         
269          264         
269          263         
110          79          
264          263         
77           86          
77           94          
77           79          
115          126         
115          119         
115          118         
115          117         
115          114         
124          140         
124          123         
58           53          
58           50          
58           57          
58           63          
58           64          
58           59          
58           61          
58           80          
58           54          
163          225         
163          179         
163          164         
163          145         
163          183         
247          246         
31           32          
286          287         
11           12          
263          240         
263          260         
263          258         
75           79          
166          164         
84           86          
276          240         
40           37          
139          146         
139          145         
139          140         
139          148         
139          123         
126          119         
126          169         
126          117         
126          118         
37           32          
90           89          
90           95          
90           79          
90           86          
89           86          
140          79          
50           49          
50           63          
50           79          
50           64          
179          182         
179          185         
179          183         
94           91          
94           80          
94           74          
94           64          
94           63          
94           79          
94           86          
94           95          
114          79          
191          185         
191          194         
169          119         
288          287         
240          233         
240          215         
182          185         
182          183         
182          145         
109          79          
80           79          
67           64          
67           63          
145          146         
145          148         
145          123         
145          185         
20           19          
196          194         
54           53          
54           64          
95           86          
73           74          
73           79          
148          146         
287          284         
64           59          
64           63          
64           79          
64           61          
185          183         
61           63          
215          159         
119          118         
119          117         
19           18          
79           86          
