0       2.55141       0.0222373    
1       0.5332        0.0275664    
2       8.95048       0.0301986    
3       4.24622       0.0320915    
4       1.11223       0.150952     
5       0.962786      0.155487     
6       0.792322      0.161183     
7       0.658414      0.164451     
8       0.74323       0.167442     
9       46.7099       0.168934     
10      0.794228      0.171616     
11      0.733867      0.176591     
12      0.773456      0.179234     
13      0.908363      0.183026     
14      1.10167       0.186895     
15      0.808987      0.225133     
16      0.261164      0.226881     
17      3.49385       0.226989     
18      2.48194       0.312672     
19      7.04082       0.316939     
20      2.00179       0.319145     
21      2.79649       0.325705     
22      2.53972       0.411205     
23      4.89678       0.41356      
24      3.76893       0.420994     
25      2.18233       0.428942     
26      0.433692      0.431698     
27      1.45275       0.431751     
28      2.87454       0.458583     
29      7.32367       0.463564     
30      0.368542      0.464555     
31      2.63357       0.4667       
32      0.765509      0.560206     
33      8.55851       0.561024     
34      0.942617      0.580825     
35      4.23144       0.583263     
36      0.510026      0.583405     
37      3.18698       0.597948     
38      5.90117       0.611194     
39      8.57554       0.614086     
40      4.65494       0.633718     
41      7.23853       0.648717     
42      6.31978       0.649702     
43      3.79429       0.663379     
44      5.29434       0.686376     
45      9.29192       0.695329     
46      0.456085      0.696571     
47      3.54195       0.712079     
48      10.2181       0.720465     
49      0.65272       0.72168      
50      1.95984       0.792325     
51      3.01447       0.792356     
52      3.45169       0.802595     
53      8.71317       0.815328     
54      0.350308      0.825429     
55      9.6416        0.826036     
56      0.495088      0.827572     
57      6.12685       0.913743     
58      3.24738       0.913878     
59      6.91429       0.976523     
60      4.2901        0.979639     
61      5.29138       1.04869      
62      2.91262       1.07591      
63      5.59651       1.09834      
64      36.3185       1.10781      
65      26.3154       1.11005      
66      5.46731       1.16534      
67      0.52102       1.17401      
68      0.458797      1.17624      
69      0.372639      1.17832      
70      27.7121       1.18198      
71      1.83446       1.18448      
72      9.33723       1.20387      
73      10.8089       1.21589      
74      0.265887      1.21702      
75      25.4679       1.23846      
76      2.80764       1.25458      
77      2.15396       1.26789      
78      4.56361       1.29241      
79      3.7067        1.29372      
80      7.55624       1.32605      
81      2.36172       1.32607      
82      3.44772       1.3826       
83      5.09986       1.38473      
84      8.12649       1.42756      
85      10.0426       1.43433      
86      12.1233       1.48353      
87      18.1385       1.48669      
88      4.87572       1.5355       
89      4.83286       1.56563      
90      16.9782       1.57082      
91      15.8068       1.57675      
92      3.05605       1.61606      
93      12.5929       1.64935      
94      7.80391       1.65482      
95      6.85092       1.65951      
96      4.97729       1.6659       
97      17.3622       1.73599      
98      6.39686       1.75462      
99      1.60919       1.78075      
100     1.60554       1.78105      
101     6.60308       1.80526      
102     10.3263       1.82965      
103     10.7264       1.84746      
104     15.074        1.84915      
105     12.4155       1.88668      
106     41.9914       1.89018      
107     0.807587      1.90841      
108     5.63782       1.95123      
109     0.755898      1.99496      
110     7.33703       1.99692      
111     0.60362       1.99812      
112     2.36028       2.05511      
113     0.414984      2.06178      
114     8.69255       2.06188      
115     4.0498        2.07261      
116     4.17407       2.07551      
117     0.722084      2.14251      
118     20.2046       2.1438       
119     24.6265       2.20027      
120     1.73867       2.22315      
121     5.46099       2.22456      
122     6.90733       2.31343      
123     9.19223       2.31537      
124     2.46466       2.32433      
125     6.80696       2.39854      
126     7.42457       2.4077       
127     0.493334      2.40881      
128     0.458785      2.42352      
129     1.88787       2.42365      
130     1.21176       2.43877      
131     0.822694      2.44107      
132     1.75579       2.44374      
133     5.18362       2.44465      
134     0.718693      2.44692      
135     2.55471       2.45191      
136     8.8274        2.50617      
137     0.95218       2.50679      
138     12.5587       2.50791      
139     14.2793       2.55805      
140     8.86639       2.62609      
141     8.53271       2.63793      
142     11.9799       2.66398      
143     18.4824       2.67047      
144     8.66169       2.6736       
145     20.5286       2.67477      
146     9.80927       2.68365      
147     4.49554       2.74839      
148     5.68477       2.76894      
149     2.88104       2.77433      
150     6.00175       2.77952      
151     2.26984       2.84085      
152     4.65197       2.84131      
153     2.61741       2.86414      
154     12.4441       2.86892      
155     13.343        2.90505      
156     5.70359       3.05109      
157     27.0081       3.05529      
158     5.05243       3.10358      
159     2.69892       3.15127      
160     1.86893       3.1593       
161     2.73825       3.15988      
162     5.07388       3.18781      
163     4.00403       3.18794      
164     3.98305       3.18968      
165     15.6657       3.21203      
166     0.641599      3.24653      
167     10.1835       3.25274      
168     22.6167       3.26366      
169     10.5025       3.28         
170     1.24608       3.28144      
171     5.54449       3.32365      
172     3.67855       3.32929      
173     6.85802       3.34082      
174     12.6999       3.44233      
175     10.6206       3.44355      
176     2.25385       3.50666      
177     18.3849       3.54552      
178     5.74573       3.54675      
179     33.8071       3.54726      
180     0.542355      3.63085      
181     31.0853       3.63259      
182     0.684388      3.63836      
183     13.0197       3.6945       
184     8.70143       3.70362      
185     9.58378       3.70434      
186     0.505197      3.71835      
187     8.08676       3.7207       
188     0.354352      3.72095      
189     2.20183       3.72746      
190     3.86156       3.75185      
191     5.38701       3.78855      
192     5.10327       3.8142       
193     7.61744       3.81735      
194     18.5994       3.82363      
195     6.49712       3.83582      
196     9.01096       3.91356      
197     6.55409       3.91873      
198     2.1644        3.96056      
199     4.02409       3.96209      
200     9.59982       3.98873      
201     4.85433       4.02541      
202     7.06397       4.08003      
203     9.99916       4.08115      
204     16.0911       4.14708      
205     12.965        4.15835      
206     29.4567       4.22802      
207     0.646848      4.30139      
208     0.530116      4.30756      
209     12.8682       4.32291      
210     8.28614       4.32572      
211     86.8267       4.33376      
212     6.61405       4.39721      
213     19.8143       4.40584      
214     14.8857       4.40839      
215     51.2005       4.43534      
216     12.4372       4.47033      
217     5.97321       4.52914      
218     7.74754       4.53856      
219     5.53217       4.57873      
220     7.32616       4.61437      
221     4.86882       4.64692      
222     9.73031       4.68295      
223     3.22695       4.70471      
224     2.67736       4.74073      
225     4.77845       4.74137      
226     3.64214       4.76909      
227     2.59486       4.80419      
228     7.89056       4.80749      
229     9.67164       4.82791      
230     9.44759       4.83289      
231     11.4306       4.89029      
232     0.365626      4.91132      
233     66.7772       4.92117      
234     9.1456        4.94744      
235     27.976        4.94778      
236     10.4659       4.95623      
237     29.3916       5.00805      
238     46.2116       5.01462      
239     8.85983       5.06267      
240     0.937544      5.07298      
241     0.310357      5.08246      
242     0.338281      5.0868       
243     92.9042       5.09139      
244     7.57561       5.10334      
245     7.60094       5.12162      
246     3.15391       5.16871      
247     1.5091        5.16974      
248     15.1834       5.17181      
249     9.96002       5.17913      
250     2.27499       5.19775      
251     2.94987       5.19995      
252     3.25546       5.21937      
253     4.3275        5.24624      
254     5.32642       5.27704      
255     8.7572        5.29806      
256     36.2861       5.33087      
257     11.3154       5.35802      
258     5.74228       5.44242      
259     6.79124       5.44907      
260     9.67021       5.52265      
261     10.8338       5.52954      
262     4.14598       5.61335      
263     9.82965       5.61968      
264     2.41546       5.65562      
265     8.17644       5.65675      
266     3.6623        5.68304      
267     6.73449       5.68484      
268     14.6384       5.76678      
269     3.89456       5.78037      
270     9.23323       5.78378      
271     3.78535       5.92125      
272     4.558         5.93817      
273     12.9593       5.95413      
274     2.83855       5.96273      
275     26.8339       5.96461      
276     3.10483       5.97946      
277     2.24118       6.00236      
278     3.48299       6.02507      
279     3.47686       6.0254       
280     19.8146       6.04052      
281     3.48169       6.05195      
282     5.54935       6.05721      
283     1.12302       6.05882      
284     1.76531       6.06481      
285     8.07273       6.10162      
286     8.1157        6.10498      
