8            7           
33           34          
33           23          
33           235         
33           42          
33           36          
33           35          
33           15          
33           32          
33           41          
33           24          
5            7           
5            6           
5            211         
5            276         
5            286         
5            127         
5            58          
131          127         
264          265         
264          254         
264          263         
264          248         
264          231         
264          28          
264          255         
264          232         
264          249         
264          259         
264          257         
264          276         
264          286         
264          258         
264          287         
264          222         
264          230         
264          250         
264          262         
264          156         
264          260         
264          228         
67           69          
263          261         
263          45          
263          262         
263          242         
263          218         
89           85          
89           93          
89           90          
89           95          
89           127         
89           88          
89           87          
84           85          
79           80          
82           81          
82           83          
82           80          
77           71          
77           78          
205          202         
205          201         
205          204         
205          210         
205          203         
205          174         
205          206         
204          199         
204          202         
204          201         
204          207         
204          182         
204          211         
204          158         
204          218         
204          203         
204          196         
204          230         
204          226         
204          177         
204          206         
103          105         
103          99          
103          102         
103          127         
103          98          
103          106         
103          104         
103          232         
127          88          
127          122         
127          134         
127          121         
127          108         
127          137         
127          130         
127          104         
127          119         
127          112         
127          91          
127          107         
127          93          
127          236         
127          125         
127          114         
127          133         
127          232         
127          128         
127          87          
127          101         
127          113         
127          115         
127          138         
127          99          
127          129         
127          124         
127          135         
127          105         
127          109         
127          95          
127          106         
127          126         
127          102         
127          123         
127          116         
127          144         
219          243         
219          183         
219          235         
219          238         
219          185         
219          245         
219          218         
219          180         
219          177         
219          232         
137          135         
28           59          
28           60          
28           254         
28           235         
28           61          
28           36          
28           10          
28           7           
28           29          
28           69          
28           286         
28           62          
28           30          
28           49          
28           58          
28           287         
28           11          
28           71          
28           289         
28           232         
22           36          
22           39          
22           235         
22           21          
41           44          
41           23          
41           42          
41           36          
41           43          
41           15          
41           32          
71           59          
71           60          
71           74          
71           72          
71           69          
71           62          
71           30          
71           61          
71           70          
71           68          
24           23          
24           42          
24           36          
24           15          
24           25          
175          183         
175          235         
175          182         
175          185         
175          165         
175          174         
175          177         
175          232         
175          164         
104          105         
104          254         
104          99          
104          102         
104          106         
177          167         
177          171         
177          170         
177          181         
177          196         
177          162         
177          203         
177          187         
177          166         
177          140         
177          139         
177          232         
177          176         
177          199         
177          173         
177          201         
177          194         
177          210         
177          180         
177          186         
177          185         
177          233         
177          184         
177          179         
177          218         
177          161         
177          163         
177          174         
177          169         
177          226         
177          189         
177          228         
177          244         
177          214         
177          191         
177          192         
177          141         
177          213         
177          138         
177          150         
177          182         
177          215         
177          211         
177          158         
177          276         
177          190         
177          222         
177          230         
177          157         
177          160         
177          168         
177          235         
177          202         
177          195         
177          208         
177          183         
177          164         
177          207         
177          155         
177          193         
177          172         
177          220         
177          197         
177          165         
177          188         
177          159         
177          178         
177          229         
177          135         
177          206         
232          265         
232          254         
232          238         
232          181         
232          196         
232          193         
232          231         
232          140         
232          139         
232          234         
232          176         
232          243         
232          241         
232          235         
232          259         
232          252         
232          236         
232          186         
232          185         
232          233         
232          184         
232          221         
232          218         
232          251         
232          169         
232          220         
232          245         
232          244         
232          199         
232          138         
232          150         
232          182         
232          276         
232          242         
232          240         
232          222         
232          230         
232          253         
232          160         
232          228         
232          279         
232          183         
232          164         
232          156         
232          155         
232          246         
232          197         
232          159         
232          229         
232          206         
112          98          
112          122         
112          134         
112          97          
112          95          
112          110         
112          111         
112          96          
243          254         
243          238         
243          187         
243          241         
243          235         
243          14          
243          210         
243          252         
243          236         
243          233         
243          218         
243          251         
243          17          
243          245         
243          191         
243          242         
243          258         
243          12          
243          240         
243          253         
243          239         
243          195         
243          45          
243          15          
243          246         
243          244         
243          25          
243          32          
216          217         
216          231         
216          222         
91           93          
201          202         
201          200         
201          218         
201          203         
201          174         
201          206         
194          169         
194          206         
194          185         
194          235         
14           12          
14           23          
14           235         
14           15          
154          150         
154          155         
154          174         
93           94          
93           95          
93           92          
256          257         
268          272         
268          235         
268          269         
268          274         
118          119         
80           83          
80           23          
80           31          
80           36          
80           29          
80           52          
80           81          
80           6           
218          265         
218          238         
218          203         
218          184         
218          196         
218          220         
218          235         
218          217         
218          233         
218          152         
218          17          
218          242         
218          258         
218          241         
218          140         
218          202         
218          247         
218          197         
218          206         
27           26          
27           19          
161          59          
161          188         
161          165         
251          235         
251          252         
251          233         
251          242         
251          253         
251          245         
147          145         
147          146         
147          148         
147          144         
147          150         
132          122         
132          135         
226          225         
226          182         
226          285         
226          231         
226          222         
226          224         
226          228         
226          223         
226          227         
142          145         
142          144         
257          254         
257          235         
257          259         
257          258         
257          262         
257          255         
257          261         
277          274         
277          272         
277          266         
277          276         
277          286         
277          278         
277          287         
277          273         
277          275         
212          211         
191          190         
191          189         
191          206         
39           38          
39           235         
39           21          
39           36          
39           35          
39           74          
39           53          
39           40          
115          116         
138          150         
138          141         
138          144         
138          135         
138          139         
138          140         
42           60          
42           23          
42           36          
42           35          
42           43          
42           52          
42           49          
42           44          
42           32          
42           46          
99           100         
99           102         
99           108         
99           98          
99           106         
99           101         
99           97          
96           95          
271          273         
271          272         
271          270         
271          269         
158          157         
158          183         
158          164         
158          182         
158          185         
158          165         
158          174         
52           60          
52           59          
52           83          
52           23          
52           36          
52           61          
52           46          
262          261         
262          242         
262          259         
56           60          
56           59          
56           49          
56           61          
56           69          
247          254         
247          245         
70           59          
70           61          
70           69          
240          241         
240          235         
240          233         
240          242         
240          246         
240          244         
98           95          
98           102         
230          254         
230          244         
230          235         
230          211         
230          185         
230          233         
230          276         
230          220         
230          203         
230          231         
230          197         
230          228         
230          208         
230          229         
230          206         
47           60          
47           48          
160          183         
160          235         
160          182         
160          185         
160          181         
160          206         
160          176         
269          270         
269          274         
269          266         
269          272         
2            280         
2            3           
2            4           
2            284         
2            1           
2            0           
0            273         
59           57          
59           69          
59           73          
59           45          
59           62          
59           58          
59           63          
59           17          
59           60          
59           55          
59           36          
59           64          
59           30          
59           49          
59           61          
59           25          
59           76          
105          95          
105          106         
105          102         
270          272         
270          266         
270          276         
270          275         
75           74          
75           76          
75           69          
109          108         
250          249         
250          259         
250          248         
250          231         
250          222         
36           38          
36           43          
36           69          
36           44          
36           23          
36           235         
36           274         
36           74          
36           62          
36           272         
36           46          
36           37          
36           254         
36           276         
36           55          
36           12          
36           32          
36           34          
36           31          
36           21          
36           35          
36           29          
36           15          
36           16          
36           49          
36           61          
36           25          
36           53          
156          279         
156          150         
156          155         
156          233         
156          151         
156          231         
156          25          
156          140         
156          223         
156          221         
266          265         
266          252         
266          272         
266          279         
266          278         
266          267         
266          253         
266          275         
153          150         
153          155         
153          144         
29           30          
29           69          
15           23          
15           235         
15           13          
15           45          
15           34          
15           32          
15           17          
15           46          
172          202         
172          183         
172          185         
172          253         
172          174         
16           17          
66           69          
58           60          
58           45          
58           30          
58           69          
58           49          
58           61          
58           46          
198          195         
198          208         
198          196         
197          195         
197          183         
197          235         
197          182         
197          185         
197          203         
197          196         
197          208         
197          206         
165          174         
165          183         
165          164         
165          170         
165          185         
165          162         
165          168         
165          163         
165          166         
165          188         
165          169         
165          167         
116          117         
159          183         
159          235         
159          164         
159          150         
159          182         
159          185         
159          169         
159          208         
159          206         
76           60          
76           61          
76           69          
97           95          
97           102         
53           60          
53           54          
53           23          
53           61          
206          254         
206          203         
206          231         
206          187         
206          196         
206          174         
206          199         
206          210         
206          217         
206          185         
206          233         
206          184         
206          244         
206          182         
206          215         
206          211         
206          276         
206          222         
206          228         
206          235         
206          202         
206          195         
206          183         
206          164         
206          207         
206          188         
206          208         
265          259         
265          211         
265          276         
265          286         
265          231         
18           19          
238          235         
238          242         
238          253         
171          169         
171          174         
171          235         
57           60          
57           61          
134          135         
90           85          
43           60          
43           44          
43           23          
43           32          
43           46          
69           68          
69           78          
69           45          
69           74          
69           72          
69           49          
69           62          
69           61          
69           63          
69           17          
69           65          
69           60          
69           51          
69           276         
69           55          
69           34          
69           64          
69           30          
69           25          
209          210         
260          258         
260          259         
187          183         
187          235         
187          164         
187          182         
187          185         
187          233         
187          188         
187          174         
187          189         
68           62          
68           60          
255          253         
255          254         
255          259         
234          242         
234          245         
234          235         
234          233         
73           72          
148          150         
148          144         
148          242         
148          145         
119          120         
176          183         
176          235         
176          182         
176          185         
176          174         
199          183         
199          235         
199          182         
199          185         
199          203         
199          244         
199          189         
54           55          
54           23          
241          242         
241          244         
23           60          
23           45          
23           44          
23           12          
23           32          
23           25          
23           35          
23           17          
235          254         
235          203         
235          174         
235          210         
235          252         
235          236         
235          186         
235          185         
235          233         
235          184         
235          17          
235          220         
235          189         
235          245         
235          244         
235          213         
235          150         
235          182         
235          215         
235          211         
235          276         
235          242         
235          34          
235          239         
235          253         
235          169         
235          168         
235          202         
235          272         
235          140         
235          183         
235          259         
235          35          
235          278         
235          12          
235          246         
235          229         
259          254         
259          249         
259          258         
259          231         
259          248         
259          286         
259          287         
259          276         
259          273         
9            282         
9            10          
74           31          
74           72          
236          233         
236          242         
236          239         
185          170         
185          181         
185          193         
185          196         
185          174         
185          186         
185          233         
185          184         
185          220         
185          189         
185          245         
185          244         
185          150         
185          182         
185          180         
185          168         
185          202         
185          195         
185          183         
185          164         
185          207         
185          188         
185          208         
233          254         
233          231         
233          252         
233          17          
233          245         
233          281         
233          237         
233          182         
233          276         
233          242         
233          282         
233          222         
233          253         
233          207         
233          155         
233          244         
233          208         
152          155         
152          144         
152          150         
114          113         
163          174         
163          164         
163          162         
63           60          
63           61          
273          274         
273          272         
273          276         
273          267         
273          275         
17           51          
17           4           
17           30          
17           60          
17           49          
17           25          
101          102         
101          106         
245          252         
245          155         
245          242         
245          246         
245          253         
245          244         
65           60          
65           61          
60           48          
60           45          
60           72          
60           62          
60           61          
60           46          
60           44          
60           51          
60           34          
60           30          
60           50          
60           55          
60           64          
60           49          
60           25          
113          106         
113          107         
281          282         
261          242         
200          202         
200          203         
182          174         
182          184         
182          169         
182          189         
182          213         
182          150         
182          168         
182          183         
182          188         
215          254         
215          203         
215          244         
211          213         
211          210         
211          203         
242          195         
242          246         
242          144         
242          239         
286          7           
286          272         
286          276         
286          289         
286          258         
286          287         
286          288         
190          189         
258          254         
258          253         
55           35          
55           61          
26           19          
287          7           
287          272         
287          276         
287          288         
287          275         
287          289         
11           10          
140          141         
140          151         
140          144         
140          150         
253          202         
253          254         
253          252         
253          239         
253          278         
253          174         
253          229         
180          181         
180          183         
168          183         
168          169         
168          164         
202          203         
202          174         
195          164         
195          217         
195          196         
195          208         
280          279         
34           35          
34           61          
31           35          
31           32          
85           95          
85           88          
85           87          
85           86          
30           51          
30           45          
30           61          
30           50          
30           62          
30           49          
30           25          
50           49          
50           19          
50           45          
35           254         
35           32          
35           61          
285          282         
284          283         
102          108         
102          106         
123          122         
64           61          
278          254         
278          274         
278          272         
278          275         
49           51          
49           61          
49           25          
49           45          
49           48          
49           62          
49           46          
61           45          
61           72          
61           62          
61           51          
61           25          
246          244         
25           45          
188          183         
188          164         
188          169         
188          174         
228          249         
228          220         
228          231         
228          222         
208          207         
208          196         
144          145         
144          150         
144          143         
144          141         
144          151         
144          139         
144          146         
144          149         
144          155         
254          275         
254          252         
254          210         
254          276         
254          32          
19           20          
19           10          
107          106         
122          121         
170          183         
170          164         
170          169         
181          183         
248          249         
248          231         
162          164         
48           45          
95           108         
203          213         
203          210         
203          207         
203          214         
231          225         
231          249         
231          223         
231          222         
231          221         
108          106         
167          183         
167          164         
167          166         
167          169         
166          164         
196          183         
139          183         
139          150         
139          155         
275          274         
275          272         
275          276         
275          289         
174          173         
174          184         
174          169         
174          192         
174          150         
174          183         
174          164         
174          155         
220          183         
7            272         
7            289         
249          222         
45           44          
45           239         
45           46          
274          210         
274          276         
274          272         
186          183         
184          183         
151          150         
210          213         
210          207         
133          135         
288          289         
146          150         
146          145         
169          164         
189          192         
189          183         
143          145         
46           44          
214          213         
150          141         
150          145         
150          149         
150          183         
150          155         
272          276         
272          289         
283          282         
13           12          
12           239         
222          221         
222          223         
145          149         
135          136         
149          155         
183          164         
