0       5.68012       0.0467844    
1       1.45494       0.0632537    
2       3.44168       0.0678521    
3       0.417482      0.117761     
4       8.90271       0.11809      
5       0.829842      0.125209     
6       4.93116       0.245429     
7       1.37063       0.324662     
8       8.57154       0.324776     
9       0.450764      0.365847     
10      14.9218       0.37309      
11      10.4498       0.404359     
12      1.09274       0.408537     
13      9.18315       0.409451     
14      5.32528       0.439319     
15      14.0859       0.472584     
16      0.425062      0.47631      
17      2.21346       0.508358     
18      2.16114       0.586112     
19      3.40109       0.587475     
20      11.5191       0.767439     
21      12.1875       0.859318     
22      2.52729       0.859333     
23      13.5297       1.03944      
24      1.08252       1.04934      
25      6.17863       1.05084      
26      0.459175      1.21498      
27      3.37953       1.21542      
28      0.728223      1.29555      
29      0.188233      1.30031      
30      3.60765       1.30063      
31      0.566563      1.34943      
32      28.0027       1.35451      
33      2.2           1.37216      
34      4.69536       1.44005      
35      0.708253      1.52492      
36      30.1057       1.55829      
37      8.52367       1.56184      
38      2.40052       1.59604      
39      14.5267       1.59789      
40      1.56024       1.62601      
41      12.6318       1.64124      
42      4.08112       1.65807      
43      2.58669       1.71803      
44      0.335915      1.74453      
45      8.39165       1.74493      
46      5.21861       1.77572      
47      8.79301       1.84358      
48      3.74179       1.85188      
49      2.9424        2.17592      
50      2.92938       2.17642      
51      1.04208       2.2219       
52      0.475759      2.22604      
53      4.21054       2.22745      
54      0.768516      2.23036      
55      0.881268      2.36908      
56      3.03623       2.37206      
57      0.477311      2.3729       
58      0.777129      2.40821      
59      3.91795       2.41184      
60      0.381371      2.41223      
61      6.32274       2.43666      
62      0.317611      2.57201      
63      6.2853        2.57256      
64      11.8758       2.61342      
65      2.24634       2.61867      
66      0.79017       2.66627      
67      0.269868      2.67158      
68      5.5215        2.67199      
69      0.740971      2.67658      
70      0.579088      2.77685      
71      13.9349       2.77721      
72      3.9333        2.86956      
73      0.255944      2.90067      
74      3.19716       2.901        
75      2.70974       2.92155      
76      4.80163       2.92336      
77      6.03174       2.96337      
78      11.3958       3.05422      
79      5.40356       3.06228      
80      4.79869       3.13163      
81      2.16879       3.13308      
82      17.1041       3.30092      
83      7.09639       3.34548      
84      2.9663        3.40819      
85      1.85455       3.4085       
86      5.57976       3.48486      
87      1.82846       3.49549      
88      4.05693       3.50253      
89      7.87659       3.513        
90      4.15008       3.53309      
91      4.43793       3.70285      
92      19.9731       3.71364      
93      4.52359       3.80674      
94      1.96457       3.80793      
95      8.34507       3.96305      
96      17.2978       4.00174      
97      0.257575      4.0031       
98      1.57936       4.02609      
99      9.20741       4.08197      
100     17.0942       4.09099      
101     0.647335      4.10852      
102     7.56967       4.1807       
103     3.42463       4.19328      
104     3.46094       4.20158      
105     0.197917      4.25734      
106     11.6477       4.25794      
107     0.535007      4.31465      
108     13.8017       4.32512      
109     9.73141       4.34589      
110     8.67026       4.35381      
111     0.331224      4.44968      
112     9.383         4.45117      
113     0.579908      4.45687      
114     5.88944       4.4932       
115     8.99942       4.50494      
116     3.98591       4.55836      
117     1.95052       4.56194      
118     6.15452       4.79251      
119     3.66383       4.79982      
120     12.5535       4.89751      
121     7.54008       4.91537      
122     14.5839       4.97995      
123     8.16864       5.01264      
124     2.87912       5.2857       
125     26.9346       5.31817      
126     2.57794       5.33233      
127     3.95162       5.4864       
128     17.0646       5.50006      
129     4.46282       5.54869      
130     5.83794       5.57471      
131     4.79107       5.579        
132     3.94115       5.59345      
133     13.6979       5.62156      
134     0.302619      5.62415      
135     10.3105       5.66558      
136     5.07102       5.74448      
137     4.0752        5.75516      
138     15.1481       5.76926      
139     7.25202       5.81566      
140     6.97581       5.95726      
141     0.665103      6.06584      
142     11.0329       6.07696      
143     5.07629       6.09116      
144     11.2276       6.11258      
145     9.018         6.1252       
146     7.54118       6.16114      
147     4.31996       6.17109      
148     0.922009      6.17316      
149     8.18091       6.27737      
150     0.375408      6.27761      
