0       27.2137       0.00403178   
1       7.68596       0.00908703   
2       9.72249       0.0447766    
3       5.41599       0.076737     
4       16.0487       0.11927      
5       17.0309       0.120346     
6       37.5443       0.136783     
7       17.6572       0.16774      
8       89.0692       0.185819     
9       14.6035       0.21921      
10      6.85702       0.235692     
11      18.0551       0.257274     
12      44.5214       0.306133     
13      17.9908       0.308739     
14      0.595691      0.369069     
15      14.2413       0.37029      
16      17.7292       0.416042     
17      0.356932      0.416043     
18      8.80738       0.492813     
19      18.343        0.499168     
20      11.9519       0.499253     
21      13.0096       0.501061     
22      16.1675       0.502835     
23      117.537       0.524824     
24      8.51686       0.581275     
25      8.51203       0.581848     
26      7.43805       0.619471     
27      98.9603       0.642522     
28      9.53917       0.643715     
29      16.2259       0.659749     
30      50.7623       0.662516     
31      21.6081       0.670297     
32      7.03128       0.701525     
33      43.7611       0.770422     
34      47.4973       0.770673     
35      4.63386       0.810086     
36      11.4534       0.841171     
37      11.4461       0.846415     
38      7.71682       0.920517     
39      10.7465       0.921069     
40      32.6179       0.923735     
41      30.2282       0.927977     
42      13.8684       0.92857      
43      7.81727       1.01604      
44      5.3707        1.04414      
45      7.6372        1.04568      
46      26.6862       1.07348      
47      22.4893       1.10439      
48      16.3001       1.10875      
49      16.7133       1.13479      
50      29.3715       1.13607      
51      28.2449       1.1364       
52      18.3918       1.14188      
53      4.28257       1.1577       
54      1.91981       1.16772      
55      5.23743       1.17737      
56      4.70946       1.18145      
57      3.16033       1.20646      
58      16.0825       1.21119      
59      22.1087       1.23448      
60      4.7273        1.31259      
61      11.5665       1.35195      
62      11.2571       1.365        
63      25.8658       1.36863      
64      13.1448       1.36889      
65      12.9995       1.37392      
66      2.8733        1.38262      
67      12.9792       1.40097      
68      21.9212       1.47445      
69      45.8545       1.49947      
70      24.3787       1.50284      
71      10.4157       1.54433      
72      5.23827       1.54651      
73      2.32443       1.54933      
74      7.2943        1.57957      
75      9.08626       1.58223      
76      16.9139       1.60117      
77      6.82119       1.6058       
78      7.73595       1.60708      
79      8.96056       1.62373      
80      6.42433       1.63813      
81      7.81225       1.6442       
82      9.71644       1.65388      
83      64.2013       1.69491      
84      13.7435       1.71184      
85      20.9281       1.81789      
86      20.6643       1.9888       
87      15.341        1.99272      
88      24.3437       1.99323      
89      22.5326       2.06856      
90      16.0819       2.0887       
91      7.62794       2.14711      
92      22.0578       2.15235      
93      21.4078       2.15806      
94      4.66766       2.17311      
95      2.84265       2.18437      
96      1.93339       2.18515      
97      2.39149       2.19747      
98      3.30277       2.19808      
99      5.06941       2.19969      
100     1.25234       2.21016      
101     0.860127      2.21183      
102     6.39625       2.21352      
103     1.94448       2.21408      
104     1.80731       2.21863      
105     2.34625       2.21989      
106     0.842573      2.22053      
107     5.12473       2.23399      
108     2.28133       2.23462      
109     0.922444      2.25703      
110     0.664021      2.259        
111     19.2286       2.26169      
112     7.04666       2.26768      
113     7.91827       2.2677       
114     9.28667       2.28858      
115     3.7915        2.30953      
116     3.76961       2.30977      
117     3.75639       2.31206      
118     4.46364       2.32063      
119     15.8981       2.34857      
120     7.65182       2.34968      
121     12.3097       2.3511       
122     10.4683       2.35204      
123     0.378992      2.37624      
124     5.82439       2.37664      
125     1.68272       2.38575      
126     6.03175       2.39336      
127     49.0648       2.40294      
128     16.171        2.41576      
129     29.5833       2.44787      
130     42.0802       2.45032      
131     16.1636       2.45569      
132     4.69619       2.50769      
133     18.7224       2.52825      
134     12.5393       2.53097      
135     17.3714       2.54775      
136     13.029        2.55791      
137     9.04474       2.56019      
138     3.97611       2.57393      
139     14.3097       2.62109      
140     7.94094       2.62673      
141     15.318        2.63993      
142     10.7357       2.6419       
143     16.0584       2.68149      
144     8.41686       2.68222      
145     5.88438       2.70724      
146     2.30083       2.70784      
147     4.81535       2.72785      
148     15.1221       2.75179      
149     10.2969       2.75855      
150     17.2032       2.79343      
151     22.7214       2.79564      
152     23.6807       2.80954      
153     24.7708       2.81008      
154     1.55127       2.82145      
155     15.4973       2.82636      
156     9.12191       2.83288      
157     4.34753       2.86157      
158     7.33615       2.86178      
159     17.6781       2.92212      
160     7.55075       2.98491      
161     13.0224       2.99475      
162     7.27812       3.03068      
163     41.4948       3.04216      
164     13.9759       3.04751      
165     23.5918       3.05412      
166     3.45148       3.06263      
167     10.9948       3.25027      
168     4.89887       3.25506      
169     7.1801        3.26172      
170     0.912457      3.26307      
171     6.88269       3.26383      
172     5.57895       3.27643      
173     4.32617       3.27822      
174     4.28683       3.27839      
175     1.26777       3.28009      
176     2.50441       3.29119      
177     2.49674       3.29148      
178     6.59929       3.30786      
179     3.81929       3.32875      
180     8.9367        3.3334       
181     2.89598       3.33631      
182     9.81592       3.34117      
183     3.1923        3.34283      
184     4.13255       3.35176      
185     3.07506       3.36619      
186     10.2958       3.36945      
187     0.560187      3.36952      
188     4.14691       3.38592      
189     0.750056      3.38626      
190     3.26293       3.39836      
191     4.82059       3.39857      
192     1.19964       3.43585      
193     3.27535       3.43855      
194     3.08694       3.44035      
195     8.82413       3.44234      
196     6.5892        3.44628      
197     7.82375       3.44892      
198     0.331375      3.44946      
199     3.13668       3.45153      
200     0.916191      3.45353      
201     0.483123      3.45936      
202     6.51819       3.45985      
203     2.38073       3.4617       
204     3.3229        3.50047      
205     0.956077      3.51031      
206     4.28078       3.5138       
207     8.46486       3.51651      
208     4.348         3.51722      
209     12.012        3.51786      
210     7.33426       3.51864      
211     2.47455       3.52829      
212     0.732751      3.56822      
213     13.4284       3.56834      
214     2.67178       3.58119      
215     1.69187       3.58562      
216     5.7117        3.58627      
217     1.04293       3.58788      
218     2.2988        3.58804      
219     0.647059      3.62134      
220     9.61794       3.62154      
221     3.68797       3.63234      
222     3.6721        3.63306      
223     0.293471      3.64316      
224     3.10648       3.64324      
225     1.33966       3.64453      
226     1.39893       3.64467      
227     5.06767       3.66062      
228     3.73387       3.66068      
229     15.3687       3.6757       
230     6.85212       3.70427      
231     6.28725       3.72149      
232     14.7538       3.72213      
233     27.6741       3.72725      
234     5.21619       3.73519      
235     5.38401       3.75989      
236     4.59605       3.79656      
237     2.87442       3.79666      
238     12.7985       3.82508      
239     2.76139       3.82518      
240     2.7807        3.82897      
241     3.11739       3.87354      
242     0.707889      3.87365      
243     4.14065       3.91094      
244     9.27545       3.91613      
245     3.83068       3.91913      
246     8.4607        3.94343      
247     4.78075       3.96103      
248     3.29511       3.96112      
249     0.980748      3.98013      
250     0.887581      3.98195      
251     0.824588      3.98448      
252     0.659237      3.98782      
253     0.545426      3.99014      
254     0.426592      3.99276      
255     71.724        3.99504      
256     3.37242       4.00092      
257     11.9916       4.00264      
258     15.2164       4.03744      
259     3.08192       4.03825      
260     11.4789       4.06961      
261     4.33247       4.09523      
262     25.3005       4.10896      
263     27.5141       4.12069      
264     19.0838       4.12688      
265     13.1219       4.12863      
266     8.0124        4.15682      
267     3.37644       4.18262      
268     45.5472       4.19833      
269     7.02746       4.20393      
270     6.12723       4.22324      
271     3.87561       4.22608      
272     0.589938      4.22691      
273     20.6509       4.24886      
274     4.86647       4.24992      
275     3.91286       4.26248      
276     8.77535       4.28969      
277     9.73047       4.29147      
278     2.02281       4.31131      
279     18.6037       4.33048      
280     12.8203       4.33639      
281     27.1738       4.34448      
282     26.9742       4.34974      
283     0.785485      4.35148      
284     25.5284       4.37602      
285     17.3147       4.37685      
286     0.753905      4.38617      
287     1.63731       4.39923      
288     23.1735       4.40266      
289     8.87303       4.44471      
290     18.2154       4.50316      
291     9.91258       4.50669      
292     6.28089       4.55032      
293     8.7599        4.55654      
294     3.20929       4.61433      
295     7.07355       4.62518      
296     23.2265       4.6256       
297     2.70574       4.63329      
298     3.2275        4.65632      
299     3.18834       4.65739      
300     9.73426       4.66408      
301     2.99064       4.70989      
302     13.9354       4.71114      
303     4.3432        4.71425      
304     2.33488       4.71529      
305     6.55749       4.72937      
306     10.1726       4.73385      
307     0.75139       4.73569      
308     7.43435       4.74965      
309     8.58784       4.78469      
310     10.9777       4.78753      
311     33.1846       4.80118      
312     0.784908      4.80475      
313     2.09944       4.83742      
314     1.63746       4.83838      
315     2.0243        4.83917      
316     2.97637       4.86106      
317     3.43197       4.86219      
318     0.408332      4.86246      
319     4.44018       4.90535      
320     0.813962      4.91188      
321     8.97501       4.91331      
322     0.478119      4.91348      
323     3.08898       4.92389      
324     3.10262       4.9258       
325     12.7763       4.94826      
326     13.7208       4.94854      
327     4.97107       4.98544      
328     3.82706       4.98935      
329     15.6342       4.99494      
330     10.3195       4.9953       
331     0.746649      5.00046      
332     5.18486       5.00518      
333     3.14465       5.01887      
334     19.2743       5.04086      
335     29.2123       5.08726      
336     12.6199       5.09028      
337     28.215        5.09868      
338     66.5911       5.12405      
339     24.7877       5.12846      
340     11.0521       5.12985      
341     7.49801       5.15357      
342     5.95272       5.18537      
343     10.8075       5.20624      
344     16.3228       5.25287      
345     7.07421       5.28525      
346     19.8747       5.29597      
347     4.29136       5.29752      
348     2.03116       5.30453      
349     8.961         5.31358      
350     7.98884       5.33065      
351     10.2475       5.41183      
352     17.0254       5.42202      
353     22.3546       5.42249      
354     20.1622       5.53702      
355     9.568         5.54087      
356     1.92864       5.55249      
357     16.3481       5.55732      
358     0.404546      5.55736      
359     5.97303       5.61778      
360     5.85173       5.61947      
361     3.73716       5.62588      
362     16.952        5.65321      
363     21.3954       5.71623      
364     6.11146       5.72811      
365     11.4905       5.73357      
366     0.432775      5.73431      
367     5.44532       5.79341      
368     6.42842       5.8219       
369     11.8502       5.86239      
370     8.45132       5.87859      
371     5.06131       5.87983      
372     5.32271       5.88859      
373     16.1868       5.88867      
374     16.3318       5.88869      
375     13.0102       5.89617      
376     5.63532       5.89821      
377     9.29631       5.90182      
378     16.9923       5.93622      
379     47.218        5.93697      
380     98.4454       5.94149      
381     4.34296       5.97745      
382     11.1307       6.02179      
383     0.61634       6.03427      
384     34.7301       6.05202      
385     66.9522       6.05268      
386     14.1151       6.0681       
387     1.90012       6.07147      
388     36.204        6.09001      
389     36.3644       6.09557      
390     59.6734       6.10002      
391     46.4925       6.10412      
392     14.5417       6.11978      
393     14.5635       6.12357      
394     11.9535       6.18996      
395     13.7915       6.1907       
396     8.31384       6.23545      
397     12.1253       6.24605      
398     6.26747       6.25422      
399     15.3022       6.28021      
