0       8.48927       0.00667895   
1       15.1487       0.0145778    
2       10.5731       0.0311824    
3       9.8784        0.0492348    
4       15.5171       0.125697     
5       17.5368       0.139957     
6       7.48945       0.205212     
7       7.9538        0.237594     
8       8.46248       0.266918     
9       7.22707       0.29519      
10      28.1263       0.310703     
11      0.523579      0.311037     
12      15.1071       0.350076     
13      25.8655       0.350675     
14      10.1113       0.352203     
15      8.90252       0.419973     
16      7.24513       0.463765     
17      47.2879       0.470716     
18      102.072       0.480434     
19      14.6358       0.499537     
20      14.6365       0.524291     
21      5.15599       0.528089     
22      12.2522       0.542252     
23      33.9411       0.549375     
24      13.3481       0.549788     
25      7.19415       0.563888     
26      14.6249       0.568346     
27      13.6174       0.572461     
28      12.5636       0.572712     
29      0.852072      0.584493     
30      15.5373       0.597094     
31      14.9126       0.660279     
32      11.8848       0.694818     
33      8.57844       0.711177     
34      13.8178       0.793897     
35      0.459178      0.794739     
36      13.023        0.849748     
37      17.6828       0.853734     
38      97.7384       0.883174     
39      6.75047       0.908325     
40      6.68982       0.91033      
41      16.336        0.938707     
42      9.61379       0.954827     
43      48.977        1.02339      
44      17.0306       1.03019      
45      27.9086       1.03115      
46      33.4556       1.07158      
47      1.77988       1.07229      
48      14.5517       1.07763      
49      16.3565       1.09057      
50      10.0359       1.09796      
51      0.64335       1.10201      
52      55.7341       1.13482      
53      34.0763       1.14134      
54      2.8158        1.17911      
55      8.9637        1.20979      
56      29.1277       1.24716      
57      12.4027       1.25164      
58      4.75444       1.29525      
59      15.27         1.34108      
60      9.11486       1.36931      
61      60.6081       1.3713       
62      0.212974      1.40321      
63      96.5717       1.40466      
64      1.12175       1.40752      
65      17.1292       1.42521      
66      14.8101       1.44269      
67      33.7609       1.44702      
68      9.87287       1.46702      
69      19.1822       1.46867      
70      12.5657       1.47459      
71      13.204        1.4791       
72      1.81312       1.48338      
73      6.11731       1.49566      
74      9.65531       1.51442      
75      5.26946       1.52282      
76      6.38762       1.58546      
77      12.7887       1.61707      
78      4.03536       1.61743      
79      2.81462       1.61744      
80      7.74053       1.65495      
81      13.1979       1.67454      
82      4.56185       1.68124      
83      7.20107       1.70095      
84      2.44623       1.72261      
85      4.8363        1.73435      
86      15.6456       1.73739      
87      12.6409       1.75741      
88      19.9018       1.75839      
89      7.13483       1.7833       
90      7.99559       1.80925      
91      6.1999        1.82583      
92      2.26023       1.84155      
93      9.35605       1.86147      
94      53.5402       1.8656       
95      17.3069       1.87208      
96      2.31481       1.89785      
97      0.527153      1.90263      
98      21.3275       1.90572      
99      4.04777       1.9076       
100     2.56358       1.91957      
101     6.82912       1.92518      
102     17.6245       1.92872      
103     3.53085       1.9293       
104     1.66914       1.93701      
105     4.75195       1.94608      
106     3.2279        1.94765      
107     16.0595       1.98091      
108     12.6385       1.99207      
109     10.6256       2.04306      
110     6.18315       2.06247      
111     26.4335       2.07077      
112     0.529223      2.07078      
113     6.58209       2.0875       
114     4.95339       2.10133      
115     8.51769       2.10416      
116     6.00673       2.11782      
117     2.89046       2.12225      
118     4.17708       2.12478      
119     7.20743       2.12485      
120     2.9043        2.15868      
121     0.552873      2.16194      
122     14.6122       2.16261      
123     1.39152       2.16651      
124     3.42582       2.167        
125     0.937759      2.19711      
126     3.88177       2.19786      
127     0.93879       2.19862      
128     10.1416       2.27204      
129     2.56602       2.29264      
130     17.8723       2.30596      
131     14.5325       2.3072       
132     2.59158       2.31343      
133     8.38573       2.3165       
134     7.2197        2.37144      
135     0.7766        2.37167      
136     2.10226       2.38317      
137     1.596         2.38433      
138     1.86703       2.38496      
139     0.784266      2.40089      
140     9.6361        2.40092      
141     4.74438       2.41345      
142     0.608016      2.4135       
143     1.03022       2.46233      
144     0.666077      2.46345      
145     11.3121       2.46481      
146     0.690731      2.46534      
147     1.1606        2.46728      
148     8.64581       2.5886       
149     9.7194        2.61207      
150     24.8763       2.61302      
151     2.67581       2.64282      
152     11.1614       2.64737      
153     0.58873       2.64878      
154     11.9729       2.67467      
155     23.6972       2.68062      
156     12.2832       2.68525      
157     23.062        2.6857       
158     0.572711      2.69294      
159     1.53905       2.69822      
160     4.09396       2.70948      
161     3.4962        2.71816      
162     1.67938       2.73611      
163     9.08984       2.73961      
164     16.1213       2.74966      
165     8.27408       2.77027      
166     19.2822       2.78202      
167     17.71         2.80882      
168     12.2745       2.81146      
169     4.20612       2.82446      
170     5.43756       2.84224      
171     50.8783       2.84777      
172     0.482844      2.85119      
173     4.11355       2.86323      
174     5.99967       2.86436      
175     11.6141       2.89484      
176     27.8596       2.89837      
177     18.9348       2.91174      
178     6.1231        2.92202      
179     9.67059       2.94593      
180     17.9385       2.98066      
181     0.788234      2.98163      
182     4.2337        3.03255      
183     7.46866       3.03302      
184     3.80109       3.0526       
185     4.87635       3.05371      
186     2.50961       3.07509      
187     2.17756       3.07884      
188     11.7211       3.08011      
189     2.74273       3.08471      
190     2.17287       3.1133       
191     4.94781       3.11349      
192     11.6436       3.12868      
193     0.485436      3.14553      
194     1.96235       3.14568      
195     1.89502       3.15715      
196     0.440687      3.15729      
197     10.412        3.17634      
198     0.719462      3.186        
199     0.634969      3.1893       
200     0.475251      3.19141      
201     51.8821       3.19398      
202     3.11074       3.19432      
203     0.57234       3.19782      
204     0.80092       3.20045      
205     0.938719      3.20365      
206     1.07565       3.20568      
207     6.42539       3.27238      
208     4.94355       3.2875       
209     8.42853       3.29128      
210     0.536283      3.29192      
211     2.77282       3.30909      
212     6.858         3.31462      
213     2.08818       3.31734      
214     2.08649       3.31862      
215     8.38893       3.31939      
216     9.21526       3.32307      
217     16.3791       3.35444      
218     2.06056       3.36381      
219     10.8982       3.36646      
220     0.653478      3.36804      
221     3.24284       3.45317      
222     5.44994       3.46005      
223     1.61488       3.46035      
224     8.46936       3.46512      
225     2.27253       3.46987      
226     6.49845       3.47949      
227     3.02022       3.47981      
228     6.08101       3.4841       
229     0.624129      3.48501      
230     0.896303      3.50156      
231     3.88513       3.50222      
232     0.692403      3.51482      
233     6.19794       3.51527      
234     0.545162      3.5286       
235     6.53006       3.52889      
236     0.655875      3.54405      
237     12.5807       3.54461      
238     0.652769      3.54549      
239     0.43711       3.56218      
240     5.9026        3.56271      
241     2.42428       3.56368      
242     0.79457       3.592        
243     14.7177       3.59331      
244     0.764262      3.59455      
245     1.81738       3.60245      
246     0.473356      3.60263      
247     2.78567       3.61544      
248     0.517367      3.62105      
249     11.8056       3.62187      
250     4.58628       3.62584      
251     6.01474       3.64864      
252     4.54045       3.64966      
253     0.726963      3.68299      
254     11.7058       3.6836       
255     4.12586       3.69336      
256     5.42874       3.69563      
257     3.69692       3.71007      
258     2.55278       3.7105       
259     5.82954       3.72692      
260     4.64129       3.72803      
261     4.66033       3.72818      
262     2.40709       3.74001      
263     2.42442       3.74035      
264     0.789874      3.76135      
265     9.71358       3.76137      
266     8.23114       3.79341      
267     0.680874      3.79876      
268     0.448059      3.79996      
269     9.323         3.80065      
270     0.436349      3.80099      
271     0.930072      3.80285      
272     4.7229        3.83201      
273     6.65182       3.84026      
274     1.29813       3.84101      
275     8.31204       3.84256      
276     21.5942       3.94699      
277     7.39285       3.9888       
278     9.03979       3.99901      
279     4.00863       4.00493      
280     10.2693       4.02537      
281     21.0254       4.04461      
282     16.547        4.04635      
283     4.9582        4.05177      
284     3.02945       4.06486      
285     1.48726       4.06585      
286     9.13344       4.08397      
287     7.48855       4.12473      
288     48.0988       4.12739      
289     4.99972       4.13062      
290     6.9843        4.13116      
291     4.14079       4.14042      
292     3.81518       4.15139      
293     9.08162       4.16971      
294     10.5942       4.1916       
295     9.53959       4.19457      
296     9.77351       4.20805      
297     42.3779       4.21603      
298     0.543533      4.22041      
299     10.4192       4.23271      
300     5.93235       4.27569      
301     4.66521       4.29016      
302     3.76256       4.29041      
303     6.02639       4.29873      
304     0.477026      4.2989       
305     9.57489       4.31377      
306     12.5368       4.34454      
307     3.40258       4.36783      
308     8.02488       4.37004      
309     15.8308       4.40267      
310     12.8649       4.40582      
311     4.47027       4.43045      
312     3.66965       4.43476      
313     2.37851       4.44925      
314     6.43487       4.46804      
315     17.27         4.47679      
316     22.7608       4.48255      
317     22.9886       4.48926      
318     21.1399       4.54412      
319     42.8556       4.54453      
320     20.0862       4.54471      
321     6.65885       4.5859       
322     10.4604       4.59894      
323     4.85965       4.6038       
324     18.3609       4.6527       
325     7.01384       4.66177      
326     5.59941       4.70676      
327     4.79713       4.70696      
328     3.86575       4.72442      
329     2.07085       4.73329      
330     11.6088       4.75414      
331     12.6244       4.75794      
332     13.6856       4.76406      
333     49.5873       4.77233      
334     24.0465       4.77494      
335     18.7366       4.80721      
336     3.30698       4.8187       
337     18.9309       4.86227      
338     15.5723       4.87058      
339     16.7338       4.8723       
340     13.2616       4.87415      
341     25.1276       4.87502      
342     2.94709       4.91349      
343     24.7773       4.94615      
344     21.2981       4.94962      
345     13.4139       4.95779      
346     14.3781       5.00593      
347     38.9749       5.16462      
348     27.0115       5.22429      
349     0.865778      5.22713      
350     9.70622       5.25161      
351     8.07028       5.34706      
352     9.03867       5.37829      
353     9.44304       5.38612      
354     5.33552       5.39349      
355     0.345401      5.39353      
356     9.8932        5.41297      
357     10.7239       5.41372      
358     3.48908       5.43806      
359     10.1724       5.44037      
360     0.759211      5.46664      
361     9.62403       5.46822      
362     16.2279       5.48907      
363     8.67093       5.50359      
364     8.6616        5.50359      
365     10.5978       5.51066      
366     14.351        5.51972      
367     4.53765       5.54213      
368     13.9072       5.54711      
369     35.7333       5.57697      
370     13.9938       5.59311      
371     13.0922       5.59417      
372     22.8483       5.65094      
373     15.6679       5.73431      
374     5.49695       5.79567      
375     15.7126       5.79859      
376     4.06572       5.80955      
377     26.5542       5.82609      
378     3.31636       5.82868      
379     4.95922       5.83151      
380     1.07736       5.85358      
381     21.981        5.85413      
382     22.9733       5.86479      
383     28.3097       5.91866      
384     25.9839       5.92029      
385     16.8594       5.92143      
386     43.9326       5.92213      
387     4.67987       5.98952      
388     5.73167       6.0268       
389     3.20575       6.02724      
390     17.6579       6.06824      
391     25.5803       6.13747      
392     17.2965       6.13909      
393     11.2465       6.14364      
394     0.623734      6.17279      
395     88.7312       6.19139      
396     38.7102       6.20131      
397     37.4296       6.22202      
398     41.2618       6.23156      
