0       0.839432      0.0          
1       2.06323       0.0291854    
2       2.91596       0.0328171    
3       9.48446       0.0329818    
4       10.3666       0.0334143    
5       2.93293       0.0382845    
6       3.08149       0.0427904    
7       2.17885       0.0465146    
8       8.4966        0.0468593    
9       4.28369       0.0571337    
10      4.96986       0.0581914    
11      1.99007       0.0617613    
12      4.02838       0.0630202    
13      2.1498        0.0755533    
14      4.41707       0.0773606    
15      4.42397       0.0776124    
16      8.69825       0.080801     
17      5.93428       0.0821426    
18      7.0116        0.0855118    
19      1.24356       0.0882111    
20      9.75034       0.0885704    
21      4.03013       0.0927301    
22      1.31328       0.0947084    
23      5.60369       0.103632     
24      2.90047       0.162453     
25      9.32222       0.162673     
26      14.9352       0.174362     
27      0.611834      0.182773     
28      8.35368       0.183472     
29      0.247392      0.183514     
30      0.732437      0.184366     
31      0.829598      0.195542     
32      6.95421       0.196157     
33      22.2454       0.243167     
34      17.7373       0.257325     
35      13.0005       0.299165     
36      3.98048       0.311824     
37      0.334844      0.316691     
38      28.2792       0.317349     
39      2.64275       0.320333     
40      14.6767       0.332799     
41      38.8262       0.344515     
42      1.66664       0.345257     
43      1.71805       0.348409     
44      14.5021       0.368989     
45      18.7668       0.369572     
46      2.36479       0.384035     
47      31.5384       0.38421      
48      14.8001       0.400305     
49      9.7492        0.4066       
50      0.730131      0.408285     
51      1.80751       0.411575     
52      21.3968       0.426835     
53      3.94986       0.450077     
54      31.1614       0.476465     
55      19.5102       0.491468     
56      18.7314       0.498681     
57      0.676655      0.501199     
58      1.88093       0.52419      
59      9.31534       0.530117     
60      26.305        0.536212     
61      12.5587       0.544442     
62      25.4045       0.550941     
63      0.649152      0.553649     
64      0.732656      0.578789     
65      17.3619       0.580467     
66      8.12615       0.588307     
67      3.91495       0.592573     
68      9.92781       0.616572     
69      14.5528       0.617015     
70      3.53077       0.633183     
71      1.94616       0.634117     
72      4.14141       0.634287     
73      4.37518       0.643999     
74      7.07444       0.649596     
75      21.1524       0.655451     
76      0.489661      0.656532     
77      0.746452      0.657973     
78      20.483        0.682869     
79      10.9223       0.686224     
80      0.537691      0.694472     
81      0.340594      0.697214     
82      0.212347      0.698602     
83      48.8378       0.698739     
84      5.64129       0.703411     
85      5.80163       0.718307     
86      35.6146       0.720796     
87      11.5519       0.733936     
88      0.642526      0.73556      
89      19.4136       0.757155     
90      5.66991       0.7701       
91      0.582916      0.770517     
92      2.18862       0.798618     
93      1.0242        0.802226     
94      21.382        0.810253     
95      27.8427       0.814016     
96      0.324682      0.815733     
97      18.7926       0.821283     
98      3.30656       0.835546     
99      3.61346       0.842299     
100     12.5379       0.863728     
101     2.60098       0.864364     
102     4.57759       0.900901     
103     25.6581       0.910813     
104     27.503        0.920143     
105     27.463        0.920446     
106     2.05958       0.935694     
107     3.12425       0.939755     
108     2.35288       0.944179     
109     2.55199       0.947569     
110     5.20189       0.957254     
111     1.2026        0.959042     
112     4.01969       0.964607     
113     5.35752       0.966231     
114     1.26237       0.968241     
115     7.74094       0.968679     
116     8.61175       0.978174     
117     9.59897       0.995994     
118     7.95732       1.00095      
119     6.58245       1.01985      
120     10.5398       1.03557      
121     25.9144       1.07992      
122     34.6962       1.10775      
123     0.387312      1.10792      
124     10.7414       1.14229      
125     0.87144       1.15525      
126     0.762731      1.15803      
127     0.657134      1.16025      
128     0.554863      1.1622       
129     0.442436      1.16411      
130     93.9151       1.16901      
131     23.0593       1.17437      
132     4.13744       1.19894      
133     2.34842       1.22338      
134     25.9848       1.22698      
135     6.19772       1.25558      
136     4.66773       1.2611       
137     2.39409       1.27285      
138     1.91984       1.2766       
139     4.24147       1.27967      
140     26.096        1.28186      
141     3.22903       1.28571      
142     3.35553       1.29011      
143     2.63205       1.29482      
144     2.79782       1.31831      
145     20.62         1.32075      
146     2.92507       1.32292      
147     2.32859       1.39563      
148     0.875645      1.39657      
149     0.8091        1.39749      
150     8.39533       1.39892      
151     1.2112        1.39918      
152     2.18528       1.39989      
153     2.55416       1.40162      
154     1.55572       1.40407      
155     2.4493        1.40418      
156     7.44703       1.42003      
157     0.160287      1.4224       
158     18.3092       1.42249      
159     2.97817       1.46027      
160     11.8544       1.4607       
161     0.543984      1.46162      
162     12.4266       1.48591      
163     2.62302       1.4869       
164     2.1306        1.49972      
165     11.0631       1.50198      
166     1.95          1.50334      
167     8.34613       1.51078      
168     11.6366       1.53688      
169     26.8271       1.53754      
170     10.3591       1.54998      
171     9.15388       1.55339      
172     3.42594       1.566        
173     2.65838       1.56725      
174     25.6581       1.58593      
175     15.9598       1.59561      
176     0.808044      1.63955      
177     0.554103      1.641        
178     20.7069       1.64273      
179     2.63353       1.64416      
180     7.38032       1.64529      
181     5.13202       1.69553      
182     2.86108       1.70488      
183     8.93324       1.71461      
184     103.531       1.71696      
185     0.419521      1.71983      
186     0.69227       1.72331      
187     0.829649      1.72561      
188     14.0073       1.75907      
189     8.89879       1.79104      
190     16.4202       1.85393      
191     40.6994       1.87729      
192     19.1376       1.87925      
193     16.8017       1.88011      
194     16.7703       1.88104      
195     6.37666       1.92071      
196     14.6291       1.92411      
197     4.60846       1.98078      
198     5.29104       1.99246      
199     7.4676        2.0141       
200     3.08742       2.04995      
201     17.4943       2.05269      
202     0.384123      2.05347      
203     31.2561       2.0718       
204     6.59082       2.07601      
205     25.1557       2.08127      
206     23.912        2.08527      
207     2.45944       2.10789      
208     0.40406       2.11155      
209     100.709       2.11641      
210     23.224        2.12766      
211     33.4226       2.14153      
212     28.3342       2.14496      
213     38.4393       2.14549      
214     1.44931       2.16597      
215     21.2775       2.18151      
216     7.32214       2.1997       
217     5.90152       2.21203      
218     3.35233       2.22786      
219     2.34257       2.24301      
220     2.0361        2.24964      
221     10.0502       2.25919      
222     35.0032       2.25977      
223     0.722599      2.26464      
224     2.10761       2.27229      
225     3.912         2.27889      
226     4.99978       2.28869      
227     0.643819      2.30081      
228     3.58887       2.30114      
229     7.56553       2.34076      
230     39.6853       2.34098      
231     5.16928       2.35992      
232     7.49431       2.38152      
233     7.15563       2.42189      
234     31.8261       2.42719      
235     3.14078       2.43534      
236     178.838       2.44859      
237     8.14623       2.44985      
238     7.43559       2.47437      
239     81.5344       2.47632      
240     37.1247       2.51021      
241     0.436975      2.51309      
242     2.34667       2.51904      
243     3.58973       2.52783      
244     13.5638       2.54347      
245     3.29967       2.56207      
246     2.50468       2.56881      
247     6.22659       2.57889      
248     5.4711        2.59198      
249     5.6941        2.60893      
250     7.51041       2.64547      
251     12.0511       2.64828      
252     7.88215       2.66886      
253     2.84036       2.68173      
254     39.6317       2.68867      
255     10.1444       2.70053      
256     9.20376       2.70085      
257     11.7303       2.73452      
258     12.0375       2.74281      
259     17.8056       2.7458       
260     48.11         2.78305      
261     69.4142       2.78772      
262     0.716002      2.80049      
263     3.01427       2.82459      
264     11.2499       2.84861      
265     10.9042       2.88802      
266     0.620815      2.90725      
267     0.336056      2.90947      
268     17.1697       2.9103       
269     0.428115      2.9218       
270     31.009        2.92475      
271     0.46068       2.94072      
272     71.9759       2.9505       
273     9.8364        2.96203      
274     1.37564       2.97457      
275     196.376       2.9796       
276     2.70581       2.98051      
277     2.82562       2.98855      
278     8.4627        3.00573      
279     6.5541        3.02106      
280     4.59074       3.04376      
281     24.2636       3.06945      
282     9.53541       3.07431      
283     61.2095       3.08067      
284     6.69719       3.10299      
285     14.7732       3.10813      
286     1.11346       3.1103       
287     18.3887       3.12474      
288     27.291        3.12869      
289     1.69421       3.13847      
290     1.9927        3.14491      
291     2.85277       3.15655      
292     3.17517       3.17238      
293     23.9035       3.18445      
294     20.8401       3.19015      
295     21.4929       3.1926       
296     0.661173      3.1971       
297     3.19727       3.20183      
298     4.93641       3.22273      
299     4.40359       3.23369      
300     5.1512        3.24778      
301     4.89203       3.25852      
302     7.13572       3.26087      
303     6.29954       3.27763      
304     5.70518       3.2914       
305     16.4055       3.32473      
306     6.31362       3.33231      
307     26.4874       3.38812      
308     34.0037       3.39466      
309     5.65055       3.41565      
310     130.495       3.42099      
311     33.9459       3.45112      
312     2.6967        3.46229      
313     6.30744       3.47536      
314     10.1635       3.50543      
315     12.951        3.50874      
316     6.28075       3.53542      
317     25.4715       3.56433      
318     51.3515       3.57007      
319     23.3909       3.57867      
320     25.6626       3.58023      
321     0.830687      3.60807      
322     1.46413       3.6082       
323     19.697        3.61884      
324     126.203       3.63367      
325     9.9183        3.66442      
326     17.5746       3.69414      
327     4.63817       3.71882      
328     28.3575       3.73777      
329     7.19357       3.75263      
330     11.5871       3.7876       
331     73.6906       3.80273      
332     22.7659       3.81195      
333     0.437171      3.815        
334     0.546614      3.81641      
335     1.37936       3.81911      
336     2.30793       3.82297      
337     1.71119       3.82786      
338     11.8815       3.84091      
339     4.40651       3.86         
340     1.61173       3.86749      
341     54.8864       3.88547      
342     23.539        3.88745      
343     30.317        3.89074      
344     3.15125       3.91539      
345     6.36955       3.9281       
346     2.77342       3.93685      
347     32.9116       3.98422      
348     77.6047       4.00748      
349     6.57879       4.03271      
350     58.1751       4.03436      
351     2.29097       4.04851      
352     11.0303       4.06721      
353     0.772455      4.06744      
354     5.16835       4.06879      
355     0.732943      4.09028      
356     6.58642       4.09097      
357     17.0147       4.09368      
358     4.08291       4.10043      
359     1.72431       4.10161      
360     1.70582       4.10639      
361     3.72654       4.11261      
362     4.85384       4.12764      
363     3.8335        4.138        
364     175.564       4.1412       
365     3.73329       4.144        
366     5.39577       4.15191      
367     6.87286       4.1686       
368     6.69947       4.18327      
369     1.76599       4.19645      
370     16.1605       4.22171      
371     27.7202       4.22225      
372     41.0898       4.23231      
373     0.60941       4.23913      
374     32.6589       4.24026      
375     50.7152       4.25797      
376     1.72531       4.27357      
377     2.36972       4.29157      
378     2.73272       4.29746      
379     12.3474       4.30111      
380     1.58571       4.31668      
381     6.13372       4.31772      
382     25.5184       4.31928      
383     1.08293       4.32004      
384     16.3896       4.3368       
385     12.4253       4.33994      
386     3.4178        4.34864      
387     5.49602       4.37076      
388     64.4732       4.3735       
389     29.1367       4.37534      
390     4.34165       4.42189      
391     20.3074       4.42396      
392     1.95142       4.42724      
393     2.30259       4.43081      
394     20.9329       4.5362       
395     25.0407       4.53684      
396     3.9085        4.57051      
397     22.3861       4.57583      
398     4.18113       4.58239      
399     9.80718       4.62007      
400     24.4068       4.65019      
401     14.6316       4.65962      
402     2.2425        4.67851      
403     22.567        4.67897      
404     5.87266       4.69057      
405     4.98058       4.70314      
406     8.43968       4.7183       
407     9.09421       4.75056      
408     2.89463       4.76907      
409     12.4036       4.77441      
410     77.8732       4.78672      
411     18.9449       4.7917       
412     11.0876       4.79634      
413     5.29691       4.7966       
414     6.19297       4.7978       
415     7.97138       4.80091      
416     4.13599       4.80782      
417     0.570541      4.82225      
418     17.5794       4.82436      
419     10.9976       4.8275       
420     10.2452       4.84581      
421     28.8541       4.88282      
422     14.8695       4.8896       
423     3.08925       4.91163      
424     30.5818       4.91712      
425     12.2149       4.92687      
426     2.67865       4.96512      
427     24.0527       4.98396      
428     40.3477       4.98526      
429     4.08098       5.00762      
430     0.354962      5.00774      
431     17.1321       5.02836      
432     3.57662       5.03014      
433     7.67352       5.03942      
434     0.463078      5.03976      
435     1.54328       5.04667      
436     0.511171      5.04679      
437     4.12593       5.04893      
438     7.16607       5.05956      
439     8.26074       5.0604       
440     6.99835       5.10165      
441     20.5241       5.10466      
442     0.430107      5.10544      
443     11.313        5.13274      
444     10.9787       5.19319      
445     0.590938      5.19786      
446     9.99144       5.19933      
447     1.45347       5.20098      
448     5.31884       5.20241      
449     1.75357       5.20364      
450     16.1042       5.20471      
451     2.42054       5.21933      
452     2.43319       5.21949      
453     10.446        5.26225      
454     13.4913       5.2631       
455     3.23086       5.272        
456     26.8896       5.27341      
457     17.3097       5.30193      
458     3.87837       5.3027       
459     14.5746       5.32279      
460     13.3469       5.32757      
461     1.87912       5.33607      
462     1.90242       5.33624      
463     9.5579        5.38806      
464     5.95814       5.40082      
465     5.9911        5.41803      
466     6.90776       5.41931      
467     16.1648       5.4334       
468     6.65674       5.4478       
469     3.49967       5.45029      
470     0.654881      5.45075      
471     2.64664       5.4638       
472     2.02867       5.47192      
473     1.62387       5.47566      
474     15.4588       5.48128      
475     10.8663       5.4833       
476     27.351        5.49386      
477     0.973837      5.4967       
478     26.1758       5.50306      
479     13.5366       5.5112       
480     28.1744       5.51556      
481     4.38273       5.52732      
482     1.22047       5.55173      
483     27.1775       5.558        
484     29.591        5.56542      
485     21.0596       5.56874      
486     48.5854       5.57459      
487     0.896318      5.57755      
488     22.0685       5.5892       
489     11.0203       5.59928      
490     1.16879       5.62066      
491     0.813898      5.62189      
492     0.349682      5.6228       
493     7.22189       5.62298      
494     0.827409      5.62403      
495     3.23055       5.62764      
496     9.03694       5.64374      
497     12.7428       5.65058      
498     10.4017       5.66953      
499     3.59346       5.67         
500     3.6011        5.67067      
501     13.5582       5.68514      
502     5.42767       5.7046       
503     4.30755       5.70514      
504     7.66736       5.75554      
505     26.3392       5.76815      
506     13.8379       5.77582      
507     4.7702        5.79165      
508     5.68521       5.80207      
509     3.0098        5.80258      
510     3.05579       5.81156      
511     6.36877       5.81646      
512     2.46193       5.81932      
513     1.58149       5.82364      
514     10.4684       5.82446      
515     1.65618       5.82606      
516     25.5452       5.8443       
517     6.16839       5.87316      
518     18.6718       5.87658      
519     73.3207       5.87954      
520     0.462443      5.8841       
521     0.637283      5.88649      
522     0.738664      5.88813      
523     0.817693      5.88947      
524     0.916026      5.89107      
525     1.04619       5.89279      
526     2.59858       5.94403      
527     2.59097       5.94419      
528     1.0144        5.95273      
529     5.6556        5.95365      
530     0.669826      5.95405      
531     2.50267       5.96201      
532     2.50939       5.96213      
533     2.06189       5.9854       
534     6.64037       5.9859       
535     25.6012       5.99915      
536     9.70813       6.00482      
537     1.98404       6.02213      
538     8.98271       6.02291      
539     0.560639      6.02359      
540     15.1259       6.03759      
541     8.45162       6.039        
542     5.09025       6.04229      
543     3.78912       6.05098      
544     3.00062       6.05194      
545     8.12264       6.07119      
546     14.1993       6.07189      
547     4.65193       6.08723      
548     5.92893       6.08754      
549     8.36391       6.08849      
550     2.12156       6.09752      
551     13.7104       6.09756      
552     2.57686       6.10054      
553     0.440945      6.14704      
554     8.40034       6.14709      
555     3.17117       6.14957      
556     5.02025       6.15919      
557     7.63033       6.16476      
558     0.425346      6.16685      
559     0.240298      6.16747      
560     9.53048       6.16774      
561     3.82845       6.16896      
562     3.84908       6.16903      
563     3.04414       6.19468      
564     4.61154       6.19513      
565     12.4414       6.20842      
566     0.450047      6.20843      
567     3.56617       6.21149      
568     5.94364       6.22988      
569     16.431        6.23464      
570     1.23724       6.25376      
571     1.16845       6.25396      
572     0.208919      6.25474      
573     8.07282       6.25479      
574     3.13755       6.25939      
575     4.27082       6.26537      
576     2.90991       6.26562      
577     5.60098       6.28292      
