22           21          
22           17          
319          291         
319          318         
319          369         
319          295         
319          317         
319          332         
319          293         
319          320         
319          321         
319          360         
319          266         
319          337         
26           4           
26           5           
26           28          
26           29          
26           25          
165          164         
165          166         
99           108         
99           109         
99           98          
99           97          
99           117         
99           107         
99           114         
99           94          
99           110         
99           96          
99           183         
335          233         
335          312         
335          188         
335          346         
335          317         
335          333         
335          353         
335          337         
335          183         
335          325         
335          336         
147          150         
147          337         
147          130         
147          146         
147          54          
30           29          
14           13          
156          189         
156          157         
156          154         
156          151         
156          158         
156          190         
156          129         
156          162         
156          155         
156          188         
156          159         
156          149         
156          179         
156          161         
156          164         
156          191         
156          150         
156          153         
156          163         
156          259         
156          160         
156          146         
61           43          
61           62          
61           54          
154          155         
154          157         
154          186         
154          104         
349          339         
349          351         
349          369         
349          346         
349          357         
349          344         
349          356         
349          350         
349          336         
349          337         
349          348         
374          188         
374          369         
63           62          
49           67          
49           51          
49           50          
49           62          
305          304         
42           56          
42           43          
42           55          
42           40          
42           41          
285          284         
207          219         
207          191         
207          197         
207          212         
207          208         
207          218         
207          198         
207          209         
207          202         
207          199         
207          216         
207          186         
207          200         
207          204         
363          369         
199          205         
199          241         
199          301         
199          197         
199          308         
199          208         
199          203         
199          198         
199          209         
199          211         
199          202         
199          191         
199          183         
199          186         
199          200         
199          204         
314          323         
314          318         
314          188         
314          317         
314          327         
314          312         
314          259         
314          328         
314          337         
314          315         
314          325         
314          313         
337          339         
337          369         
337          295         
337          376         
337          333         
337          348         
337          378         
337          325         
337          312         
337          326         
337          188         
337          346         
337          343         
337          377         
337          344         
337          327         
337          316         
337          342         
337          360         
337          328         
337          336         
337          359         
337          338         
337          331         
337          340         
337          282         
337          324         
337          353         
337          330         
337          310         
337          323         
337          318         
337          311         
337          317         
337          332         
337          304         
337          370         
337          341         
337          266         
337          315         
4            5           
4            3           
226          222         
226          219         
226          191         
226          188         
226          221         
226          171         
226          251         
226          218         
226          225         
226          177         
226          224         
226          241         
226          183         
226          261         
378          377         
378          369         
378          376         
129          152         
129          78          
129          86          
129          157         
129          130         
129          151         
129          101         
129          54          
129          162         
129          149         
129          123         
129          94          
129          183         
129          161         
129          127         
129          126         
129          140         
129          143         
129          137         
129          85          
129          84          
129          70          
129          150         
129          128         
129          114         
129          146         
265          266         
265          264         
265          276         
265          271         
232          219         
232          191         
232          234         
232          187         
232          221         
232          233         
232          235         
232          218         
232          230         
232          203         
232          222         
232          241         
232          183         
108          109         
108          112         
108          103         
108          96          
108          95          
108          97          
108          93          
108          106         
108          104         
108          107         
108          114         
108          113         
108          110         
108          84          
108          105         
112          109         
112          171         
112          113         
112          95          
112          96          
112          107         
112          114         
112          101         
112          110         
112          100         
230          231         
230          241         
230          188         
230          234         
230          221         
230          233         
230          235         
230          218         
230          219         
230          223         
230          243         
230          222         
230          183         
230          238         
230          244         
312          359         
312          318         
312          266         
312          162         
312          343         
312          311         
312          317         
312          327         
312          328         
312          316         
312          324         
312          342         
312          325         
312          310         
312          315         
312          353         
312          188         
241          229         
241          277         
241          234         
241          236         
241          212         
241          189         
241          217         
241          218         
241          209         
241          203         
241          239         
241          222         
241          190         
241          193         
241          244         
241          216         
241          188         
241          251         
241          208         
241          235         
241          213         
241          252         
241          281         
241          240         
241          210         
241          225         
241          211         
241          264         
241          176         
241          328         
241          183         
241          246         
241          186         
241          237         
241          219         
241          184         
241          292         
241          187         
241          243         
241          278         
241          248         
241          242         
241          233         
241          194         
241          293         
241          266         
241          223         
241          253         
241          201         
241          245         
241          238         
241          284         
241          231         
241          202         
241          191         
241          205         
241          254         
241          221         
241          185         
241          249         
241          227         
241          262         
241          247         
241          256         
241          170         
241          250         
241          224         
241          276         
241          283         
241          146         
241          215         
188          222         
188          235         
188          277         
188          236         
188          212         
188          157         
188          217         
188          327         
188          168         
188          209         
188          258         
188          151         
188          172         
188          177         
188          190         
188          193         
188          244         
188          264         
188          266         
188          167         
188          171         
188          159         
188          213         
188          252         
188          192         
188          210         
188          225         
188          211         
188          176         
188          179         
188          328         
188          183         
188          161         
188          186         
188          189         
188          178         
188          175         
188          219         
188          184         
188          158         
188          187         
188          278         
188          194         
188          293         
188          255         
188          182         
188          162         
188          223         
188          173         
188          310         
188          181         
188          233         
188          318         
188          191         
188          234         
188          221         
188          185         
188          153         
188          174         
188          227         
188          262         
188          256         
188          170         
188          259         
188          224         
188          283         
188          146         
188          169         
361          362         
361          369         
346          359         
346          369         
346          323         
346          377         
346          317         
346          353         
346          328         
346          347         
346          336         
171          109         
171          103         
171          113         
171          157         
171          168         
171          139         
171          130         
171          172         
171          101         
171          177         
171          162         
171          251         
171          87          
171          159         
171          213         
171          106         
171          167         
171          176         
171          183         
171          186         
171          105         
171          178         
171          175         
171          184         
171          104         
171          120         
171          195         
171          173         
171          198         
171          174         
171          153         
171          170         
171          169         
343          327         
343          344         
343          336         
343          325         
208          229         
208          218         
208          191         
208          212         
208          209         
208          202         
208          216         
208          200         
208          204         
306          308         
213          219         
213          191         
213          212         
213          217         
213          218         
213          209         
213          183         
106          109         
106          98          
106          113         
106          96          
106          104         
106          120         
106          107         
106          114         
106          110         
106          183         
106          105         
281          218         
281          278         
281          276         
281          293         
281          264         
281          266         
281          271         
281          283         
344          369         
344          345         
344          336         
210          219         
210          221         
210          218         
210          233         
210          209         
210          223         
210          222         
210          266         
210          191         
210          183         
210          186         
316          318         
316          317         
316          315         
316          325         
145          144         
145          170         
145          133         
145          141         
145          183         
145          138         
342          369         
62           67          
62           51          
62           85          
62           114         
62           70          
62           50          
62           64          
367          369         
263          186         
263          264         
186          212         
186          157         
186          168         
186          209         
186          151         
186          172         
186          177         
186          159         
186          182         
186          192         
186          176         
186          179         
186          178         
186          218         
186          184         
186          187         
186          278         
186          76          
186          195         
186          173         
186          201         
186          183         
186          310         
186          269         
186          191         
186          205         
186          174         
186          153         
186          262         
186          256         
186          200         
186          169         
105          109         
105          103         
105          96          
105          117         
105          104         
105          76          
105          107         
105          114         
105          113         
105          110         
105          183         
105          84          
105          170         
126          123         
126          125         
126          127         
126          122         
237          239         
237          244         
237          243         
175          184         
175          174         
175          159         
175          168         
175          167         
175          173         
175          179         
175          183         
175          169         
359          369         
359          377         
359          327         
359          353         
359          360         
359          325         
273          280         
273          269         
273          272         
273          274         
273          293         
273          266         
273          276         
273          268         
273          271         
301          179         
301          369         
301          379         
301          189         
301          303         
301          300         
301          255         
301          308         
301          151         
301          333         
301          302         
301          296         
9            13          
9            8           
272          266         
272          274         
272          276         
272          271         
137          152         
137          260         
137          140         
137          131         
137          148         
137          136         
137          139         
137          146         
137          141         
137          138         
206          205         
248          249         
248          247         
248          250         
117          109         
117          118         
117          183         
117          113         
117          95          
117          97          
117          89          
117          72          
117          90          
117          116         
117          114         
117          132         
117          88          
117          119         
117          138         
93           113         
93           96          
93           114         
93           94          
93           84          
93           54          
282          266         
282          293         
282          283         
293          291         
293          295         
293          276         
293          360         
293          289         
293          222         
293          271         
293          290         
293          235         
293          283         
293          292         
293          278         
293          194         
293          286         
293          294         
293          256         
293          266         
293          277         
10           13          
10           17          
10           8           
23           25          
372          369         
85           78          
85           114         
85           94          
85           84          
85           54          
353          369         
353          377         
353          317         
353          375         
353          336         
353          354         
353          352         
353          315         
353          325         
132          138         
132          131         
132          133         
132          114         
253          233         
253          191         
253          254         
253          235         
253          218         
253          252         
253          243         
253          222         
253          239         
253          238         
253          244         
70           88          
70           113         
70           53          
70           96          
70           104         
70           50          
70           74          
70           114         
70           110         
70           84          
70           54          
134          136         
134          130         
134          159         
134          135         
134          133         
83           84          
310          324         
310          336         
310          173         
57           59          
57           56          
57           74          
57           58          
57           84          
57           55          
57           54          
323          333         
323          317         
323          327         
323          324         
323          336         
323          322         
323          315         
323          325         
231          223         
231          369         
318          369         
318          317         
318          332         
318          266         
318          327         
318          315         
318          325         
191          222         
191          229         
191          197         
191          212         
191          217         
191          218         
191          182         
191          209         
191          151         
191          172         
191          177         
191          190         
191          193         
191          244         
191          216         
191          167         
191          235         
191          252         
191          192         
191          211         
191          176         
191          179         
191          183         
191          161         
191          189         
191          219         
191          184         
191          202         
191          187         
191          278         
191          164         
191          194         
191          266         
191          162         
191          223         
191          173         
191          236         
191          198         
191          204         
191          181         
191          233         
191          201         
191          205         
191          234         
191          221         
191          185         
191          250         
191          153         
191          203         
191          146         
191          195         
191          256         
191          170         
191          259         
191          224         
191          277         
191          200         
191          169         
91           90          
91           74          
91           84          
91           78          
221          217         
221          218         
221          209         
221          222         
221          235         
221          225         
221          211         
221          183         
221          219         
221          184         
221          187         
221          223         
221          173         
221          233         
221          227         
221          228         
221          170         
221          224         
185          181         
185          219         
185          184         
185          187         
185          211         
185          172         
185          173         
185          176         
185          222         
185          183         
67           68          
67           65          
67           69          
67           66          
67           80          
67           51          
67           146         
80           81          
53           44          
53           45          
53           78          
53           56          
53           77          
53           39          
53           40          
53           46          
53           130         
53           74          
53           58          
53           52          
53           55          
53           84          
53           54          
317          333         
317          327         
317          324         
317          259         
317          329         
317          315         
317          325         
317          336         
131          140         
131          153         
131          133         
131          138         
131          146         
332          333         
332          369         
220          224         
220          218         
220          219         
375          308         
375          377         
375          369         
375          376         
69           68          
43           78          
43           40          
43           41          
43           58          
43           89          
43           54          
163          167         
163          161         
163          164         
163          179         
114          109         
114          102         
114          98          
114          111         
114          103         
114          96          
114          95          
114          92          
114          120         
114          130         
114          45          
114          116         
114          54          
114          162         
114          113         
114          87          
114          107         
114          94          
114          110         
114          183         
114          104         
114          76          
114          55          
114          97          
114          89          
114          74          
114          115         
114          119         
114          146         
259          260         
259          255         
259          184         
259          257         
259          268         
259          192         
259          266         
259          258         
259          151         
259          256         
259          179         
259          315         
259          189         
259          264         
141          152         
141          140         
141          135         
141          168         
141          139         
141          170         
141          133         
141          158         
141          138         
119          89          
119          54          
261          266         
261          262         
261          276         
261          271         
315          369         
315          311         
315          327         
315          328         
315          324         
315          325         
315          336         
355          356         
169          152         
169          218         
169          162         
169          187         
169          174         
169          257         
169          159         
169          168         
169          167         
169          130         
169          173         
169          183         
169          170         
109          98          
109          111         
109          102         
109          96          
109          104         
109          120         
109          76          
109          107         
109          116         
109          113         
109          110         
109          183         
229          219         
229          242         
229          218         
229          170         
229          222         
339          334         
339          369         
339          336         
111          110         
111          76          
59           78          
59           113         
59           95          
59           58          
59           84          
59           54          
29           35          
29           28          
29           31          
197          200         
197          209         
197          202         
197          198         
197          170         
379          0           
379          369         
379          336         
214          212         
214          216         
214          215         
214          209         
212          217         
212          218         
212          209         
212          222         
212          244         
212          216         
212          211         
212          202         
212          183         
212          219         
212          195         
212          223         
212          233         
212          201         
212          205         
212          250         
212          266         
212          200         
212          215         
13           19          
13           20          
13           11          
13           8           
13           15          
13           12          
13           17          
13           16          
13           21          
13           0           
13           18          
295          278         
295          290         
295          324         
295          266         
295          271         
217          219         
217          235         
217          218         
217          233         
217          209         
217          223         
217          222         
217          266         
217          183         
217          216         
368          369         
41           78          
41           40          
41           54          
334          233         
334          333         
334          336         
72           110         
72           84          
72           71          
72           54          
209          218         
209          222         
209          216         
209          162         
209          211         
209          202         
209          183         
209          219         
209          184         
209          195         
209          223         
209          198         
209          204         
209          201         
209          205         
209          203         
209          146         
209          200         
130          152         
130          45          
130          96          
130          157         
130          46          
130          77          
130          151         
130          133         
130          158         
130          82          
130          54          
130          159         
130          94          
130          183         
130          184         
130          104         
130          76          
130          79          
130          84          
130          78          
130          75          
130          153         
130          97          
130          87          
130          74          
130          170         
130          160         
130          146         
151          162         
151          143         
151          150         
151          164         
151          149         
151          198         
151          136         
151          146         
151          179         
151          161         
116          183         
121          39          
121          122         
358          357         
358          369         
34           33          
34           36          
34           35          
34           31          
309          308         
177          170         
177          174         
177          173         
177          176         
177          183         
177          178         
52           84          
52           71          
52           54          
0            5           
0            201         
0            369         
0            360         
0            376         
0            2           
0            377         
373          369         
24           25          
54           98          
54           45          
54           86          
54           96          
54           95          
54           40          
54           74          
54           101         
54           82          
54           73          
54           87          
54           56          
54           78          
54           48          
54           94          
54           89          
54           60          
54           39          
54           104         
54           76          
54           47          
54           79          
54           84          
54           55          
54           46          
54           75          
54           97          
54           77          
54           44          
54           58          
260          140         
260          211         
260          179         
260          266         
260          198         
321          369         
155          164         
155          157         
155          161         
284          201         
1            2           
1            8           
251          219         
251          250         
251          235         
251          218         
251          90          
251          222         
251          244         
87           74          
87           110         
87           84          
56           162         
56           58          
56           84          
56           55          
290          291         
290          289         
290          288         
159          157         
159          168         
159          158         
159          162         
159          166         
159          167         
159          179         
159          183         
159          161         
159          184         
159          173         
159          153         
159          170         
159          160         
33           35          
33           36          
33           31          
182          184         
182          173         
182          183         
48           47          
268          174         
268          276         
268          266         
268          264         
268          271         
192          173         
192          266         
308          307         
225          219         
225          218         
225          233         
225          223         
225          224         
225          222         
225          183         
211          222         
211          219         
211          233         
211          223         
211          202         
211          183         
211          250         
211          205         
71           110         
71           74          
71           97          
176          174         
176          172         
176          173         
176          183         
94           98          
94           45          
94           96          
94           95          
94           58          
94           97          
94           74          
94           92          
94           79          
94           84          
110          102         
110          103         
110          113         
110          95          
110          101         
110          88          
110          104         
110          76          
110          96          
110          107         
142          143         
183          222         
183          98          
183          103         
183          95          
183          157         
183          218         
183          168         
183          252         
183          162         
183          167         
183          193         
183          161         
183          170         
183          219         
183          184         
183          187         
183          104         
183          120         
183          76          
183          173         
183          92          
183          201         
183          198         
183          233         
183          234         
183          172         
183          250         
183          203         
183          146         
183          115         
183          138         
183          139         
183          200         
161          184         
161          150         
161          162         
161          166         
161          136         
161          167         
161          196         
161          164         
161          146         
161          179         
161          157         
161          153         
127          123         
127          128         
89           88          
89           84          
37           35          
37           36          
178          184         
178          174         
178          120         
178          172         
178          173         
219          236         
219          239         
219          222         
219          244         
219          193         
219          216         
219          235         
219          252         
219          218         
219          184         
219          187         
219          194         
219          266         
219          223         
219          201         
219          233         
219          234         
219          250         
219          227         
219          228         
219          256         
219          243         
219          224         
219          146         
219          215         
184          189         
184          168         
184          193         
184          162         
184          167         
184          179         
184          195         
184          173         
184          174         
184          227         
184          304         
184          170         
184          146         
292          266         
292          233         
292          336         
331          330         
331          327         
331          369         
8            20          
8            17          
8            12          
8            7           
60           84          
242          218         
242          235         
242          240         
242          255         
242          243         
242          239         
242          238         
242          244         
39           45          
39           36          
39           74          
39           79          
39           84          
51           50          
136          140         
136          135         
136          144         
136          139         
136          146         
136          138         
76           78          
76           35          
76           75          
76           96          
76           77          
76           74          
76           79          
76           84          
350          369         
324          369         
324          327         
324          336         
324          341         
324          325         
173          168         
173          172         
173          264         
173          162         
173          167         
173          218         
173          187         
173          255         
173          181         
173          153         
173          174         
173          228         
173          256         
173          170         
25           28          
25           27          
79           78          
79           77          
79           74          
79           84          
79           55          
84           45          
84           78          
84           86          
84           96          
84           74          
84           101         
84           82          
84           113         
84           90          
84           104         
84           47          
84           55          
84           46          
84           75          
84           97          
84           77          
84           107         
84           58          
84           100         
330          311         
330          276         
330          327         
330          325         
35           38          
35           36          
35           31          
50           88          
204          218         
204          205         
204          203         
204          198         
204          202         
204          200         
371          369         
38           152         
38           36          
38           278         
38           271         
233          218         
233          239         
233          222         
233          193         
233          235         
233          223         
233          250         
233          203         
233          224         
233          215         
269          278         
269          266         
269          264         
269          271         
201          203         
201          202         
201          222         
201          200         
201          205         
205          218         
205          203         
205          198         
205          146         
205          202         
205          216         
205          200         
174          157         
174          167         
174          172         
150          152         
150          148         
150          143         
150          149         
150          146         
150          138         
249          250         
153          152         
153          162         
153          168         
153          170         
286          266         
286          283         
286          289         
97           98          
97           45          
97           113         
97           96          
97           95          
97           107         
97           74          
124          123         
227          228         
227          224         
227          222         
128          123         
228          218         
256          187         
256          255         
256          179         
256          266         
256          264         
256          271         
170          157         
170          168         
170          120         
170          172         
170          193         
170          162         
170          167         
170          252         
170          218         
170          187         
170          198         
170          181         
170          200         
58           78          
224          235         
224          218         
224          223         
224          222         
224          215         
200          218         
200          195         
200          202         
200          198         
215          266         
215          195         
215          222         
215          244         
215          216         
100          101         
280          279         
280          276         
280          271         
98           103         
98           96          
98           95          
98           74          
45           44          
45           46          
45           74          
88           95          
369          333         
369          348         
369          325         
369          364         
369          377         
369          327         
369          360         
369          336         
369          357         
369          356         
369          365         
369          376         
369          351         
369          366         
369          345         
369          304         
369          370         
369          341         
369          31          
78           86          
78           40          
78           46          
78           77          
78           74          
78           101         
78           82          
78           104         
78           75          
78           96          
86           104         
257          152         
257          255         
95           162         
95           113         
95           107         
95           144         
95           74          
95           96          
28           31          
28           27          
327          326         
327          311         
327          328         
327          336         
327          329         
327          325         
376          377         
46           74          
139          140         
139          144         
139          146         
139          138         
77           75          
77           96          
77           104         
77           74          
77           90          
74           96          
74           73          
74           104         
74           75          
172          120         
289          287         
289          266         
289          288         
133          138         
101          104         
101          140         
101          82          
239          235         
239          234         
239          218         
239          240         
239          266         
239          223         
239          243         
239          222         
239          238         
239          244         
190          187         
190          164         
190          255         
190          179         
190          189         
216          223         
216          222         
216          266         
216          244         
193          146         
193          252         
193          138         
288          287         
271          276         
271          267         
271          264         
271          274         
271          283         
271          278         
271          270         
271          279         
271          275         
271          262         
271          266         
271          277         
274          266         
274          276         
20           19          
20           17          
162          113         
162          157         
162          168         
162          167         
162          140         
162          198         
162          146         
311          325         
16           17          
235          236         
235          218         
235          222         
235          244         
235          240         
235          238         
235          245         
235          266         
235          223         
235          234         
235          250         
235          203         
235          243         
149          152         
149          140         
149          143         
149          164         
149          157         
149          148         
149          146         
149          138         
32           31          
166          164         
166          179         
240          218         
240          223         
240          243         
240          238         
240          244         
167          168         
167          157         
252          218         
252          266         
252          222         
252          264         
336          325         
336          328         
336          357         
336          365         
202          203         
202          198         
179          258         
179          180         
179          158         
179          189         
179          187         
179          164         
179          255         
179          195         
328          266         
328          329         
328          325         
196          198         
238          236         
238          234         
238          218         
238          243         
238          244         
238          245         
245          243         
245          244         
122          123         
122          125         
283          218         
283          276         
283          264         
283          266         
283          222         
298          297         
298          296         
298          299         
140          152         
140          143         
140          157         
140          146         
140          138         
218          236         
218          222         
218          244         
218          264         
218          187         
218          243         
218          278         
218          266         
218          223         
218          234         
218          250         
218          247         
218          203         
5            6           
187          189         
187          222         
187          278         
187          194         
187          234         
187          146         
143          152         
143          146         
143          138         
278          277         
278          276         
278          266         
278          279         
164          146         
164          189         
12           17          
104          103         
104          113         
104          120         
104          96          
104          107         
194          266         
144          113         
144          138         
144          198         
255          189         
255          258         
255          266         
255          264         
223          222         
329          304         
279          276         
279          266         
198          203         
148          152         
234          222         
250          222         
250          247         
275          276         
96           113         
96           103         
96           107         
17           19          
17           6           
17           18          
262          266         
107          113         
243          236         
243          222         
243          244         
266          267         
266          222         
266          264         
266          277         
266          276         
138          152         
138          146         
277          276         
277          360         
277          264         
31           36          
152          157         
102          103         
236          244         
103          120         
189          258         
157          120         
157          158         
276          267         
267          264         
222          244         
325          326         
