0       11.0124       0.028505     
1       98.7363       0.0390355    
2       12.0288       0.0460814    
3       11.0518       0.0663396    
4       50.2333       0.0984229    
5       13.4547       0.126868     
6       13.6544       0.171243     
7       2.9438        0.178458     
8       20.1327       0.180247     
9       8.61124       0.24834      
10      13.986        0.254321     
11      37.064        0.256239     
12      45.7614       0.257423     
13      12.2167       0.325277     
14      14.2727       0.327055     
15      2.32146       0.369991     
16      29.61         0.378515     
17      6.56409       0.381702     
18      27.2203       0.454036     
19      0.62542       0.454779     
20      5.46043       0.471036     
21      5.70402       0.491534     
22      6.86875       0.512273     
23      1.78858       0.522731     
24      23.0758       0.53483      
25      20.5383       0.551631     
26      24.7276       0.55782      
27      17.5503       0.560634     
28      31.2197       0.582079     
29      24.3942       0.594629     
30      4.33791       0.602296     
31      5.66052       0.619754     
32      5.32179       0.63461      
33      15.655        0.666356     
34      16.7104       0.724987     
35      16.8451       0.804658     
36      14.0241       0.845589     
37      11.7868       0.848767     
38      11.7843       0.848999     
39      24.1088       0.884587     
40      12.9303       0.887344     
41      28.088        0.892427     
42      36.4535       0.899826     
43      18.2694       0.932402     
44      5.05332       0.939833     
45      11.4063       0.974355     
46      8.63577       0.994026     
47      3.12629       0.996189     
48      5.43065       1.01123      
49      0.375144      1.01123      
50      7.0727        1.02618      
51      8.10836       1.03022      
52      15.9553       1.0344       
53      9.99856       1.03488      
54      8.82548       1.08374      
55      6.20559       1.0858       
56      8.79945       1.09997      
57      8.0813        1.1079       
58      10.7435       1.12732      
59      2.68618       1.14229      
60      0.673186      1.14562      
61      8.71548       1.14832      
62      7.92124       1.14895      
63      3.36627       1.15371      
64      5.19135       1.16007      
65      52.8661       1.23427      
66      13.4267       1.23753      
67      42.6026       1.29535      
68      11.938        1.41731      
69      10.7958       1.41858      
70      10.9836       1.4449       
71      0.656575      1.45888      
72      11.81         1.46007      
73      0.841905      1.46244      
74      2.71076       1.46583      
75      13.4639       1.5254       
76      14.5378       1.52658      
77      22.1572       1.52998      
78      8.61737       1.58704      
79      0.853803      1.63234      
80      22.7897       1.64114      
81      16.7064       1.64539      
82      17.6415       1.64561      
83      2.01127       1.66434      
84      1.34237       1.6649       
85      4.93098       1.68603      
86      2.04121       1.69991      
87      52.691        1.71145      
88      14.9562       1.72869      
89      20.4223       1.7328       
90      19.7901       1.76192      
91      16.4982       1.76215      
92      15.3649       1.7626       
93      3.68323       1.77845      
94      1.81909       1.79192      
95      2.007         1.79404      
96      1.43783       1.79445      
97      18.304        1.82584      
98      27.0891       1.83017      
99      13.3785       1.84145      
100     4.20707       1.86756      
101     18.8409       1.86866      
102     10.8696       1.91015      
103     18.8106       1.98803      
104     22.7432       1.98856      
105     26.6395       2.03151      
106     9.85759       2.03802      
107     5.9914        2.08125      
108     7.98012       2.08413      
109     6.99363       2.08833      
110     19.4436       2.11179      
111     11.636        2.12407      
112     3.43487       2.14932      
113     5.40947       2.15098      
114     3.11747       2.15135      
115     3.80133       2.15188      
116     1.51992       2.15465      
117     3.87505       2.16065      
118     8.15234       2.17434      
119     4.71307       2.19143      
120     3.8093        2.19426      
121     15.2787       2.20422      
122     5.82714       2.21171      
123     5.90964       2.22352      
124     19.0326       2.27285      
125     15.9319       2.27471      
126     12.6544       2.28019      
127     19.1179       2.29099      
128     37.9668       2.30621      
129     16.6835       2.30845      
130     15.2408       2.32018      
131     6.96263       2.32156      
132     3.36547       2.33128      
133     15.2696       2.36394      
134     9.50369       2.37385      
135     48.591        2.39083      
136     4.83346       2.40315      
137     1.15883       2.40324      
138     4.71362       2.42529      
139     10.4469       2.43419      
140     2.52781       2.46268      
141     2.52747       2.46272      
142     4.31044       2.46335      
143     9.69679       2.47308      
144     15.4158       2.48588      
145     12.6673       2.49154      
146     9.52149       2.49502      
147     15.508        2.55255      
148     8.48966       2.57763      
149     10.189        2.58169      
150     7.02679       2.68661      
151     0.607788      2.69405      
152     7.41216       2.69432      
153     7.40156       2.69464      
154     5.29377       2.70375      
155     6.34449       2.70825      
156     1.71209       2.71287      
157     5.20607       2.71292      
158     3.05875       2.74434      
159     2.97355       2.74444      
160     4.93996       2.76091      
161     4.74551       2.76278      
162     2.21636       2.77127      
163     1.84691       2.77707      
164     2.76477       2.77786      
165     8.81241       2.77862      
166     2.11807       2.78365      
167     2.14682       2.78812      
168     10.8183       2.78829      
169     12.3374       2.79212      
170     2.86224       2.79385      
171     0.946875      2.79688      
172     2.68586       2.86951      
173     3.45366       2.8708       
174     0.661089      2.87143      
175     0.779833      2.88386      
176     15.3253       2.88481      
177     0.847385      2.88603      
178     2.50573       2.91642      
179     7.52834       2.91964      
180     2.99202       2.92347      
181     5.21647       2.9248       
182     2.8293        2.93178      
183     0.919134      2.94362      
184     5.13068       2.94491      
185     1.90435       2.94649      
186     1.92971       2.95057      
187     6.87709       2.95336      
188     2.00346       2.9549       
189     2.19626       2.96206      
190     6.36236       2.96389      
191     6.38631       2.98082      
192     0.843584      2.98208      
193     16.0882       2.99672      
194     5.66139       3.04641      
195     16.7862       3.05377      
196     3.02241       3.06449      
197     6.87597       3.06493      
198     5.96794       3.09072      
199     12.4215       3.10328      
200     4.96287       3.10761      
201     1.95374       3.10779      
202     28.5017       3.12565      
203     4.74513       3.14464      
204     11.9799       3.1871       
205     1.04268       3.20599      
206     0.939137      3.20867      
207     0.845371      3.21145      
208     0.652156      3.21492      
209     2.95585       3.21883      
210     63.7164       3.21967      
211     0.493253      3.22126      
212     0.739195      3.22354      
213     0.693098      3.22601      
214     3.35084       3.23021      
215     0.101683      3.23649      
216     1.29074       3.23651      
217     1.70944       3.24888      
218     1.70354       3.2492       
219     2.00916       3.26692      
220     1.72456       3.27         
221     11.6062       3.27134      
222     2.03939       3.27441      
223     8.92934       3.2919       
224     4.09236       3.29239      
225     1.49788       3.32884      
226     0.942717      3.33119      
227     0.93985       3.33135      
228     3.87015       3.33161      
229     3.78294       3.37837      
230     23.515        3.38102      
231     0.919023      3.38455      
232     5.9925        3.41118      
233     4.57715       3.41295      
234     10.641        3.46939      
235     7.84249       3.50118      
236     7.80488       3.50144      
237     30.9311       3.51315      
238     8.13189       3.52919      
239     0.900039      3.55697      
240     7.0219        3.5585       
241     0.355959      3.55857      
242     0.670616      3.55967      
243     0.926286      3.56048      
244     24.2866       3.6001       
245     16.4372       3.60828      
246     2.68723       3.6456       
247     2.7139        3.64624      
248     2.83271       3.68072      
249     0.819595      3.68103      
250     0.927034      3.73003      
251     2.44426       3.73023      
252     7.37189       3.73244      
253     14.082        3.74923      
254     0.436418      3.75509      
255     13.8408       3.75846      
256     18.7135       3.76172      
257     49.3846       3.77785      
258     17.985        3.78315      
259     2.54588       3.79761      
260     23.5066       3.80091      
261     22.8485       3.80869      
262     2.90355       3.81295      
263     21.2328       3.81416      
264     1.09643       3.82039      
265     3.58688       3.82889      
266     2.31067       3.84433      
267     10.4046       3.85129      
268     10.913        3.85701      
269     7.56129       3.86927      
270     16.0625       3.8943       
271     9.53168       3.94227      
272     16.8754       3.97665      
273     12.2523       4.0266       
274     15.3822       4.02856      
275     4.9971        4.03044      
276     7.70595       4.0733       
277     19.4528       4.07511      
278     0.613796      4.0781       
279     2.42704       4.08225      
280     6.40892       4.09608      
281     0.895004      4.09732      
282     2.71872       4.12294      
283     0.197131      4.1247       
284     2.28037       4.12473      
285     2.67508       4.12644      
286     7.94413       4.14941      
287     2.13299       4.18631      
288     7.8034        4.18723      
289     5.56443       4.18808      
290     3.63942       4.19304      
291     9.25485       4.19518      
292     8.23257       4.21897      
293     4.5754        4.26254      
294     0.54384       4.27401      
295     31.4864       4.2756       
296     10.621        4.28611      
297     20.8392       4.32587      
298     15.2382       4.33822      
299     17.2913       4.39546      
300     2.60727       4.42555      
301     1.1905        4.43194      
302     18.0331       4.43495      
303     2.26877       4.43904      
304     4.24731       4.44103      
305     26.0987       4.44231      
306     9.43894       4.45298      
307     2.69639       4.45382      
308     5.49072       4.46541      
309     8.63064       4.50548      
310     20.4351       4.5159       
311     8.79349       4.52659      
312     64.5993       4.5296       
313     9.2995        4.54261      
314     6.97478       4.59888      
315     2.28492       4.62604      
316     19.2037       4.62828      
317     12.7589       4.64262      
318     5.45107       4.72261      
319     8.59265       4.72378      
320     0.813515      4.74547      
321     12.6036       4.74751      
322     2.84321       4.74898      
323     6.18128       4.77782      
324     6.17571       4.77809      
325     3.98247       4.8093       
326     5.87056       4.80942      
327     6.53661       4.82908      
328     6.12121       4.86743      
329     6.21872       4.89665      
330     19.0119       4.90182      
331     13.8729       4.93592      
332     37.21         4.96131      
333     34.2569       4.98772      
334     3.8429        5.00017      
335     12.0539       5.03314      
336     13.6823       5.06919      
337     46.2163       5.0706       
338     5.4507        5.08547      
339     65.1871       5.08676      
340     5.36524       5.08699      
341     8.28453       5.08768      
342     9.44123       5.09572      
343     103.15        5.10187      
344     15.4646       5.11212      
345     17.899        5.1176       
346     16.0823       5.12786      
347     6.79039       5.13262      
348     5.33125       5.18099      
349     9.07298       5.22916      
350     49.3834       5.26363      
351     12.1212       5.27428      
352     34.0166       5.27814      
353     3.97185       5.30377      
354     9.32797       5.30921      
355     0.284174      5.30957      
356     15.8022       5.32205      
357     17.3577       5.34726      
358     17.3905       5.37187      
359     4.68997       5.38872      
360     15.3506       5.44721      
361     12.4033       5.46334      
362     59.1134       5.47661      
363     17.8954       5.48747      
364     17.8816       5.54265      
365     31.6343       5.58729      
366     7.46914       5.59257      
367     9.41847       5.59306      
368     8.03346       5.64572      
369     91.2714       5.68239      
370     15.293        5.69143      
371     20.0901       5.70866      
372     15.0065       5.71875      
373     4.945         5.72038      
374     13.5299       5.75091      
375     0.35083       5.75134      
376     3.64175       5.79852      
377     16.133        5.81633      
378     10.1499       5.84722      
379     0.818756      5.92721      
380     15.5238       5.93611      
381     16.5562       5.93743      
382     18.6372       5.94677      
383     15.3009       5.9537       
384     35.9325       5.95833      
385     12.7763       5.9756       
386     8.82709       5.97729      
387     7.38441       6.03858      
388     115.357       6.03916      
389     13.9613       6.04109      
390     15.1321       6.05021      
391     17.2101       6.05074      
392     8.35448       6.10527      
393     10.3885       6.11064      
394     11.8862       6.15192      
395     44.4149       6.15542      
396     37.3447       6.16672      
397     9.87956       6.22168      
398     6.32137       6.27755      
