45           73          
45           36          
45           65          
45           46          
166          154         
166          181         
166          210         
166          167         
166          106         
166          145         
166          141         
253          235         
253          227         
253          269         
253          323         
253          289         
253          234         
253          254         
253          264         
253          268         
253          287         
253          314         
253          250         
253          273         
253          261         
253          258         
253          242         
253          259         
253          246         
253          210         
253          248         
253          256         
253          267         
253          252         
253          249         
253          270         
253          144         
253          243         
378          370         
378          376         
378          379         
378          371         
378          377         
564          562         
564          34          
564          578         
391          393         
1            2           
1            0           
1            578         
1            11          
1            14          
538          537         
538          467         
538          500         
538          539         
538          540         
538          36          
538          464         
538          536         
538          503         
538          522         
410          411         
410          416         
410          461         
410          409         
75           73          
75           154         
75           62          
75           209         
75           113         
75           101         
75           36          
75           65          
137          147         
137          154         
137          65          
137          90          
137          141         
485          2           
485          453         
485          36          
485          34          
485          578         
485          472         
485          522         
485          588         
485          530         
485          504         
485          519         
485          483         
485          534         
485          487         
485          503         
485          484         
485          477         
485          473         
572          553         
572          571         
317          314         
383          380         
383          382         
289          265         
289          285         
289          290         
289          62          
289          65          
289          144         
289          291         
289          323         
289          280         
289          273         
289          261         
289          36          
289          287         
289          154         
289          288         
289          339         
99           154         
99           65          
99           93          
99           101         
99           103         
99           98          
99           95          
99           121         
99           141         
99           100         
292          320         
292          291         
292          288         
292          314         
126          169         
126          119         
126          154         
126          65          
126          114         
126          85          
126          101         
126          167         
126          103         
126          127         
126          121         
126          145         
126          170         
84           85          
84           48          
311          265         
311          235         
311          287         
311          154         
311          314         
311          434         
311          553         
311          591         
311          283         
311          246         
311          393         
311          273         
311          406         
311          46          
311          336         
311          579         
311          330         
399          397         
399          401         
399          400         
15           581         
15           73          
15           580         
15           6           
15           7           
15           17          
15           12          
15           46          
15           70          
15           8           
15           65          
15           18          
15           19          
15           13          
15           21          
15           59          
15           207         
15           62          
15           60          
15           420         
15           553         
15           68          
15           61          
15           0           
15           11          
15           2           
15           27          
15           16          
15           14          
15           579         
86           174         
86           68          
86           154         
86           62          
86           181         
86           101         
86           85          
86           69          
86           578         
86           141         
86           106         
86           570         
86           82          
86           48          
86           65          
417          415         
417          544         
417          418         
417          453         
417          434         
8            509         
8            0           
8            65          
8            14          
381          380         
381          382         
412          446         
412          413         
301          294         
301          291         
301          299         
301          288         
301          273         
301          296         
301          302         
301          300         
301          298         
301          314         
339          265         
339          314         
339          342         
339          62          
339          65          
329          330         
444          446         
415          413         
415          406         
415          414         
415          407         
415          418         
77           73          
77           141         
77           2           
306          307         
306          409         
306          264         
306          314         
314          285         
314          290         
314          302         
314          277         
314          316         
314          269         
314          283         
314          256         
314          322         
314          288         
314          280         
314          309         
314          264         
314          320         
314          274         
314          287         
314          255         
314          250         
314          299         
314          319         
314          273         
314          261         
314          326         
314          239         
314          258         
314          268         
314          297         
314          325         
314          344         
314          279         
314          156         
314          315         
314          265         
314          307         
314          323         
314          294         
314          293         
314          313         
314          291         
314          324         
314          354         
314          296         
314          226         
314          246         
314          286         
314          300         
314          267         
314          327         
314          295         
314          252         
314          357         
314          266         
314          249         
314          321         
314          270         
314          342         
314          318         
314          361         
314          298         
314          345         
314          312         
549          548         
549          552         
549          432         
250          235         
250          248         
408          464         
408          409         
556          46          
556          552         
556          555         
556          554         
556          578         
454          453         
500          499         
500          540         
500          36          
500          496         
500          487         
500          503         
500          522         
69           73          
69           23          
69           34          
69           208         
69           92          
69           82          
69           70          
69           65          
69           28          
69           64          
69           93          
69           79          
69           146         
69           59          
69           154         
69           81          
69           108         
69           83          
69           2           
69           106         
69           58          
69           91          
69           170         
69           169         
69           68          
69           104         
69           142         
69           101         
69           578         
69           90          
69           14          
69           98          
69           145         
69           141         
396          397         
396          470         
272          265         
272          73          
272          287         
272          62          
272          261         
272          283         
272          280         
272          16          
272          273         
272          274         
272          234         
272          207         
272          263         
272          286         
272          285         
272          271         
272          268         
273          285         
273          235         
273          290         
273          227         
273          283         
273          323         
273          322         
273          297         
273          288         
273          281         
273          302         
273          274         
273          287         
273          255         
273          261         
273          280         
273          258         
273          268         
273          325         
273          279         
273          259         
273          265         
273          260         
273          282         
273          62          
273          293         
273          291         
273          210         
273          248         
273          296         
273          324         
273          256         
273          286         
273          257         
273          267         
273          271         
273          295         
273          252         
273          276         
273          266         
273          249         
273          270         
273          243         
273          312         
358          371         
358          357         
111          73          
111          138         
111          34          
111          140         
111          110         
111          196         
111          147         
111          112         
111          65          
111          142         
111          114         
111          113         
111          85          
111          36          
111          214         
111          146         
111          154         
111          62          
111          589         
111          68          
111          145         
111          76          
111          172         
111          101         
111          144         
111          55          
111          163         
111          141         
326          323         
326          327         
326          325         
19           581         
19           397         
19           580         
19           434         
19           6           
19           34          
19           20          
19           432         
19           46          
19           494         
19           519         
19           49          
19           65          
19           28          
19           18          
19           36          
19           280         
19           13          
19           401         
19           522         
19           59          
19           62          
19           420         
19           2           
19           26          
19           570         
19           400         
19           0           
19           545         
19           27          
19           578         
19           16          
19           21          
19           554         
19           575         
19           579         
19           552         
365          366         
222          211         
222          221         
222          154         
222          210         
222          68          
222          219         
222          223         
222          220         
222          233         
153          73          
153          119         
153          290         
153          109         
153          200         
153          147         
153          65          
153          93          
153          114         
153          113         
153          167         
153          36          
153          162         
153          121         
153          186         
153          146         
153          154         
153          181         
153          169         
153          591         
153          149         
153          143         
153          170         
153          176         
153          148         
153          303         
153          101         
153          141         
153          144         
153          103         
153          98          
153          145         
153          151         
488          491         
488          489         
488          514         
488          475         
488          481         
488          509         
488          530         
488          504         
488          522         
488          474         
488          487         
488          483         
488          484         
488          477         
488          473         
414          418         
414          413         
275          276         
79           34          
79           65          
79           101         
79           578         
79           36          
79           82          
79           58          
79           141         
51           68          
51           65          
51           85          
51           34          
51           530         
51           36          
51           56          
51           52          
51           48          
51           62          
484          491         
484          442         
484          469         
484          34          
484          425         
484          36          
484          472         
484          483         
484          530         
484          504         
484          441         
484          506         
484          519         
484          474         
484          503         
484          522         
484          477         
484          473         
186          73          
186          200         
186          147         
186          65          
186          114         
186          113         
186          167         
186          36          
186          162         
186          146         
186          47          
186          187         
186          154         
186          62          
186          181         
186          189         
186          210         
186          106         
186          140         
186          184         
186          170         
186          169         
186          132         
186          144         
186          185         
186          188         
186          145         
186          183         
186          141         
465          464         
265          285         
265          235         
265          283         
265          323         
265          288         
265          251         
265          264         
265          287         
265          261         
265          280         
265          279         
265          210         
265          62          
265          291         
265          260         
265          256         
265          286         
265          267         
265          252         
265          266         
265          274         
97           98          
4            3           
4            36          
4            578         
543          544         
543          555         
154          227         
154          73          
154          201         
154          147         
154          172         
154          112         
154          28          
154          130         
154          162         
154          121         
154          125         
154          44          
154          120         
154          178         
154          62          
154          181         
154          157         
154          210         
154          83          
154          248         
154          149         
154          46          
154          202         
154          198         
154          184         
154          176         
154          68          
154          76          
154          133         
154          234         
154          134         
154          223         
154          161         
154          145         
154          183         
154          235         
154          211         
154          171         
154          200         
154          164         
154          156         
154          177         
154          128         
154          65          
154          66          
154          113         
154          85          
154          175         
154          139         
154          102         
154          118         
154          197         
154          106         
154          230         
154          194         
154          170         
154          148         
154          101         
154          578         
154          179         
154          199         
154          131         
154          345         
154          239         
154          138         
154          155         
154          136         
154          129         
154          110         
154          142         
154          114         
154          167         
154          54          
154          168         
154          36          
154          173         
154          146         
154          59          
154          189         
154          116         
154          107         
154          90          
154          144         
154          103         
154          98          
154          160         
154          163         
154          243         
154          119         
154          182         
154          109         
154          203         
154          205         
154          34          
154          140         
154          352         
154          165         
154          74          
154          82          
154          196         
154          123         
154          49          
154          122         
154          93          
154          192         
154          115         
154          187         
154          117         
154          87          
154          108         
154          591         
154          158         
154          204         
154          169         
154          132         
154          193         
154          151         
154          92          
154          14          
154          185         
154          188         
154          229         
154          141         
62           73          
62           227         
62           234         
62           208         
62           147         
62           112         
62           64          
62           125         
62           181         
62           589         
62           210         
62           149         
62           46          
62           71          
62           184         
62           68          
62           61          
62           0           
62           76          
62           134         
62           38          
62           57          
62           340         
62           145         
62           183         
62           285         
62           235         
62           211         
62           39          
62           177         
62           65          
62           113         
62           85          
62           118         
62           207         
62           214         
62           2           
62           170         
62           148         
62           101         
62           578         
62           16          
62           55          
62           131         
62           138         
62           136         
62           17          
62           63          
62           588         
62           37          
62           209         
62           142         
62           114         
62           54          
62           36          
62           50          
62           146         
62           59          
62           48          
62           107         
62           144         
62           213         
62           56          
62           47          
62           205         
62           34          
62           140         
62           74          
62           178         
62           49          
62           88          
62           53          
62           280         
62           52          
62           21          
62           60          
62           87          
62           108         
62           591         
62           26          
62           167         
62           204         
62           169         
62           132         
62           27          
62           151         
62           14          
62           185         
62           229         
262          261         
262          287         
313          312         
291          320         
291          287         
291          274         
291          259         
291          323         
291          266         
291          280         
291          258         
291          268         
291          286         
291          288         
291          346         
589          559         
589          34          
589          509         
589          110         
589          432         
589          39          
589          70          
589          442         
589          519         
589          588         
589          65          
589          28          
589          514         
589          26          
589          36          
589          204         
589          52          
589          522         
589          59          
589          491         
589          530         
589          504         
589          518         
589          68          
589          0           
589          582         
589          2           
589          27          
589          583         
589          578         
589          215         
589          56          
589          55          
589          532         
260          283         
260          261         
260          280         
260          256         
83           65          
83           28          
83           93          
83           101         
83           578         
83           92          
83           106         
83           82          
83           34          
83           141         
83           170         
332          330         
158          147         
158          141         
158          181         
241          242         
149          73          
149          211         
149          34          
149          140         
149          147         
149          65          
149          93          
149          113         
149          85          
149          167         
149          36          
149          146         
149          59          
149          181         
149          210         
149          591         
149          46          
149          184         
149          170         
149          169         
149          148         
149          101         
149          144         
149          145         
149          141         
530          531         
530          73          
530          516         
530          559         
530          489         
530          509         
530          519         
530          588         
530          514         
530          472         
530          36          
530          474         
530          522         
530          473         
530          34          
530          504         
530          512         
530          528         
530          491         
530          76          
530          582         
530          578         
530          529         
530          532         
530          533         
9            578         
9            11          
228          235         
228          205         
228          227         
228          151         
228          210         
228          223         
228          234         
228          229         
202          169         
202          203         
202          210         
202          200         
202          201         
202          141         
202          184         
296          297         
296          295         
296          298         
226          219         
226          227         
256          252         
256          227         
256          248         
256          287         
256          258         
256          267         
286          285         
286          287         
286          283         
286          323         
286          288         
286          261         
286          280         
198          151         
198          199         
565          566         
565          591         
565          34          
565          578         
565          555         
565          36          
565          544         
565          562         
267          252         
267          283         
267          323         
267          266         
267          247         
267          287         
267          279         
267          268         
212          235         
212          211         
212          209         
212          210         
212          213         
212          141         
333          334         
333          330         
418          434         
418          413         
418          419         
418          393         
418          468         
418          420         
418          406         
418          553         
418          522         
577          578         
176          169         
176          181         
176          144         
176          183         
176          141         
68           531         
68           73          
68           516         
68           74          
68           67          
68           205         
68           34          
68           208         
68           511         
68           39          
68           82          
68           70          
68           63          
68           251         
68           209         
68           65          
68           66          
68           64          
68           93          
68           54          
68           36          
68           52          
68           59          
68           72          
68           80          
68           2           
68           512         
68           71          
68           58          
68           91          
68           48          
68           17          
68           170         
68           157         
68           61          
68           0           
68           76          
68           101         
68           16          
68           14          
68           515         
68           213         
68           103         
68           98          
68           90          
68           56          
68           204         
68           145         
68           141         
439          512         
439          434         
43           73          
43           36          
43           34          
43           65          
43           46          
404          397         
404          402         
404          401         
404          405         
404          400         
133          169         
133          119         
133          65          
133          144         
133          113         
133          134         
133          140         
133          167         
133          147         
133          145         
133          141         
133          146         
172          174         
172          187         
172          181         
172          169         
172          138         
172          193         
172          173         
172          182         
172          146         
172          183         
172          170         
443          453         
443          431         
443          461         
443          434         
443          578         
535          36          
535          503         
535          34          
535          522         
535          540         
355          356         
266          285         
266          252         
266          287         
266          235         
266          283         
266          323         
266          322         
266          274         
266          280         
266          258         
266          259         
266          325         
266          264         
266          268         
216          235         
216          211         
216          221         
216          227         
216          209         
216          214         
216          210         
216          223         
216          219         
216          217         
216          220         
216          213         
216          218         
216          206         
216          215         
576          36          
576          34          
576          522         
576          578         
270          269         
510          440         
510          511         
510          472         
510          512         
342          65          
342          93          
342          225         
342          578         
342          16          
342          14          
342          340         
342          347         
342          341         
342          343         
342          208         
218          221         
218          210         
218          223         
218          220         
218          187         
218          219         
218          217         
554          566         
554          23          
554          555         
554          553         
554          46          
554          544         
554          570         
554          545         
554          550         
554          552         
554          441         
433          431         
433          434         
161          163         
161          162         
161          160         
161          146         
95           96          
95           46          
95           92          
95           13          
95           98          
284          283         
503          542         
503          560         
503          544         
503          519         
503          468         
503          514         
503          472         
503          36          
503          461         
503          522         
503          493         
503          467         
503          555         
503          496         
503          504         
503          487         
503          502         
503          491         
503          497         
503          499         
503          501         
503          446         
503          540         
503          536         
503          477         
135          65          
135          141         
481          491         
481          431         
481          434         
481          472         
481          432         
481          474         
481          487         
481          522         
481          477         
236          235         
236          237         
236          210         
236          248         
236          234         
236          245         
236          242         
533          34          
533          504         
533          578         
533          36          
533          519         
533          534         
533          528         
533          522         
533          477         
533          588         
159          162         
159          141         
159          160         
235          211         
235          227         
235          205         
235          223         
235          234         
235          219         
235          239         
235          209         
235          287         
235          65          
235          141         
235          232         
235          242         
235          215         
235          238         
235          210         
235          248         
235          197         
235          233         
235          246         
235          230         
235          204         
235          231         
235          169         
235          252         
235          243         
235          213         
235          229         
235          145         
235          249         
546          544         
546          540         
546          548         
546          545         
546          555         
508          509         
368          370         
384          385         
384          578         
32           36          
32           34          
3            85          
3            34          
3            578         
3            36          
3            106         
3            141         
283          285         
283          277         
283          323         
283          288         
283          268         
283          320         
283          287         
283          261         
283          280         
283          282         
283          281         
283          279         
283          276         
283          274         
323          320         
323          288         
323          324         
323          261         
323          287         
323          344         
323          274         
323          325         
323          322         
323          327         
457          453         
457          578         
457          456         
457          434         
457          461         
560          551         
560          491         
560          540         
560          578         
560          555         
560          46          
560          562         
560          548         
560          563         
560          561         
560          522         
560          588         
200          169         
200          187         
200          65          
200          181         
200          203         
200          141         
200          210         
200          185         
200          184         
200          144         
200          201         
200          409         
200          147         
200          145         
200          183         
200          264         
200          146         
338          337         
469          424         
469          468         
469          431         
469          413         
469          483         
469          509         
469          522         
469          453         
469          474         
469          473         
356          370         
356          354         
356          345         
571          567         
571          578         
571          553         
571          562         
571          12          
571          17          
436          434         
511          513         
511          512         
39           34          
39           36          
39           48          
574          34          
574          522         
574          578         
164          46          
164          162         
164          65          
254          255         
513          512         
251          285         
251          209         
251          280         
251          512         
251          48          
463          429         
463          431         
463          458         
463          434         
463          467         
463          470         
463          101         
463          578         
463          472         
463          540         
463          46          
463          36          
463          462         
463          461         
463          464         
463          466         
463          430         
463          522         
268          280         
268          290         
268          288         
268          261         
268          287         
268          302         
156          147         
156          141         
557          504         
557          34          
557          36          
557          559         
557          522         
177          181         
177          85          
177          141         
177          167         
177          184         
568          567         
287          285         
287          290         
287          288         
287          279         
287          261         
287          280         
287          258         
287          210         
287          302         
287          246         
287          295         
287          274         
128          169         
128          119         
128          65          
128          181         
128          113         
128          210         
128          101         
128          46          
128          145         
128          141         
65           73          
65           227         
65           6           
65           41          
65           112         
65           28          
65           64          
65           130         
65           42          
65           121         
65           47          
65           120         
65           181         
65           210         
65           46          
65           0           
65           184         
65           157         
65           61          
65           76          
65           234         
65           583         
65           134         
65           38          
65           31          
65           145         
65           559         
65           70          
65           147         
65           66          
65           113         
65           85          
65           18          
65           102         
65           522         
65           207         
65           590         
65           197         
65           2           
65           106         
65           91          
65           170         
65           148         
65           183         
65           101         
65           578         
65           16          
65           515         
65           199         
65           55          
65           131         
65           138         
65           35          
65           129         
65           110         
65           17          
65           63          
65           105         
65           588         
65           37          
65           209         
65           142         
65           114         
65           25          
65           54          
65           168         
65           36          
65           162         
65           13          
65           146         
65           59          
65           58          
65           48          
65           107         
65           582         
65           44          
65           104         
65           94          
65           90          
65           144         
65           103         
65           98          
65           56          
65           594         
65           119         
65           109         
65           205         
65           34          
65           140         
65           74          
65           82          
65           178         
65           519         
65           123         
65           49          
65           93          
65           40          
65           53          
65           21          
65           115         
65           33          
65           187         
65           117         
65           60          
65           87          
65           108         
65           591         
65           26          
65           167         
65           204         
65           169         
65           132         
65           27          
65           151         
65           92          
65           14          
65           185         
65           188         
65           575         
65           229         
65           141         
66           113         
66           36          
66           512         
375          376         
498          497         
498          455         
550          545         
550          569         
550          555         
550          544         
550          548         
550          570         
550          552         
550          432         
113          73          
113          119         
113          138         
113          205         
113          34          
113          136         
113          140         
113          53          
113          82          
113          147         
113          49          
113          112         
113          142         
113          93          
113          114         
113          85          
113          48          
113          36          
113          121         
113          146         
113          59          
113          115         
113          181         
113          117         
113          591         
113          116         
113          144         
113          46          
113          132         
113          106         
113          167         
113          184         
113          170         
113          169         
113          148         
113          76          
113          131         
113          101         
113          38          
113          179         
113          103         
113          145         
113          183         
113          141         
85           73          
85           34          
85           140         
85           74          
85           47          
85           147         
85           49          
85           88          
85           64          
85           114         
85           54          
85           48          
85           36          
85           52          
85           522         
85           146         
85           59          
85           87          
85           53          
85           184         
85           204         
85           169         
85           46          
85           44          
85           101         
85           103         
85           78          
85           145         
85           141         
393          387         
393          390         
393          392         
393          394         
393          406         
393          388         
393          389         
175          169         
175          187         
175          181         
175          193         
175          170         
175          146         
547          548         
547          552         
18           73          
18           27          
18           14          
18           17          
18           13          
18           579         
424          429         
424          431         
424          434         
424          455         
424          423         
424          425         
424          578         
424          472         
424          409         
424          453         
424          461         
424          470         
424          522         
424          477         
424          456         
261          285         
261          263         
261          290         
261          264         
261          280         
261          207         
261          238         
261          294         
261          288         
451          453         
451          578         
451          472         
451          434         
451          522         
548          580         
548          555         
548          562         
548          46          
548          36          
548          544         
548          16          
548          552         
258          238         
258          249         
258          257         
258          288         
258          259         
139          140         
139          147         
139          145         
139          141         
139          146         
102          101         
102          46          
102          103         
102          98          
102          141         
102          146         
325          324         
325          328         
325          344         
325          246         
325          322         
325          321         
325          327         
325          345         
325          330         
118          119         
118          141         
416          411         
416          429         
416          461         
416          434         
124          125         
124          141         
522          516         
522          542         
522          509         
522          458         
522          479         
522          28          
522          514         
522          461         
522          474         
522          44          
522          473         
522          35          
522          518         
522          502         
522          491         
522          0           
522          537         
522          501         
522          583         
522          38          
522          532         
522          559         
522          590         
522          493         
522          467         
522          525         
522          471         
522          420         
522          2           
522          504         
522          507         
522          487         
522          524         
522          499         
522          521         
522          578         
522          540         
522          531         
522          434         
522          526         
522          432         
522          464         
522          588         
522          527         
522          472         
522          483         
522          36          
522          506         
522          534         
522          573         
522          59          
522          480         
522          512         
522          528         
522          429         
522          582         
522          419         
522          94          
522          477         
522          489         
522          34          
522          520         
522          519         
522          541         
522          468         
522          523         
522          53          
522          470         
522          476         
522          33          
522          591         
522          496         
522          26          
522          453         
522          46          
522          539         
522          529         
522          486         
587          555         
587          16          
587          586         
207          59          
207          209         
207          211         
207          61          
207          0           
207          23          
207          205         
207          14          
207          208         
207          16          
207          210         
207          229         
207          442         
207          206         
207          21          
207          219         
590          28          
590          34          
590          101         
590          540         
590          46          
590          36          
590          591         
590          588         
566          545         
566          569         
566          567         
566          578         
566          2           
566          562         
566          570         
566          552         
517          518         
493          491         
493          472         
467          445         
467          468         
467          434         
467          466         
467          519         
467          472         
467          540         
467          501         
467          36          
467          461         
467          464         
467          487         
467          477         
214          211         
214          210         
214          223         
214          219         
214          215         
324          346         
525          36          
471          472         
197          211         
197          181         
197          209         
197          189         
197          210         
197          141         
197          185         
197          169         
197          183         
197          184         
420          434         
420          472         
420          13          
420          461         
305          304         
305          309         
2            581         
2            73          
2            559         
2            12          
2            82          
2            17          
2            209         
2            595         
2            562         
2            36          
2            13          
2            59          
2            34          
2            26          
2            570         
2            58          
2            48          
2            0           
2            11          
2            27          
2            578         
2            16          
2            14          
2            56          
2            141         
504          531         
504          559         
504          489         
504          509         
504          519         
504          514         
504          483         
504          36          
504          506         
504          534         
504          473         
504          474         
504          490         
504          512         
504          450         
504          507         
504          528         
504          491         
504          505         
504          532         
452          453         
106          211         
106          227         
106          82          
106          34          
106          136         
106          110         
106          147         
106          142         
106          167         
106          155         
106          125         
106          146         
106          181         
106          189         
106          169         
106          101         
106          578         
106          90          
106          385         
106          144         
106          160         
106          145         
106          141         
586          14          
586          578         
302          320         
302          303         
302          288         
507          512         
230          227         
230          169         
230          210         
230          248         
230          229         
230          145         
230          141         
487          434         
487          544         
487          442         
487          519         
487          468         
487          458         
487          472         
487          483         
487          36          
487          461         
487          474         
487          26          
487          453         
487          491         
487          578         
487          486         
487          477         
370          366         
370          376         
370          354         
370          369         
370          379         
370          371         
370          367         
91           28          
91           93          
91           101         
91           90          
91           36          
91           92          
91           82          
91           34          
143          144         
143          141         
295          288         
194          195         
194          108         
194          101         
194          219         
194          196         
194          170         
170          73          
170          171         
170          109         
170          23          
170          140         
170          196         
170          82          
170          70          
170          147         
170          112         
170          142         
170          114         
170          167         
170          36          
170          162         
170          107         
170          146         
170          59          
170          187         
170          181         
170          60          
170          108         
170          210         
170          116         
170          46          
170          148         
170          58          
170          184         
170          231         
170          169         
170          61          
170          104         
170          101         
170          591         
170          92          
170          14          
170          144         
170          103         
170          98          
170          188         
170          145         
170          183         
170          141         
252          248         
252          279         
252          141         
252          227         
148          73          
148          140         
148          147         
148          93          
148          114         
148          36          
148          146         
148          59          
148          181         
148          108         
148          210         
148          184         
148          169         
148          101         
148          144         
148          145         
148          183         
148          141         
499          446         
499          461         
499          477         
428          429         
428          472         
428          434         
411          461         
411          434         
411          409         
466          434         
466          578         
466          26          
466          461         
466          464         
303          281         
303          144         
303          290         
446          448         
446          447         
446          434         
446          445         
446          449         
446          461         
101          73          
101          119         
101          109         
101          138         
101          82          
101          34          
101          20          
101          92          
101          147         
101          70          
101          588         
101          112         
101          28          
101          141         
101          93          
101          114         
101          36          
101          107         
101          121         
101          146         
101          59          
101          120         
101          33          
101          108         
101          46          
101          26          
101          136         
101          563         
101          58          
101          184         
101          169         
101          76          
101          104         
101          94          
101          578         
101          90          
101          38          
101          144         
101          103         
101          98          
101          196         
101          145         
101          591         
101          151         
578          73          
578          580         
578          509         
578          208         
578          494         
578          458         
578          28          
578          569         
578          440         
578          461         
578          47          
578          570         
578          491         
578          0           
578          76          
578          583         
578          585         
578          532         
578          584         
578          559         
578          386         
578          38          
578          514         
578          16          
578          536         
578          531         
578          434         
578          567         
578          35          
578          432         
578          464         
578          17          
578          495         
578          462         
578          588         
578          37          
578          472         
578          36          
578          573         
578          59          
578          423         
578          480         
578          22          
578          512         
578          563         
578          58          
578          48          
578          429         
578          431         
578          582         
578          104         
578          505         
578          385         
578          579         
578          477         
578          581         
578          109         
578          34          
578          12          
578          82          
578          519         
578          49          
578          595         
578          561         
578          562         
578          456         
578          470         
578          476         
578          21          
578          87          
578          425         
578          26          
578          453         
578          46          
578          539         
578          575         
578          552         
578          141         
16           581         
16           73          
16           580         
16           6           
16           17          
16           12          
16           46          
16           36          
16           13          
16           59          
16           61          
16           0           
16           11          
16           553         
16           27          
16           14          
16           579         
540          34          
540          542         
540          544         
540          464         
540          519         
540          541         
540          88          
540          514         
540          36          
540          461         
540          545         
540          593         
540          591         
540          537         
540          539         
515          36          
515          516         
515          512         
179          169         
179          181         
179          167         
179          185         
179          183         
179          184         
395          397         
395          400         
199          169         
199          151         
199          210         
190          189         
190          141         
403          397         
403          423         
403          401         
403          442         
403          402         
403          400         
361          320         
361          359         
361          363         
361          354         
361          385         
361          366         
361          360         
361          362         
331          330         
379          376         
379          371         
55           59          
55           73          
55           34          
55           54          
55           36          
55           56          
55           48          
131          73          
131          132         
131          167         
131          76          
131          146         
131          36          
131          169         
131          147         
131          145         
131          141         
353          354         
345          380         
345          103         
345          344         
345          373         
345          327         
345          346         
345          371         
345          122         
531          36          
531          34          
531          509         
558          559         
475          474         
475          473         
390          389         
390          388         
304          309         
239          238         
239          210         
239          144         
239          227         
434          427         
434          422         
434          453         
434          509         
434          464         
434          430         
434          495         
434          462         
434          519         
434          442         
434          458         
434          455         
434          494         
434          440         
434          437         
434          472         
434          409         
434          421         
434          461         
434          474         
434          476         
434          441         
434          473         
434          419         
434          425         
434          438         
434          423         
434          470         
434          431         
434          512         
434          450         
434          429         
434          435         
434          456         
434          477         
434          432         
23           61          
23           28          
23           114         
23           14          
23           22          
23           552         
138          181         
138          140         
138          36          
138          167         
138          146         
138          147         
138          145         
138          141         
155          151         
155          141         
244          245         
244          242         
244          246         
35           34          
35           591         
35           46          
35           36          
136          169         
136          141         
136          140         
136          147         
136          145         
136          48          
136          146         
7            6           
7            13          
7            0           
129          130         
129          46          
129          162         
129          58          
129          141         
366          320         
366          359         
366          385         
366          354         
366          512         
366          360         
366          362         
366          364         
382          380         
110          73          
110          112         
110          169         
110          147         
110          145         
110          141         
110          146         
432          581         
432          429         
432          431         
432          569         
432          472         
432          421         
432          570         
432          401         
432          470         
432          519         
432          453         
464          285         
464          462         
464          468         
464          458         
464          472         
464          36          
464          280         
464          456         
464          461         
464          26          
464          429         
464          431         
464          151         
245          242         
245          243         
245          246         
17           59          
17           0           
17           11          
17           27          
17           34          
17           26          
17           36          
17           13          
17           14          
17           12          
17           562         
17           48          
360          359         
360          354         
360          385         
360          362         
63           59          
63           73          
63           64          
63           54          
63           14          
63           36          
63           48          
495          494         
206          205         
206          209         
206          210         
206          219         
206          56          
462          461         
462          453         
105          108         
105          92          
105          46          
105          36          
105          103         
105          123         
105          588         
588          73          
588          542         
588          541         
588          28          
588          93          
588          53          
588          36          
588          593         
588          34          
588          591         
588          46          
588          104         
37           93          
37           591         
37           34          
37           36          
209          211         
209          205         
209          234         
209          208         
209          49          
209          59          
209          210         
209          220         
209          48          
209          231         
209          27          
209          38          
209          213         
209          56          
89           93          
89           90          
89           28          
89           141         
330          263         
330          337         
330          246         
330          336         
330          335         
330          347         
330          343         
330          327         
142          73          
142          145         
142          144         
142          114         
142          140         
142          36          
142          169         
142          146         
142          147         
142          34          
142          141         
482          483         
114          73          
114          119         
114          109         
114          34          
114          140         
114          147         
114          49          
114          112         
114          28          
114          93          
114          36          
114          162         
114          121         
114          146         
114          115         
114          181         
114          108         
114          46          
114          167         
114          184         
114          169         
114          92          
114          144         
114          103         
114          98          
114          145         
114          183         
114          141         
449          448         
449          453         
449          456         
25           27          
25           34          
25           36          
25           46          
25           26          
54           59          
54           73          
54           36          
54           56          
54           52          
54           48          
472          509         
472          519         
472          458         
472          479         
472          440         
472          461         
472          474         
472          476         
472          473         
472          425         
472          423         
472          470         
472          480         
472          512         
472          429         
472          431         
472          456         
472          477         
472          453         
483          491         
483          489         
483          514         
483          468         
483          509         
483          512         
483          474         
483          519         
483          473         
168          169         
168          119         
168          167         
168          210         
168          140         
168          46          
168          188         
168          147         
168          145         
168          141         
168          146         
36           73          
36           516         
36           542         
36           20          
36           592         
36           147         
36           112         
36           28          
36           64          
36           514         
36           125         
36           47          
36           157         
36           555         
36           0           
36           518         
36           509         
36           76          
36           537         
36           583         
36           57          
36           31          
36           532         
36           145         
36           559         
36           38          
36           162         
36           13          
36           534         
36           573         
36           146         
36           59          
36           512         
36           58          
36           48          
36           107         
36           528         
36           582         
36           44          
36           104         
36           505         
36           144         
36           103         
36           594         
36           477         
36           119         
36           205         
36           34          
36           520         
36           82          
36           519         
36           49          
36           541         
36           88          
36           122         
36           93          
36           40          
36           53          
36           545         
36           52          
36           21          
36           593         
36           115         
36           33          
36           117         
36           87          
36           591         
36           26          
36           167         
36           204         
36           169         
36           132         
36           46          
36           27          
36           151         
36           539         
36           92          
36           14          
36           78          
36           552         
36           141         
173          174         
173          187         
173          181         
173          193         
173          169         
173          183         
13           581         
13           6           
13           12          
13           46          
13           70          
13           59          
13           5           
13           553         
13           26          
13           575         
13           0           
13           11          
13           27          
13           14          
13           29          
13           579         
401          397         
401          402         
401          441         
401          400         
401          405         
534          34          
573          34          
573          477         
30           29          
364          385         
364          362         
50           559         
50           509         
50           56          
50           52          
50           48          
351          344         
351          350         
146          73          
146          119         
146          109         
146          205         
146          34          
146          178         
146          234         
146          92          
146          82          
146          196         
146          147         
146          112         
146          93          
146          48          
146          162         
146          108         
146          121         
146          59          
146          115         
146          187         
146          181         
146          117         
146          189         
146          210         
146          591         
146          46          
146          167         
146          140         
146          184         
146          107         
146          169         
146          183         
146          151         
146          134         
146          90          
146          144         
146          185         
146          103         
146          98          
146          160         
146          188         
146          229         
146          145         
146          141         
59           73          
59           145         
59           34          
59           208         
59           82          
59           64          
59           93          
59           60          
59           108         
59           591         
59           26          
59           61          
59           58          
59           48          
59           70          
59           46          
59           27          
59           151         
59           196         
59           14          
59           144         
59           56          
59           141         
387          388         
238          285         
238          144         
238          210         
282          285         
282          280         
282          223         
460          458         
460          461         
81           82          
421          431         
421          422         
421          425         
421          453         
189          169         
189          187         
189          181         
189          208         
189          193         
189          141         
189          185         
189          188         
189          191         
189          183         
189          184         
423          385         
423          429         
423          431         
423          425         
423          362         
423          477         
423          453         
480          491         
480          477         
116          73          
247          248         
247          246         
459          458         
406          413         
406          407         
553          551         
553          545         
553          419         
553          567         
553          555         
553          544         
553          46          
553          579         
553          552         
22           14          
490          491         
490          489         
490          474         
512          516         
512          494         
512          519         
512          514         
512          440         
512          470         
512          429         
512          431         
512          80          
512          359         
512          491         
512          575         
450          431         
450          509         
450          453         
450          470         
191          187         
191          183         
191          181         
191          193         
563          141         
58           73          
58           104         
58           108         
58           141         
58           57          
58           103         
58           46          
58           82          
58           34          
58           184         
279          320         
279          255         
279          288         
279          280         
279          285         
48           73          
48           211         
48           205         
48           34          
48           49          
48           64          
48           52          
48           210         
48           591         
48           26          
48           27          
48           38          
48           213         
48           78          
48           56          
48           208         
48           141         
107          145         
107          73          
107          108         
107          147         
107          141         
528          519         
231          108         
231          210         
231          229         
80           82          
429          509         
429          430         
429          494         
429          458         
429          455         
429          440         
429          409         
429          461         
429          474         
429          425         
429          470         
429          431         
429          453         
431          509         
431          430         
431          442         
431          458         
431          422         
431          455         
431          440         
431          461         
431          474         
431          473         
431          425         
431          456         
431          470         
431          491         
431          497         
431          453         
276          280         
582          46          
582          34          
582          26          
582          583         
359          320         
359          397         
359          354         
359          385         
359          362         
413          468         
413          544         
104          34          
104          46          
104          103         
104          108         
94           46          
94           92          
90           28          
90           93          
90           98          
90           92          
90           82          
90           121         
90           34          
90           141         
321          227         
385          580         
385          570         
385          362         
385          227         
144          73          
144          119         
144          290         
144          187         
144          196         
144          147         
144          109         
144          112         
144          93          
144          162         
144          121         
144          123         
144          169         
144          108         
144          210         
144          591         
144          167         
144          140         
144          122         
144          223         
144          92          
144          103         
144          98          
144          160         
144          145         
144          183         
144          141         
213          210         
213          211         
213          141         
213          208         
213          219         
213          227         
103          119         
103          41          
103          147         
103          123         
103          88          
103          93          
103          121         
103          120         
103          108         
103          591         
103          46          
103          169         
103          122         
103          92          
103          98          
103          145         
103          141         
98           120         
98           92          
98           82          
98           28          
98           93          
98           121         
98           108         
98           46          
98           169         
98           145         
98           141         
127          141         
350          380         
56           64          
56           27          
56           509         
56           52          
594          73          
594          591         
579          581         
579          580         
579          0           
579          46          
579          6           
579          552         
579          555         
579          570         
163          162         
243          210         
243          246         
243          229         
243          242         
477          519         
477          479         
477          478         
477          461         
477          474         
477          476         
477          473         
477          26          
477          453         
477          491         
477          456         
398          397         
581          580         
581          0           
581          569         
581          6           
581          555         
581          20          
581          552         
581          21          
581          570         
397          402         
397          400         
119          203         
119          74          
119          147         
119          100         
119          130         
119          167         
119          162         
119          121         
119          120         
119          181         
119          117         
119          46          
119          184         
119          169         
119          134         
119          145         
119          183         
119          141         
427          425         
182          181         
182          185         
182          188         
182          183         
109          145         
109          46          
109          108         
109          147         
489          491         
489          518         
489          474         
489          519         
203          181         
203          201         
203          184         
380          374         
380          373         
205          141         
205          210         
205          219         
205          14          
205          73          
205          211         
205          208         
205          229         
34           73          
34           516         
34           509         
34           112         
34           28          
34           64          
34           514         
34           47          
34           555         
34           46          
34           518         
34           0           
34           76          
34           583         
34           38          
34           31          
34           532         
34           559         
34           82          
34           519         
34           93          
34           40          
34           52          
34           21          
34           593         
34           33          
34           591         
34           26          
34           27          
34           539         
34           141         
322          327         
140          147         
140          49          
140          112         
140          187         
140          108         
140          169         
140          145         
140          141         
352          552         
352          354         
165          73          
165          141         
165          167         
520          519         
12           584         
12           14          
74           73          
74           93          
74           46          
82           92          
82           28          
82           93          
82           0           
82           76          
82           46          
82           141         
196          195         
196          108         
196          210         
196          219         
196          70          
196          183         
196          184         
430          453         
442          425         
442          26          
442          552         
442          441         
389          386         
217          221         
217          227         
217          223         
217          219         
519          458         
519          26          
519          474         
519          441         
519          518         
519          46          
123          121         
123          145         
123          141         
123          122         
49           210         
49           73          
49           27          
49           46          
49           53          
49           14          
49           145         
541          591         
541          544         
468          544         
468          461         
88           145         
308          309         
122          120         
122          591         
122          121         
455          509         
455          453         
455          470         
455          409         
455          456         
455          474         
455          425         
455          473         
93           92          
93           28          
93           121         
93           87          
93           46          
93           26          
93           169         
93           341         
93           145         
93           141         
595          208         
595          73          
192          169         
192          181         
192          193         
192          167         
192          185         
192          183         
192          184         
225          208         
225          223         
376          367         
376          377         
376          374         
376          371         
561          562         
409          280         
409          461         
40           73          
53           46          
562          544         
562          552         
562          555         
280          285         
280          277         
280          278         
280          281         
280          264         
280          320         
280          210         
280          274         
344          327         
344          328         
456          461         
456          453         
545          46          
545          26          
545          555         
545          544         
545          552         
470          509         
470          497         
470          440         
470          425         
470          491         
470          474         
470          473         
372          371         
426          425         
52           559         
242          246         
242          240         
242          234         
476          453         
21           14          
441          425         
441          343         
441          552         
593          591         
115          169         
115          46          
115          147         
115          145         
33           73          
33           28          
33           46          
33           591         
187          178         
187          147         
187          174         
187          167         
187          181         
187          210         
187          184         
187          169         
187          193         
187          185         
187          188         
187          145         
187          183         
187          141         
294          293         
117          73          
117          147         
117          145         
60           73          
60           61          
60           6           
60           14          
60           208         
87           28          
87           46          
87           141         
108          73          
108          147         
108          141         
108          181         
108          210         
108          46          
108          61          
108          169         
108          14          
108          145         
108          183         
108          151         
425          474         
425          440         
425          461         
425          453         
591          73          
591          592         
591          38          
591          121         
591          555         
591          46          
591          145         
591          583         
591          151         
240          246         
219          210         
219          221         
219          227         
219          211         
219          215         
219          220         
219          223         
219          229         
496          497         
220          221         
220          227         
220          210         
220          223         
26           28          
26           0           
26           46          
26           27          
26           38          
26           552         
328          327         
150          151         
453          509         
453          458         
453          479         
453          474         
453          461         
453          440         
281          285         
327          246         
327          354         
204          210         
204          169         
204          248         
204          229         
204          145         
10           11          
551          552         
551          555         
169          171         
169          73          
169          178         
169          234         
169          147         
169          193         
169          112         
169          167         
169          121         
169          181         
169          210         
169          46          
169          132         
169          248         
169          162         
169          184         
169          183         
169          151         
169          134         
169          141         
169          185         
169          188         
169          229         
169          145         
132          73          
132          167         
132          147         
132          141         
180          181         
367          354         
11           0           
11           6           
11           14          
193          181         
193          141         
193          185         
193          147         
193          183         
193          184         
27           24          
27           28          
27           0           
27           46          
497          491         
497          514         
497          473         
151          147         
151          162         
151          210         
151          46          
151          152         
151          145         
151          141         
288          320         
288          285         
92           28          
92           121         
92           46          
92           145         
92           141         
14           24          
14           73          
14           580         
14           6           
14           61          
14           0           
14           46          
14           340         
14           585         
14           208         
14           70          
274          285         
274          210         
274          264         
29           28          
29           46          
185          181         
185          141         
185          145         
185          167         
185          188         
185          183         
185          184         
310          309         
188          181         
188          73          
188          141         
188          145         
188          167         
188          147         
188          183         
188          184         
78           73          
78           141         
374          371         
575          73          
575          46          
575          552         
229          211         
229          227         
229          73          
229          234         
229          210         
229          248         
229          246         
229          223         
229          141         
229          145         
349          348         
552          580         
552          544         
552          569         
552          555         
552          570         
552          0           
552          46          
141          227         
141          73          
141          208         
141          174         
141          112         
141          28          
141          64          
141          130         
141          162         
141          121         
141          125         
141          120         
141          181         
141          157         
141          210         
141          46          
141          184         
141          76          
141          234         
141          134         
141          145         
141          211         
141          147         
141          183         
141          160         
141          167         
371          373         
371          377         
73           47          
73           145         
73           227         
73           6           
73           167         
73           61          
73           72          
73           46          
73           208         
73           71          
73           76          
73           64          
73           234         
580          0           
580          46          
580          6           
580          569         
580          42          
580          570         
580          555         
227          211         
227          234         
227          221         
227          210         
227          248         
6            5           
6            585         
6            570         
6            61          
20           28          
592          555         
509          559         
509          514         
509          473         
509          474         
509          491         
509          518         
234          147         
234          167         
234          210         
234          248         
234          233         
234          246         
234          145         
544          28          
544          555         
208          211         
208          340         
208          210         
208          61          
208          0           
41           46          
41           42          
336          337         
336          335         
147          178         
147          112         
147          162         
147          121         
147          210         
147          181         
147          46          
147          167         
147          184         
147          183         
147          160         
147          145         
264          307         
264          210         
405          402         
405          400         
320          285         
320          354         
174          570         
112          145         
112          210         
221          210         
221          223         
458          461         
28           121         
28           44          
28           46          
28           583         
28           38          
28           31          
569          570         
514          491         
514          559         
514          474         
514          518         
514          473         
130          162         
167          340         
167          181         
167          61          
167          145         
162          160         
162          145         
461          491         
224          223         
474          473         
474          491         
474          518         
232          210         
121          120         
121          46          
121          145         
44           46          
215          210         
160          145         
473          491         
47           46          
120          46          
178          181         
178          183         
178          184         
181          171         
181          210         
181          184         
181          145         
181          183         
402          400         
210          211         
210          184         
210          248         
210          233         
210          246         
210          223         
210          157         
210          145         
210          183         
555          570         
555          46          
248          246         
248          233         
248          145         
248          249         
492          491         
46           0           
46           76          
46           583         
46           134         
46           38          
46           31          
46           145         
354          285         
570          0           
233          223         
246          249         
348          347         
362          347         
184          171         
184          145         
184          183         
518          491         
518          559         
157          145         
61           340         
0            559         
585          584         
145          183         
285          278         
