71           84          
71           59          
71           68          
71           75          
71           63          
71           57          
131          136         
131          130         
131          121         
131          126         
131          68          
131          128         
131          56          
131          129         
104          105         
104          102         
145          52          
145          77          
145          146         
86           87          
65           59          
65           62          
65           64          
65           63          
65           61          
65           57          
65           66          
62           92          
62           64          
62           43          
62           59          
62           63          
62           60          
62           61          
62           57          
143          144         
37           31          
37           38          
37           43          
37           26          
37           40          
37           28          
37           68          
37           45          
37           52          
37           36          
12           13          
12           14          
12           9           
93           94          
93           88          
93           92          
93           95          
93           96          
29           31          
80           79          
80           109         
80           102         
101          102         
42           43          
98           99          
98           96          
16           18          
16           9           
122          124         
122          118         
122          121         
122          128         
122          116         
45           43          
45           39          
45           54          
45           28          
45           40          
45           41          
45           46          
134          133         
134          132         
134          135         
15           13          
15           14          
15           9           
24           23          
24           28          
24           25          
24           36          
67           68          
67           63          
106          105         
106          109         
120          118         
120          119         
129          136         
129          132         
129          130         
129          68          
129          128         
129          114         
129          124         
129          56          
113          112         
27           28          
105          110         
105          111         
105          108         
105          102         
105          103         
105          107         
105          118         
105          109         
31           43          
31           32          
31           30          
31           28          
31           39          
31           26          
31           41          
31           25          
31           23          
31           33          
31           35          
31           36          
119          124         
119          118         
136          132         
136          144         
136          68          
136          52          
136          135         
136          0           
77           95          
77           78          
77           92          
77           79          
77           54          
77           94          
77           102         
77           123         
77           109         
77           73          
77           75          
77           63          
77           52          
77           82          
77           56          
77           96          
81           82          
44           43          
130          128         
50           52          
59           69          
59           43          
59           41          
59           84          
59           64          
59           49          
59           68          
59           73          
59           63          
59           58          
59           61          
59           57          
59           70          
41           43          
41           40          
73           54          
73           72          
73           69          
9            7           
9            21          
9            6           
9            144         
9            14          
9            10          
9            13          
9            124         
9            11          
9            8           
72           126         
72           125         
72           70          
72           128         
13           18          
13           14          
61           69          
61           64          
61           68          
61           63          
61           60          
61           57          
61           66          
146          0           
17           18          
112          110         
112          111         
112          102         
112          121         
112          109         
56           102         
56           115         
56           54          
56           68          
56           52          
56           55          
116          115         
21           22          
21           18          
21           14          
21           20          
78           102         
39           40          
92           89          
92           95          
92           96          
92           94          
92           63          
92           90          
92           88          
92           100         
92           57          
92           91          
92           99          
79           52          
54           53          
54           52          
54           55          
14           6           
14           20          
14           18          
3            4           
64           68          
64           63          
28           43          
28           26          
28           25          
28           23          
28           40          
28           68          
28           36          
68           57          
68           121         
68           43          
68           66          
128          127         
128          144         
128          126         
128          124         
63           57          
114          115         
1            0           
1            2           
1            4           
47           43          
47           48          
85           84          
85           96          
34           33          
34           43          
5            4           
32           43          
35           52          
35           43          
35           36          
99           95          
99           102         
99           94          
99           96          
99           109         
4            6           
4            2           
74           75          
43           40          
43           36          
43           48          
43           52          
123          124         
117          95          
117          118         
25           23          
25           26          
137          138         
19           18          
118          96          
118          102         
118          124         
48           49          
75           95          
75           84          
75           76          
75           96          
52           40          
52           60          
52           51          
52           55          
52           53          
58           57          
124          126         
87           82          
70           126         
70           69          
110          109         
110          102         
89           88          
83           82          
102          94          
102          103         
102          107         
102          109         
102          100         
102          111         
102          95          
102          96          
102          108         
115          55          
94           95          
94           84          
94           96          
144          141         
103          126         
103          84          
84           95          
84           96          
107          121         
107          108         
107          109         
126          125         
100          109         
140          141         
133          132         
109          108         
95           96          
141          142         
141          138         
26           33          
138          139         
96           97          
