0       4.07049       0.00865678   
1       2.73532       0.00882927   
2       4.32326       0.0143762    
3       1.79947       0.0156257    
4       0.405735      0.0157108    
5       11.711        0.0358207    
6       0.479323      0.036449     
7       1.77867       0.0373715    
8       1.52896       0.0390466    
9       7.05411       0.0405533    
10      1.77827       0.0420086    
11      4.67865       0.0465281    
12      4.72925       0.0467338    
13      0.734451      0.0589452    
14      11.5377       0.059497     
15      0.85207       0.0602252    
16      2.50036       0.0908118    
17      0.528466      0.090897     
18      2.48029       0.0939982    
19      1.01413       0.0949134    
20      1.67317       0.0968471    
21      6.66413       0.097039     
22      1.05412       0.097895     
23      2.7036        0.0982628    
24      13.332        0.119616     
25      0.593731      0.119814     
26      0.57802       0.132554     
27      11.8521       0.133371     
28      8.3646        0.137788     
29      5.35602       0.13972      
30      8.10451       0.139784     
31      5.85818       0.145191     
32      0.703283      0.146017     
33      3.10296       0.15031      
34      11.5149       0.151223     
35      3.56441       0.158897     
36      4.66169       0.187058     
37      0.697953      0.187253     
38      12.2872       0.202614     
39      6.50727       0.215469     
40      2.48045       0.216831     
41      12.0939       0.218946     
42      0.417883      0.21939      
43      4.32329       0.22891      
44      17.3038       0.233031     
45      8.72282       0.239886     
46      21.9849       0.245659     
47      6.28896       0.294712     
48      0.387111      0.294754     
49      0.939089      0.295374     
50      2.82582       0.300797     
51      2.89882       0.301311     
52      2.38776       0.330014     
53      10.0365       0.331743     
54      1.72433       0.33213      
55      1.77205       0.33351      
56      2.31989       0.335446     
57      6.52427       0.34541      
58      2.1703        0.345485     
59      6.28071       0.356958     
60      3.12318       0.357401     
61      3.71475       0.360506     
62      0.835337      0.375987     
63      0.662217      0.378354     
64      62.5135       0.379324     
65      0.586948      0.380496     
66      0.633036      0.3818       
67      3.90225       0.385698     
68      3.8101        0.404083     
69      10.9149       0.404817     
70      3.91922       0.41357      
71      3.89879       0.414726     
72      6.13686       0.424832     
73      10.4565       0.425116     
74      2.60251       0.441316     
75      2.60331       0.441463     
76      8.68448       0.441955     
77      15.8634       0.467062     
78      2.54334       0.497307     
79      4.67394       0.502157     
80      12.3798       0.509272     
81      12.3178       0.51103      
82      15.2753       0.511206     
83      5.32929       0.520079     
84      2.91385       0.532109     
85      4.28827       0.537587     
86      0.194197      0.540477     
87      16.0942       0.540602     
88      2.49473       0.543102     
89      0.167617      0.548326     
90      1.09521       0.548335     
91      8.99456       0.556693     
92      14.7399       0.559359     
93      42.4655       0.565245     
94      0.643637      0.569137     
95      18.3602       0.584923     
96      7.72479       0.586039     
97      20.5573       0.588755     
98      24.4649       0.598737     
99      9.94007       0.602922     
100     1.00959       0.603763     
101     9.20348       0.618331     
102     0.459454      0.624881     
103     15.4841       0.625549     
104     1.8855        0.631319     
105     23.3278       0.644794     
106     17.4458       0.645601     
107     3.09302       0.652938     
108     3.40516       0.658047     
109     5.17594       0.665748     
110     11.3878       0.696055     
111     13.275        0.697051     
112     2.03849       0.705849     
113     0.492146      0.705934     
114     0.591898      0.727713     
115     13.8419       0.727807     
116     0.717883      0.728859     
117     1.01119       0.729573     
118     12.1017       0.770663     
119     16.0821       0.773428     
120     3.70578       0.777153     
121     2.60496       0.796065     
122     24.4702       0.799491     
123     8.70308       0.80309      
124     7.09191       0.819079     
125     3.7073        0.854065     
126     7.72948       0.854489     
127     2.36794       0.876249     
128     1.96825       0.87755      
129     4.42867       0.877801     
130     14.4869       0.893462     
131     0.769768      0.900656     
132     10.9045       0.902144     
133     1.72863       0.902453     
134     0.758081      0.903633     
135     2.78803       0.906894     
136     1.75017       0.910631     
137     6.73976       0.911393     
138     21.5998       0.93121      
139     23.8073       0.934595     
140     21.8175       0.977892     
141     10.7898       0.981256     
142     6.42529       0.998718     
143     0.58637       1.00441      
144     42.4702       1.00666      
145     5.2684        1.00956      
146     2.87743       1.01671      
147     12.8388       1.03744      
148     6.83142       1.05761      
149     9.2119        1.05804      
150     11.278        1.08923      
151     4.86284       1.11242      
152     26.762        1.12061      
153     3.18134       1.12134      
154     4.63023       1.15934      
155     7.14553       1.16202      
156     11.8417       1.16931      
157     11.4083       1.17332      
158     3.85474       1.17484      
159     4.66229       1.17802      
160     16.0526       1.18048      
161     5.92675       1.18296      
162     4.83651       1.18772      
163     5.95191       1.19864      
164     10.3816       1.21273      
165     62.8573       1.22289      
166     8.10493       1.22446      
167     19.2027       1.2363       
168     5.12084       1.26676      
169     5.9759        1.27779      
170     29.7932       1.30625      
171     20.6527       1.31338      
172     20.7383       1.31776      
173     24.966        1.32162      
174     3.5648        1.37214      
175     1.74732       1.3742       
176     8.98524       1.3748       
177     0.435701      1.37538      
178     2.04446       1.37598      
179     0.52956       1.41213      
180     15.5631       1.41316      
181     29.6996       1.42355      
182     8.99327       1.42417      
183     4.82944       1.48452      
184     4.82183       1.48493      
185     14.9718       1.50573      
186     3.85231       1.53878      
187     8.11324       1.54033      
188     5.02366       1.54454      
189     12.6661       1.554        
190     13.4296       1.58352      
191     11.2654       1.62811      
192     0.663874      1.65069      
193     0.362417      1.65148      
194     17.0945       1.6517       
195     13.6406       1.6721       
196     4.63562       1.67374      
197     12.3673       1.67868      
198     4.85917       1.69791      
199     17.4496       1.7026       
200     25.5329       1.70471      
201     6.60918       1.70906      
202     0.247092      1.71625      
203     37.5862       1.71691      
204     0.380748      1.71848      
205     18.5416       1.72998      
206     3.324         1.73306      
207     32.7313       1.7372       
208     12.2577       1.75045      
209     5.88665       1.78717      
210     4.09857       1.80124      
211     21.5094       1.82487      
212     6.7332        1.82803      
213     7.42057       1.83051      
214     4.74591       1.83198      
215     9.129         1.83386      
216     41.3828       1.85078      
217     11.739        1.86898      
218     0.120083      1.87581      
219     13.5989       1.87593      
220     2.37472       1.88429      
221     4.56073       1.88507      
222     5.53297       1.89624      
223     178.22        1.90109      
224     4.75671       1.91361      
225     4.77162       1.92408      
226     6.04186       1.92671      
227     5.868         1.93746      
228     1.80386       1.93985      
229     16.1364       1.9554       
230     20.6445       1.97864      
231     28.9545       1.98309      
232     58.8713       1.98348      
233     88.4086       1.99052      
234     10.9196       2.01402      
235     7.25367       2.01531      
236     3.11662       2.03727      
237     3.27254       2.04085      
238     1.29257       2.04152      
239     2.75004       2.05022      
240     3.71477       2.06253      
241     16.798        2.08009      
242     8.52907       2.10336      
243     77.9858       2.105        
244     92.682        2.10982      
245     57.5461       2.11239      
246     11.6239       2.12895      
247     31.0657       2.13078      
248     0.580935      2.1376       
249     25.2378       2.15825      
250     45.9207       2.16409      
251     2.49416       2.18661      
252     2.55696       2.19455      
253     42.03         2.21917      
254     12.604        2.22061      
255     0.590757      2.24049      
256     32.5816       2.25721      
257     148.81        2.25743      
258     2.74073       2.25872      
259     37.6021       2.26373      
260     16.5784       2.28574      
261     68.1319       2.31289      
262     8.21364       2.3146       
263     6.16462       2.33533      
264     11.1526       2.35194      
265     4.333         2.37034      
266     6.84165       2.38344      
267     10.6582       2.40236      
268     6.0394        2.4164       
269     6.91598       2.43286      
270     23.8352       2.4459       
271     12.5405       2.46776      
272     13.3618       2.46825      
273     13.2886       2.4886       
274     9.4319        2.5082       
275     10.3401       2.52031      
276     6.46157       2.5487       
277     8.07311       2.56112      
278     6.62922       2.56417      
279     8.66616       2.58363      
280     7.076         2.58958      
281     12.3131       2.60901      
282     19.9593       2.60996      
283     27.6979       2.61118      
284     5.76851       2.62546      
285     0.189451      2.6255       
286     9.85238       2.6562       
287     9.84185       2.65683      
288     6.2396        2.66488      
289     1.3045        2.66707      
290     5.98123       2.68993      
291     4.08658       2.70553      
292     24.2774       2.73788      
293     0.510233      2.73917      
294     11.377        2.78226      
295     134.597       2.80313      
296     10.8831       2.81464      
297     42.6437       2.82618      
298     30.3278       2.83342      
299     9.89014       2.85758      
300     98.8566       2.87339      
301     8.85312       2.87493      
302     4.19091       2.87643      
303     10.548        2.89062      
304     3.74175       2.91004      
305     7.06982       2.92163      
306     4.62689       2.92923      
307     4.99315       2.95291      
308     7.25071       2.97337      
309     2.8539        2.99175      
310     4.79042       3.00916      
311     33.6909       3.01693      
312     13.3026       3.02045      
313     20.2068       3.02071      
314     8.2141        3.02988      
315     0.813293      3.06971      
316     12.8414       3.08007      
317     31.2292       3.08989      
318     95.9039       3.09068      
319     1.55597       3.09655      
320     24.5923       3.09895      
321     9.6103        3.11164      
322     28.5739       3.12528      
323     0.281332      3.12626      
324     11.1383       3.15715      
325     4.33821       3.1618       
326     3.01341       3.18981      
327     2.14989       3.19044      
328     257.98        3.19093      
329     3.47025       3.19337      
330     10.8786       3.21034      
331     120.198       3.23459      
332     50.8145       3.24592      
333     9.83751       3.27949      
334     62.6645       3.31204      
335     2.50797       3.31767      
336     8.26288       3.33602      
337     4.35096       3.37019      
338     14.9435       3.37134      
339     3.79568       3.39491      
340     5.42725       3.40687      
341     35.4865       3.41967      
342     9.79217       3.43504      
343     11.7846       3.43539      
344     14.6137       3.43902      
345     3.75614       3.45341      
346     9.34874       3.48382      
347     7.64139       3.48525      
348     7.38046       3.5005       
349     11.5462       3.50204      
350     5.13037       3.51164      
351     9.95955       3.52373      
352     15.4757       3.54651      
353     8.96433       3.56635      
354     40.5322       3.57726      
355     7.00338       3.58234      
356     23.0891       3.60581      
357     17.3744       3.62793      
358     9.1376        3.65593      
359     6.32975       3.67298      
360     264.867       3.68589      
361     0.499432      3.68706      
362     11.5178       3.71208      
363     6.61482       3.72496      
364     2.59182       3.7259       
365     2.47927       3.74115      
366     9.10418       3.74308      
367     1.25388       3.74489      
368     6.64749       3.7494       
369     8.15414       3.77067      
370     42.0542       3.78621      
371     6.96628       3.79143      
372     25.8031       3.83985      
373     28.1089       3.84091      
374     32.5068       3.85164      
375     34.2009       3.85983      
376     1.22413       3.8712       
377     32.4944       3.87725      
378     1.39756       3.87839      
379     6.14906       3.90352      
380     19.6461       3.90776      
381     4.54174       3.91222      
382     1.83835       3.93186      
383     6.77894       3.93194      
384     2.02957       3.93356      
385     3.42277       3.95005      
386     0.647022      3.95025      
387     7.30942       3.96109      
388     1.21627       3.98051      
389     0.645718      3.98155      
390     6.53686       3.98205      
391     0.263398      3.98209      
392     1.75295       3.98345      
393     2.33313       3.9844       
394     0.546411      3.9846       
395     7.73057       4.00801      
396     1.50559       4.03022      
397     4.0216        4.03074      
398     18.1198       4.03472      
399     2.50546       4.03598      
400     7.40583       4.0799       
401     0.52291       4.09769      
402     19.1796       4.09906      
403     18.6837       4.11221      
404     15.4033       4.11266      
405     39.3929       4.11446      
406     4.46375       4.13223      
407     2.94223       4.14561      
408     16.2042       4.14834      
409     0.775533      4.15002      
410     4.55907       4.16884      
411     5.97791       4.18746      
412     5.82854       4.18928      
413     5.07123       4.1941       
414     7.22474       4.20381      
415     3.16568       4.21556      
416     1.29067       4.22064      
417     1.70361       4.22101      
418     1.22411       4.22129      
419     1.9939        4.22637      
420     12.4014       4.23614      
421     109.574       4.26158      
422     33.8284       4.26407      
423     28.4056       4.26509      
424     35.6217       4.27157      
425     0.621648      4.28124      
426     1.98154       4.28504      
427     2.94796       4.29098      
428     2.31345       4.29547      
429     10.8777       4.3056       
430     3.01683       4.33758      
431     6.60106       4.34657      
432     37.8166       4.3543       
433     3.1827        4.35927      
434     12.5533       4.39294      
435     5.1835        4.4104       
436     10.595        4.43928      
437     9.84318       4.45169      
438     0.633571      4.45855      
439     0.597709      4.46022      
440     0.529001      4.46193      
441     5.18172       4.466        
442     165.17        4.46984      
443     0.612543      4.47342      
444     8.85776       4.47383      
445     3.34374       4.47807      
446     1.2069        4.48184      
447     8.68741       4.48483      
448     4.99137       4.48505      
449     2.55163       4.48998      
450     4.63771       4.49608      
451     6.46138       4.5018       
452     4.00284       4.50471      
453     22.9005       4.53647      
454     16.2707       4.54683      
455     1.47168       4.54928      
456     2.44617       4.56266      
457     12.7959       4.56339      
458     32.5794       4.58663      
459     11.9241       4.5927       
460     7.59015       4.59294      
461     10.1351       4.62463      
462     6.94608       4.62691      
463     11.0797       4.63291      
464     5.1243        4.63683      
465     10.7268       4.65976      
466     3.66322       4.67638      
467     3.41339       4.68059      
468     15.5219       4.68989      
469     3.40378       4.69048      
470     19.6313       4.69426      
471     7.48809       4.82167      
472     0.893698      4.82952      
473     21.4885       4.83141      
474     9.78507       4.85759      
475     4.01282       4.86053      
476     3.52719       4.87261      
477     12.2837       4.87617      
478     4.28636       4.87907      
479     7.52022       4.88196      
480     7.31996       4.89698      
481     4.28008       4.90977      
482     5.40164       4.91269      
483     2.58155       4.91383      
484     4.81387       4.9156       
485     2.59072       4.93215      
486     10.7394       4.93222      
487     3.95306       4.95525      
488     10.9797       4.95962      
489     26.8346       4.95969      
490     6.40601       4.96454      
491     15.4402       4.97386      
492     8.12365       4.98672      
493     7.49018       5.04966      
494     6.12997       5.05075      
495     10.5696       5.06231      
496     0.440152      5.06268      
497     2.50925       5.07171      
498     5.82745       5.07943      
499     5.85016       5.08819      
500     5.47923       5.10209      
501     5.31322       5.10879      
502     1.15268       5.11549      
503     43.5787       5.11858      
504     0.991802      5.11895      
505     3.75138       5.12336      
506     12.7599       5.13771      
507     6.18091       5.13835      
508     137.14        5.13867      
509     0.326367      5.14344      
510     0.366956      5.14454      
511     0.399937      5.1457       
512     0.423257      5.14686      
513     32.5342       5.15714      
514     2.42401       5.15956      
515     30.98         5.18891      
516     2.85475       5.18978      
517     3.02944       5.19741      
518     6.44246       5.22349      
519     17.295        5.2266       
520     19.3845       5.25268      
521     2.56409       5.25406      
522     35.1722       5.26004      
523     1.65851       5.26267      
524     2.89775       5.26653      
525     9.94564       5.27649      
526     9.12502       5.3235       
527     4.27978       5.32371      
528     21.6478       5.35889      
529     5.6121        5.40841      
530     10.8828       5.41233      
531     2.47054       5.41432      
532     1.55753       5.41689      
533     39.9395       5.41725      
534     0.623545      5.41992      
535     5.55973       5.43011      
536     18.6738       5.45557      
537     23.2086       5.45578      
538     12.9683       5.45655      
539     5.90709       5.4927       
540     26.9896       5.49616      
541     2.35509       5.5          
542     21.3618       5.52068      
543     2.45939       5.52118      
544     2.60581       5.52565      
545     0.600133      5.53768      
546     6.7549        5.538        
547     6.54809       5.55891      
548     8.29539       5.56886      
549     2.50867       5.58148      
550     3.55573       5.58439      
551     0.466066      5.58458      
552     3.01674       5.59274      
553     8.81514       5.59341      
554     41.8612       5.60209      
555     9.47615       5.60922      
556     8.53306       5.61125      
557     4.65155       5.6209       
558     2.28429       5.64516      
559     3.71773       5.65048      
560     9.63955       5.65393      
561     26.3508       5.65542      
562     0.652641      5.65833      
563     13.1905       5.66784      
564     0.562828      5.66899      
565     17.6648       5.67729      
566     3.50108       5.68219      
567     11.5862       5.68223      
568     0.649453      5.69811      
569     7.66442       5.69857      
570     11.1          5.7115       
571     2.53523       5.73747      
572     5.96671       5.73759      
573     2.34864       5.761        
574     31.7147       5.76793      
575     26.9346       5.77747      
576     14.442        5.77886      
577     3.97004       5.79861      
578     5.32264       5.80935      
579     13.6085       5.83875      
580     5.91393       5.84119      
581     2.83094       5.84573      
582     4.57782       5.85284      
583     3.81873       5.85994      
584     2.99726       5.86057      
585     8.46716       5.87115      
586     30.2845       5.87405      
587     1.24621       5.87694      
588     10.972        5.88782      
589     3.81895       5.89282      
590     29.6698       5.89616      
591     53.1832       5.89794      
592     2.98426       5.90118      
593     0.552547      5.90419      
594     6.50157       5.90924      
595     0.881642      5.91303      
596     2.63791       5.91773      
597     8.97812       5.91831      
598     0.167518      5.92606      
599     10.8802       5.92607      
600     12.1199       5.93329      
601     3.86106       5.95082      
602     4.63638       5.95086      
603     3.1633        5.95334      
604     2.24376       5.95941      
605     11.2524       5.96901      
606     0.981111      5.96917      
607     32.1232       5.97291      
608     0.734798      5.97616      
609     17.3833       5.99274      
610     5.75198       5.99408      
611     1.77149       6.01481      
612     0.501539      6.01489      
613     4.07458       6.01944      
614     2.60996       6.02424      
615     1.42061       6.02619      
616     13.3219       6.02871      
617     25.951        6.03411      
618     11.4221       6.04799      
619     1.91478       6.05678      
620     0.398711      6.05916      
621     21.8761       6.05968      
622     14.7372       6.07005      
623     5.8587        6.18179      
624     4.03792       6.18198      
625     1.96621       6.18512      
626     11.3937       6.18556      
627     2.61309       6.19593      
628     2.61819       6.19612      
629     3.18262       6.20771      
630     1.04807       6.21011      
631     5.64739       6.21111      
632     8.93934       6.21151      
633     1.78766       6.21155      
634     3.43001       6.21516      
635     9.11437       6.21709      
636     0.474404      6.21766      
637     2.44942       6.2194       
638     3.65537       6.21952      
639     0.635397      6.23211      
640     3.27787       6.23216      
641     11.354        6.25407      
642     0.430007      6.25416      
643     0.868995      6.25487      
644     0.906361      6.26548      
645     4.18071       6.2661       
646     2.3679        6.26723      
647     2.02925       6.27189      
648     6.00932       6.27279      
649     3.2009        6.27422      
650     3.91578       6.27832      
651     0.474872      6.28223      
652     7.79741       6.28236      
