304          287         
304          308         
304          328         
304          305         
304          313         
304          272         
304          306         
304          218         
304          303         
304          311         
304          359         
304          283         
304          286         
304          289         
304          314         
304          343         
304          336         
304          295         
304          312         
11           13          
11           10          
11           15          
11           16          
146          161         
146          153         
146          74          
146          174         
146          147         
103          99          
103          160         
103          98          
103          102         
103          105         
103          115         
103          112         
103          45          
103          76          
103          106         
103          77          
103          101         
305          310         
305          315         
305          160         
305          200         
305          332         
305          322         
305          303         
305          373         
305          336         
305          218         
305          307         
7            6           
47           62          
47           46          
47           48          
47           61          
47           142         
85           61          
85           224         
85           168         
85           52          
85           359         
85           125         
85           84          
85           144         
85           336         
12           13          
12           16          
150          156         
150          155         
150          141         
150          152         
150          142         
150          154         
150          194         
150          148         
150          153         
150          182         
150          203         
150          149         
150          174         
150          124         
150          193         
150          137         
150          79          
150          143         
150          191         
150          125         
150          151         
150          252         
150          159         
150          123         
82           80          
82           83          
82           61          
82           69          
155          191         
155          164         
155          152         
155          100         
155          182         
1            2           
348          347         
348          310         
348          351         
348          345         
348          350         
348          322         
348          359         
348          340         
348          349         
348          336         
316          200         
316          359         
316          315         
83           90          
83           80          
83           52          
83           84          
341          42          
341          342         
341          343         
286          283         
39           42          
39           40          
39           41          
39           71          
181          180         
181          219         
181          209         
181          189         
181          178         
181          191         
181          224         
181          183         
181          188         
181          220         
181          187         
181          211         
181          185         
181          198         
181          216         
181          190         
181          179         
181          182         
181          169         
361          359         
190          180         
190          243         
190          189         
190          279         
190          191         
190          224         
190          197         
190          160         
190          188         
190          244         
190          187         
190          198         
190          183         
190          185         
190          208         
190          192         
190          182         
190          144         
300          308         
300          323         
300          328         
300          315         
300          200         
300          332         
300          303         
300          301         
300          302         
300          193         
300          329         
300          252         
300          334         
300          336         
300          276         
300          331         
336          326         
336          344         
336          351         
336          272         
336          339         
336          346         
336          313         
336          359         
336          334         
336          295         
336          307         
336          315         
336          200         
336          332         
336          322         
336          333         
336          335         
336          340         
336          312         
336          329         
336          314         
336          324         
336          310         
336          338         
336          374         
336          323         
336          294         
336          337         
336          373         
336          327         
336          325         
336          308         
336          328         
336          303         
336          311         
336          331         
9            10          
9            8           
199          222         
199          215         
199          217         
199          213         
199          191         
199          224         
199          200         
199          197         
199          160         
199          162         
199          236         
199          211         
199          166         
199          198         
199          216         
199          212         
199          257         
199          182         
199          169         
375          373         
375          359         
375          376         
375          374         
142          144         
142          34          
142          74          
142          141         
142          152         
142          87          
142          61          
142          145         
142          77          
142          160         
142          149         
142          35          
142          138         
142          164         
142          126         
142          123         
142          79          
142          143         
142          191         
142          125         
142          106         
142          124         
142          36          
142          122         
256          268         
256          255         
256          263         
256          272         
256          224         
243          160         
243          217         
243          192         
243          229         
243          191         
243          224         
243          193         
243          197         
243          218         
243          213         
243          244         
243          207         
243          211         
243          225         
243          198         
243          216         
243          230         
243          237         
98           99          
98           95          
98           105         
98           102         
98           110         
98           114         
98           78          
98           111         
98           118         
98           76          
98           106         
98           97          
98           104         
98           117         
98           100         
98           101         
293          294         
102          99          
102          160         
102          76          
102          65          
102          110         
102          86          
102          162         
102          105         
102          112         
102          77          
102          106         
102          87          
102          97          
102          169         
102          92          
102          101         
229          226         
229          217         
229          235         
229          228         
229          191         
229          224         
229          200         
229          216         
229          160         
229          213         
229          207         
229          211         
229          231         
229          193         
229          225         
229          230         
229          227         
229          218         
315          272         
315          313         
315          359         
315          334         
315          200         
315          332         
315          322         
315          333         
315          329         
315          314         
315          324         
315          323         
315          373         
315          327         
315          325         
315          328         
315          370         
315          303         
315          331         
224          268         
224          215         
224          209         
224          272         
224          274         
224          160         
224          246         
224          261         
224          220         
224          226         
224          201         
224          233         
224          198         
224          203         
224          5           
224          223         
224          219         
224          200         
224          168         
224          255         
224          273         
224          236         
224          206         
224          195         
224          202         
224          262         
224          144         
224          260         
224          212         
224          208         
224          227         
224          237         
224          182         
224          222         
224          189         
224          323         
224          231         
224          216         
224          164         
224          238         
224          275         
224          207         
224          211         
224          232         
224          283         
224          234         
224          193         
224          225         
224          213         
224          230         
224          276         
224          228         
224          217         
224          235         
224          191         
224          188         
224          197         
224          196         
224          242         
224          244         
224          187         
224          172         
224          214         
224          240         
224          239         
224          277         
224          251         
224          241         
224          221         
224          192         
224          218         
224          281         
224          169         
200          161         
200          215         
200          194         
200          272         
200          206         
200          144         
200          220         
200          228         
200          201         
200          233         
200          198         
200          141         
200          152         
200          334         
200          166         
200          170         
200          157         
200          213         
200          168         
200          255         
200          162         
200          195         
200          202         
200          176         
200          248         
200          225         
200          208         
200          203         
200          172         
200          182         
200          159         
200          160         
200          174         
200          167         
200          216         
200          164         
200          221         
200          283         
200          193         
200          145         
200          261         
200          165         
200          276         
200          250         
200          332         
200          217         
200          328         
200          191         
200          197         
200          196         
200          259         
200          177         
200          163         
200          151         
200          207         
200          252         
200          204         
200          257         
200          251         
200          169         
353          352         
353          359         
322          311         
322          324         
322          308         
322          323         
322          369         
322          374         
322          359         
322          310         
322          329         
322          373         
322          321         
322          328         
162          161         
162          105         
162          119         
162          110         
162          86          
162          118         
162          74          
162          152         
162          166         
162          170         
162          100         
162          171         
162          236         
162          145         
162          111         
162          182         
162          159         
162          160         
162          167         
162          164         
162          175         
162          165         
162          158         
162          117         
162          163         
162          169         
333          331         
333          334         
333          332         
264          268         
264          267         
264          263         
264          272         
264          275         
367          366         
202          160         
202          217         
202          207         
202          272         
202          191         
202          197         
202          213         
202          220         
202          193         
202          201         
202          211         
202          198         
202          216         
202          225         
202          168         
202          169         
111          99          
111          160         
111          119         
111          158         
111          105         
111          112         
111          193         
111          110         
111          106         
111          97          
111          117         
111          100         
111          169         
262          272         
262          255         
262          263         
262          275         
262          283         
262          261         
262          268         
340          339         
340          310         
340          346         
340          359         
371          373         
371          359         
371          263         
312          314         
312          313         
312          311         
329          310         
329          328         
329          332         
329          303         
329          359         
329          373         
329          334         
329          331         
129          160         
129          128         
129          130         
129          168         
129          140         
129          133         
129          169         
314          324         
314          327         
314          328         
314          313         
314          359         
314          373         
314          331         
80           90          
80           81          
80           91          
80           84          
80           79          
135          134         
254          255         
254          182         
237          226         
237          216         
237          218         
237          211         
237          225         
182          161         
182          180         
182          183         
182          152         
182          198         
182          141         
182          166         
182          170         
182          204         
182          153         
182          176         
182          248         
182          260         
182          172         
182          160         
182          174         
182          220         
182          164         
182          211         
182          193         
182          261         
182          56          
182          179         
182          165         
182          250         
182          325         
182          175         
182          191         
182          188         
182          259         
182          187         
182          163         
182          151         
182          258         
182          251         
290          287         
290          291         
290          289         
31           35          
31           30          
31           29          
31           36          
31           34          
31           32          
222          228         
222          226         
222          223         
324          379         
324          323         
324          328         
324          359         
324          332         
324          313         
324          373         
324          376         
324          374         
324          334         
324          343         
324          331         
267          263         
267          272         
267          270         
267          266         
267          259         
267          265         
267          283         
267          253         
267          268         
267          255         
338          359         
279          280         
279          141         
279          203         
279          346         
279          359         
279          278         
279          366         
279          250         
279          204         
279          296         
279          174         
270          263         
270          272         
270          268         
138          128         
138          139         
138          126         
138          137         
138          140         
138          127         
186          187         
238          216         
238          240         
238          239         
238          241         
115          105         
115          128         
115          69          
115          112         
115          91          
115          68          
115          110         
115          120         
115          116         
115          77          
115          89          
115          160         
115          93          
115          131         
115          133         
115          117         
115          76          
115          106         
115          73          
115          94          
115          114         
78           62          
78           61          
78           110         
78           106         
78           97          
78           43          
78           77          
78           76          
292          287         
292          272         
292          275         
292          291         
292          283         
292          276         
113          161         
113          112         
113          106         
283          272         
283          274         
283          273         
283          313         
283          268         
283          295         
283          287         
283          282         
283          263         
283          260         
283          225         
283          284         
283          275         
283          289         
283          261         
283          213         
283          276         
283          211         
283          191         
283          259         
283          277         
283          285         
283          281         
17           10          
17           18          
17           15          
17           16          
358          359         
79           149         
79           61          
79           106         
79           77          
373          379         
373          370         
373          374         
373          372         
373          331         
373          303         
373          359         
373          376         
373          310         
373          378         
373          380         
373          328         
131          130         
131          132         
131          128         
131          110         
230          226         
230          217         
230          223         
230          191         
230          231         
230          216         
230          218         
230          213         
230          211         
230          225         
230          228         
92           99          
92           62          
92           61          
92           59          
92           91          
92           106         
92           97          
92           90          
92           100         
92           101         
6            20          
134          130         
134          156         
134          153         
134          136         
134          137         
134          74          
325          310         
325          327         
325          334         
325          165         
72           62          
72           160         
72           61          
72           69          
72           70          
72           71          
72           74          
72           106         
72           73          
72           77          
72           46          
308          327         
308          303         
308          310         
308          307         
308          334         
308          331         
235          359         
235          225         
235          217         
328          327         
328          272         
328          359         
328          332         
328          303         
328          311         
328          310         
328          334         
328          346         
328          331         
191          161         
191          215         
191          209         
191          272         
191          180         
191          183         
191          152         
191          226         
191          201         
191          233         
191          198         
191          74          
191          141         
191          145         
191          166         
191          185         
191          144         
191          213         
191          194         
191          168         
191          171         
191          203         
191          206         
191          195         
191          153         
191          176         
191          177         
191          248         
191          216         
191          260         
191          225         
191          208         
191          170         
191          227         
191          172         
191          159         
191          160         
191          149         
191          189         
191          174         
191          228         
191          220         
191          164         
191          175         
191          211         
191          193         
191          261         
191          143         
191          179         
191          165         
191          276         
191          221         
191          158         
191          217         
191          273         
191          178         
191          188         
191          197         
191          196         
191          219         
191          244         
191          187         
191          163         
191          151         
191          207         
191          241         
191          252         
191          192         
191          218         
191          251         
191          169         
88           89          
88           64          
88           59          
197          215         
197          201         
197          198         
197          166         
197          195         
197          213         
197          168         
197          212         
197          208         
197          160         
197          216         
197          164         
197          211         
197          193         
197          225         
197          165         
197          217         
197          221         
197          196         
197          207         
197          210         
197          218         
197          169         
196          160         
196          215         
196          213         
196          164         
196          177         
196          233         
196          193         
196          216         
196          260         
196          225         
196          208         
196          165         
196          172         
196          170         
52           51          
52           54          
52           50          
52           55          
52           53          
52           84          
52           49          
50           49          
50           51          
59           62          
59           61          
59           60          
59           64          
59           38          
59           65          
59           45          
59           41          
59           74          
59           73          
59           42          
59           58          
59           57          
59           76          
303          323         
303          332         
303          310         
303          331         
303          343         
303          302         
303          307         
303          252         
303          334         
132          130         
132          128         
132          144         
132          126         
132          141         
132          133         
311          310         
311          359         
214          211         
214          216         
214          215         
214          213         
376          379         
376          377         
376          359         
376          374         
376          366         
376          378         
376          380         
41           61          
41           40          
41           73          
41           42          
106          99          
106          161         
106          105         
106          109         
106          107         
106          110         
106          144         
106          112         
106          45          
106          118         
106          74          
106          141         
106          120         
106          43          
106          145         
106          119         
106          60          
106          61          
106          171         
106          71          
106          108         
106          77          
106          101         
106          160         
106          93          
106          56          
106          100         
106          46          
106          114         
106          70          
106          117         
106          76          
106          73          
106          97          
106          104         
106          94          
106          57          
106          169         
252          139         
252          272         
252          164         
252          263         
252          203         
252          249         
252          253         
252          141         
252          152         
252          250         
252          174         
252          255         
252          251         
252          248         
140          161         
140          128         
140          130         
140          122         
140          126         
140          136         
140          74          
140          157         
140          127         
94           160         
94           93          
94           61          
94           71          
94           91          
257          272         
257          263         
257          268         
257          258         
380          379         
380          0           
281          272         
331          323         
331          359         
331          370         
331          332         
331          310         
331          327         
331          335         
331          334         
319          318         
319          320         
161          156         
161          122         
161          249         
161          74          
161          152         
161          157         
161          145         
161          153         
161          147         
161          159         
161          160         
161          164         
161          211         
161          193         
161          165         
161          163         
161          169         
105          99          
105          160         
105          119         
105          107         
105          112         
105          117         
105          110         
105          97          
105          56          
105          104         
105          100         
105          108         
105          101         
209          180         
209          261         
209          217         
209          213         
209          216         
209          188         
209          211         
209          232         
209          207         
209          212         
209          210         
209          169         
351          359         
351          309         
351          310         
107          56          
107          101         
274          213         
274          272         
274          273         
274          225         
69           62          
69           61          
69           70          
69           64          
69           68          
69           114         
69           73          
69           110         
13           10          
13           16          
13           15          
13           20          
183          160         
183          189         
183          188         
183          180         
183          185         
183          198         
183          169         
346          310         
346          359         
346          5           
247          246         
247          198         
247          263         
247          220         
247          219         
220          215         
220          194         
220          246         
220          201         
220          198         
220          203         
220          223         
220          228         
220          139         
220          225         
220          208         
220          160         
220          174         
220          216         
220          164         
220          211         
220          193         
220          213         
220          179         
220          175         
220          217         
220          178         
220          221         
220          218         
220          219         
220          244         
220          187         
220          241         
313          327         
313          272         
313          291         
313          261         
201          160         
201          217         
201          213         
201          272         
201          164         
201          193         
201          211         
201          198         
201          216         
201          225         
201          218         
362          359         
40           42          
40           61          
309          218         
309          310         
309          307         
68           62          
68           37          
68           61          
198          180         
198          246         
198          213         
198          145         
198          144         
198          185         
198          208         
198          160         
198          189         
198          216         
198          164         
198          211         
198          179         
198          175         
198          217         
198          178         
198          188         
198          218         
198          219         
198          244         
198          187         
198          221         
198          192         
74           62          
74           156         
74           144         
74           122         
74           45          
74           119         
74           110         
74           141         
74           152         
74           43          
74           58          
74           66          
74           130         
74           157         
74           61          
74           65          
74           75          
74           145         
74           153         
74           77          
74           160         
74           173         
74           164         
74           158         
74           211         
74           193         
74           123         
74           56          
74           100         
74           46          
74           70          
74           117         
74           63          
74           76          
74           73          
74           57          
74           169         
141          144         
141          152         
141          153         
141          159         
141          160         
141          149         
141          174         
141          124         
141          193         
141          137         
141          143         
141          125         
141          151         
141          123         
120          160         
120          168         
120          71          
120          117         
120          133         
120          169         
32           29          
32           28          
32           34          
32           36          
360          359         
43           62          
43           61          
43           45          
43           44          
43           60          
43           77          
364          366         
166          160         
166          167         
166          164         
166          172         
166          163         
166          165         
166          169         
195          160         
195          193         
195          207         
38           37          
38           45          
38           61          
5            242         
5            4           
5            244         
5            10          
5            359         
5            374         
5            378         
5            2           
347          359         
95           97          
14           15          
320          318         
282          218         
282          284         
282          272         
61           86          
61           45          
61           64          
61           112         
61           42          
61           58          
61           66          
61           87          
61           65          
61           75          
61           71          
61           48          
61           60          
61           77          
61           44          
61           28          
61           56          
61           100         
61           46          
61           62          
61           70          
61           63          
61           67          
61           76          
61           73          
61           97          
61           57          
61           114         
139          272         
139          126         
139          185         
139          174         
306          359         
148          143         
148          149         
148          152         
171          160         
171          169         
3            2           
236          89          
236          217         
236          213         
236          216         
236          211         
236          225         
22           24          
22           27          
22           20          
22           21          
22           23          
71           62          
71           58          
71           332         
71           70          
71           145         
71           73          
71           77          
71           46          
291          287         
291          289         
153          149         
153          156         
153          164         
153          157         
153          174         
153          145         
153          154         
153          151         
153          152         
153          159         
153          165         
153          147         
153          169         
23           24          
23           27          
23           20          
23           21          
176          160         
176          174         
176          164         
176          177         
176          193         
176          165         
176          172         
253          272         
253          263         
253          163         
253          248         
253          251         
248          272         
248          255         
248          165         
248          276         
248          159         
366          299         
366          365         
366          368         
212          215         
212          213         
212          218         
212          211         
212          217         
212          216         
212          225         
212          169         
208          160         
208          217         
208          213         
208          211         
208          225         
208          241         
208          216         
208          192         
208          218         
208          169         
354          359         
354          355         
37           58          
37           45          
37           76          
172          160         
172          165         
172          163         
172          193         
172          170         
77           99          
77           112         
77           45          
77           114         
77           66          
77           60          
77           93          
77           28          
77           46          
77           62          
77           63          
77           76          
77           73          
77           97          
101          99          
101          87          
101          118         
101          112         
101          117         
101          110         
101          97          
101          56          
101          91          
101          100         
160          180         
160          152         
160          112         
160          119         
160          109         
160          145         
160          185         
160          144         
160          157         
160          127         
160          260         
160          100         
160          170         
160          159         
160          206         
160          149         
160          128         
160          216         
160          164         
160          118         
160          158         
160          193         
160          56          
160          213         
160          179         
160          165         
160          108         
160          221         
160          114         
160          178         
160          242         
160          244         
160          117         
160          151         
160          207         
160          168         
160          218         
160          169         
149          147         
149          152         
149          156         
149          125         
149          144         
149          184         
149          145         
149          151         
149          137         
149          143         
149          159         
149          174         
149          164         
35           29          
35           34          
35           36          
26           24          
26           27          
167          119         
167          164         
167          163         
167          165         
167          170         
25           24          
216          215         
216          272         
216          206         
216          246         
216          144         
216          226         
216          233         
216          223         
216          168         
216          189         
216          164         
216          211         
216          193         
216          225         
216          213         
216          165         
216          276         
216          228         
216          217         
216          219         
216          244         
216          207         
216          241         
216          221         
216          192         
216          210         
216          218         
216          251         
216          239         
164          144         
164          203         
164          157         
164          168         
164          145         
164          159         
164          174         
164          193         
164          165         
164          250         
164          175         
164          187         
164          163         
164          151         
164          169         
284          310         
284          272         
284          332         
284          218         
337          294         
337          332         
337          359         
337          334         
337          268         
44           62          
44           45          
232          226         
232          223         
232          228         
232          231         
232          227         
232          211         
232          233         
232          225         
232          234         
28           62          
28           27          
28           20          
28           45          
28           24          
28           60          
84           90          
137          128         
137          126         
137          136         
137          144         
137          133         
96           97          
56           62          
56           21          
56           112         
56           46          
56           63          
56           55          
56           97          
349          359         
179          178         
179          180         
179          144         
179          193         
179          169         
327          326         
327          332         
327          359         
327          310         
327          334         
165          152         
165          157         
165          170         
165          255         
165          145         
165          159         
165          211         
165          193         
165          250         
165          259         
165          177         
165          163         
165          210         
165          251         
165          169         
15           10          
15           16          
108          112         
46           62          
46           70          
46           45          
46           42          
46           64          
46           60          
46           65          
62           99          
62           86          
62           45          
62           64          
62           67          
62           58          
62           66          
62           60          
62           87          
62           65          
62           100         
62           70          
62           63          
62           73          
62           97          
62           110         
294          268         
158          145         
158          169         
21           27          
21           20          
21           24          
21           36          
90           91          
178          144         
178          244         
178          169         
188          189         
188          180         
188          185         
188          187         
188          211         
188          192         
372          359         
372          374         
27           261         
27           263         
27           122         
27           24          
27           125         
27           123         
27           124         
218          215         
218          246         
218          307         
218          168         
218          213         
218          211         
218          225         
218          223         
218          217         
218          219         
218          207         
218          241         
218          221         
218          192         
259          272         
259          255         
259          263         
259          211         
259          261         
244          144         
244          217         
244          213         
244          242         
244          187         
244          211         
244          225         
244          192         
187          180         
187          144         
187          189         
187          185         
187          211         
187          192         
163          152         
163          100         
163          159         
163          170         
125          144         
125          152         
125          124         
125          126         
125          123         
125          143         
125          122         
240          241         
151          130         
151          145         
151          152         
277          287         
277          272         
277          275         
76           99          
76           60          
76           110         
76           45          
76           112         
76           97          
76           58          
76           114         
33           34          
124          128         
124          121         
124          126         
124          123         
124          152         
124          143         
124          122         
36           34          
104          97          
104          118         
2            0           
210          215         
210          213         
210          211         
210          217         
251          174         
251          255         
251          263         
251          193         
251          272         
169          128         
169          180         
169          112         
169          119         
169          170         
169          144         
169          168         
169          145         
169          159         
169          152         
169          211         
169          193         
169          185         
169          177         
169          117         
379          359         
379          374         
339          359         
215          217         
215          223         
215          219         
215          211         
215          225         
215          246         
215          213         
180          175         
180          189         
180          185         
180          211         
246          219         
246          263         
246          272         
246          245         
246          228         
86           87          
86           65          
86           126         
86           114         
265          268         
265          266         
265          263         
112          114         
112          118         
112          97          
45           60          
45           65          
45           73          
45           58          
45           57          
91           114         
359          344         
359          307         
359          326         
359          334         
359          378         
359          295         
359          357         
359          345         
359          350         
359          352         
359          356         
359          342         
359          20          
359          310         
359          374         
359          323         
359          318         
359          343         
359          370         
359          363         
359          332         
64           63          
64           65          
64           42          
64           97          
64           58          
64           100         
64           66          
64           60          
67           66          
249          250         
249          122         
114          133         
114          97          
114          145         
114          110         
278          250         
16           10          
16           18          
16           19          
42           73          
42           334         
334          332         
334          356         
334          330         
334          335         
334          310         
334          323         
334          370         
378          377         
378          374         
58           60          
127          128         
127          126         
127          144         
127          133         
66           89          
66           65          
66           97          
66           60          
66           100         
60           99          
60           65          
60           97          
287          288         
287          289         
287          276         
130          128         
87           65          
87           126         
223          217         
223          213         
223          272         
223          231         
223          226         
223          211         
223          233         
223          207         
223          225         
223          227         
223          234         
223          228         
345          344         
194          174         
194          193         
194          203         
194          143         
194          207         
219          217         
219          213         
219          174         
219          203         
219          225         
219          272         
65           63          
168          144         
168          128         
168          206         
168          193         
288          289         
263          272         
263          273         
263          271         
263          268         
263          255         
263          275         
263          261         
263          266         
263          258         
145          144         
145          152         
145          157         
145          159         
145          126         
145          185         
377          19          
377          374         
205          206         
335          332         
260          213         
260          272         
260          275         
260          225         
225          272         
225          144         
225          226         
225          233         
225          234         
225          206         
225          231         
225          227         
225          275         
225          211         
225          193         
225          213         
225          276         
225          228         
225          217         
225          207         
225          241         
225          221         
225          192         
19           20          
147          174         
147          152         
147          143         
234          226         
234          217         
234          228         
234          231         
234          233         
159          152         
159          157         
206          217         
206          213         
206          272         
206          211         
310          332         
310          370         
189          144         
189          185         
189          211         
189          192         
174          203         
174          204         
174          173         
174          154         
174          193         
174          143         
174          250         
174          175         
323          343         
323          272         
323          332         
184          185         
231          226         
231          227         
231          211         
231          233         
231          207         
231          228         
317          318         
227          226         
227          193         
227          228         
29           34          
29           30          
275          268         
275          211         
275          273         
275          272         
275          255         
275          261         
275          276         
275          213         
298          299         
298          296         
298          297         
126          144         
126          128         
126          152         
126          122         
126          123         
126          121         
126          133         
211          272         
211          261         
211          226         
211          233         
211          255         
211          193         
211          213         
211          276         
211          228         
211          217         
211          239         
211          207         
211          221         
211          192         
10           8           
193          203         
193          144         
193          261         
193          143         
193          276         
193          207         
123          144         
123          128         
123          152         
123          121         
123          122         
261          273         
261          272         
261          266         
143          173         
143          122         
143          203         
143          154         
100          119         
100          110         
100          117         
100          118         
100          97          
100          99          
276          213         
276          272         
276          289         
133          128         
133          185         
250          255         
250          203         
250          204         
250          272         
217          226         
217          213         
217          228         
217          241         
217          221         
369          370         
343          272         
343          342         
370          332         
370          20          
221          213         
221          272         
266          272         
266          268         
70           73          
185          192         
121          122         
117          99          
117          119         
117          110         
117          118         
117          97          
207          213         
207          204         
207          203         
241          213         
241          239         
269          268         
97           99          
97           110         
192          144         
192          242         
192          213         
258          272         
99           110         
226          213         
226          233         
226          228         
272          273         
272          271         
272          268         
272          228         
272          255         
272          213         
272          289         
128          144         
128          122         
273          213         
273          289         
273          268         
273          295         
144          152         
144          213         
20           332         
20           24          
122          152         
271          268         
233          228         
118          119         
203          204         
152          119         
152          157         
152          154         
213          228         
332          330         
