177          182         
177          176         
296          338         
296          290         
296          302         
296          277         
296          255         
296          297         
296          295         
296          268         
296          306         
296          294         
296          269         
296          276         
296          267         
296          311         
296          335         
296          260         
296          263         
296          300         
296          388         
296          288         
296          266         
296          308         
199          202         
199          197         
199          196         
199          195         
56           50          
56           46          
56           49          
56           83          
56           58          
56           55          
134          148         
134          50          
134          92          
134          141         
134          93          
134          27          
134          111         
134          133         
134          135         
134          83          
134          127         
134          150         
134          129         
217          216         
217          218         
290          27          
290          293         
290          23          
290          284         
290          282         
290          8           
290          264         
290          262         
290          288         
290          291         
290          233         
290          281         
290          268         
290          388         
190          188         
190          191         
145          163         
145          130         
145          146         
145          143         
145          63          
145          121         
85           69          
85           263         
85           130         
85           380         
85           13          
85           102         
85           302         
85           255         
85           61          
85           116         
85           71          
85           268         
85           273         
201          202         
47           50          
47           53          
47           51          
47           45          
47           9           
47           59          
47           63          
47           10          
47           44          
47           49          
47           48          
47           30          
47           52          
47           46          
47           33          
47           12          
47           64          
47           71          
47           126         
47           58          
47           23          
47           61          
47           62          
47           353         
118          117         
118          130         
118          124         
118          133         
118          161         
45           46          
45           23          
45           44          
45           49          
45           51          
45           151         
45           33          
45           30          
215          216         
215          218         
238          243         
238          240         
238          262         
238          247         
238          255         
238          244         
238          239         
238          293         
238          268         
246          262         
246          23          
246          284         
246          357         
246          8           
246          255         
117          115         
117          102         
117          124         
117          116         
298          299         
298          300         
298          114         
297          311         
98           99          
98           97          
98           119         
98           114         
31           397         
31           29          
31           18          
31           384         
31           363         
31           6           
31           19          
31           43          
31           380         
31           30          
31           21          
31           390         
31           385         
31           28          
31           354         
31           32          
31           23          
31           26          
31           20          
31           22          
31           16          
31           34          
254          255         
19           392         
19           27          
19           390         
19           23          
19           29          
19           357         
19           0           
19           18          
19           380         
19           393         
19           16          
19           69          
19           21          
19           6           
19           5           
19           22          
19           20          
19           4           
19           30          
285          260         
285          263         
285          280         
285          284         
285          282         
285          8           
285          287         
285          288         
285          286         
285          12          
285          265         
285          353         
285          281         
285          268         
285          334         
285          273         
268          245         
268          248         
268          293         
268          261         
268          277         
268          295         
268          281         
268          338         
268          291         
268          280         
268          284         
268          8           
268          264         
268          274         
268          275         
268          244         
268          269         
268          265         
268          276         
268          262         
268          279         
268          267         
268          270         
268          311         
268          233         
268          258         
268          259         
268          289         
268          271         
268          260         
268          263         
268          282         
268          288         
268          255         
268          266         
268          273         
200          197         
7            386         
7            368         
7            23          
7            380         
7            8           
7            36          
7            41          
7            2           
7            27          
7            385         
7            0           
7            6           
7            391         
7            390         
7            389         
7            396         
7            349         
7            34          
7            30          
230          255         
230          220         
230          229         
230          232         
230          233         
63           50          
63           51          
63           65          
63           171         
63           83          
63           59          
63           130         
63           70          
63           69          
63           33          
63           129         
63           27          
63           52          
63           172         
63           127         
63           78          
63           68          
63           64          
63           126         
63           58          
63           23          
63           61          
63           62          
63           169         
345          338         
345          346         
345          337         
345          380         
345          329         
345          30          
392          391         
392          27          
392          23          
392          380         
392          0           
392          390         
392          388         
392          399         
392          393         
392          389         
392          385         
392          12          
392          6           
392          379         
392          369         
392          4           
392          378         
155          148         
155          154         
155          92          
155          131         
155          152         
155          88          
155          156         
155          89          
155          87          
155          135         
155          127         
155          153         
155          158         
155          151         
155          150         
272          271         
141          148         
141          142         
141          92          
141          139         
141          140         
141          93          
141          27          
141          111         
141          135         
141          127         
141          153         
141          152         
141          149         
141          34          
141          129         
378          27          
378          367         
378          23          
378          380         
378          8           
378          390         
378          388         
378          370         
378          373         
378          389         
378          385         
378          375         
378          377         
378          12          
378          362         
378          391         
378          376         
378          379         
378          399         
378          369         
284          338         
284          277         
284          255         
284          281         
284          282         
284          8           
284          264         
284          274         
284          265         
284          276         
284          279         
284          280         
284          233         
284          258         
284          289         
284          263         
284          257         
284          288         
284          273         
380          386         
380          397         
380          338         
380          343         
380          365         
380          69          
380          384         
380          27          
380          395         
380          377         
380          6           
380          9           
380          34          
380          329         
380          376         
380          213         
380          373         
380          374         
380          3           
380          363         
380          346         
380          8           
380          2           
380          1           
380          394         
380          340         
380          399         
380          375         
380          325         
380          379         
380          396         
380          5           
380          391         
380          371         
380          381         
380          30          
380          15          
380          382         
380          368         
380          21          
380          46          
380          326         
380          370         
380          390         
380          33          
380          360         
380          385         
380          372         
380          311         
380          12          
380          359         
380          335         
380          369         
380          334         
380          389         
380          367         
380          362         
380          23          
380          20          
380          0           
380          11          
380          388         
380          393         
380          16          
380          387         
380          13          
380          361         
380          308         
380          37          
380          339         
380          4           
380          398         
380          344         
380          342         
8            50          
8            338         
8            51          
8            386         
8            69          
8            384         
8            395         
8            6           
8            9           
8            59          
8            281         
8            36          
8            39          
8            391         
8            373         
8            355         
8            282         
8            13          
8            334         
8            41          
8            70          
8            1           
8            394         
8            25          
8            351         
8            352         
8            379         
8            5           
8            37          
8            30          
8            15          
8            27          
8            46          
8            38          
8            370         
8            390         
8            33          
8            339         
8            311         
8            12          
8            335         
8            40          
8            354         
8            10          
8            289         
8            389         
8            263         
8            23          
8            377         
8            0           
8            11          
8            388         
8            336         
8            24          
8            350         
8            42          
8            382         
8            346         
8            399         
8            48          
8            353         
8            349         
8            344         
8            34          
237          255         
237          236         
264          260         
264          279         
264          263         
264          282         
264          262         
264          266         
264          255         
264          221         
264          232         
264          265         
264          233         
264          281         
264          256         
264          211         
41           50          
41           92          
41           140         
41           87          
41           152         
41           83          
41           51          
41           36          
41           39          
41           35          
41           2           
41           70          
41           89          
41           325         
41           48          
41           30          
41           27          
41           38          
41           33          
41           151         
41           40          
41           32          
41           84          
41           88          
41           42          
41           86          
41           350         
41           34          
274          281         
274          282         
274          273         
341          330         
341          332         
341          337         
341          339         
341          335         
341          329         
341          338         
322          321         
307          306         
394          391         
394          27          
394          338         
394          23          
394          390         
394          388         
394          389         
394          395         
394          0           
394          12          
394          6           
394          379         
394          385         
394          13          
89           27          
89           92          
89           86          
89           84          
89           93          
89           88          
89           34          
89           12          
89           152         
89           83          
89           127         
89           153         
89           151         
89           91          
89           150         
340          338         
340          337         
340          346         
340          339         
340          311         
340          335         
340          329         
340          334         
340          344         
244          245         
244          243         
244          262         
244          261         
244          255         
235          255         
235          337         
235          233         
269          263         
269          277         
269          266         
269          255         
269          276         
265          262         
265          263         
265          282         
265          288         
265          255         
265          233         
265          281         
265          273         
82           81          
82           27          
82           76          
82           13          
82           67          
82           83          
82           79          
82           75          
82           34          
276          279         
276          263         
276          277         
276          255         
276          233         
276          273         
347          385         
347          338         
347          336         
347          346         
315          314         
315          321         
124          115         
124          126         
124          112         
124          116         
124          127         
124          123         
348          30          
348          346         
381          375         
381          390         
381          388         
381          385         
381          379         
30           50          
30           51          
30           29          
30           18          
30           6           
30           59          
30           355         
30           36          
30           39          
30           49          
30           25          
30           352         
30           325         
30           379         
30           37          
30           27          
30           46          
30           38          
30           384         
30           33          
30           385         
30           12          
30           58          
30           143         
30           28          
30           40          
30           354         
30           289         
30           32          
30           23          
30           20          
30           336         
30           24          
30           16          
30           350         
30           42          
30           344         
301          303         
301          302         
301          306         
174          173         
174          171         
174          172         
174          175         
174          169         
368          375         
368          373         
368          374         
368          390         
279          263         
279          280         
279          300         
279          288         
279          277         
279          231         
279          255         
279          229         
279          311         
279          282         
279          232         
279          233         
279          281         
279          273         
330          336         
330          338         
330          346         
330          332         
330          337         
330          328         
330          311         
330          351         
330          335         
330          327         
330          329         
267          255         
357          46          
357          23          
357          9           
357          388         
357          319         
357          255         
357          356         
357          59          
357          321         
357          355         
357          324         
357          354         
357          358         
181          182         
181          180         
181          186         
332          374         
332          338         
332          337         
332          329         
78           142         
78           76          
78           43          
78           69          
78           68          
78           71          
78           79          
78           77          
17           16          
360          390         
360          361         
360          362         
360          359         
183          182         
183          180         
183          186         
111          92          
111          76          
111          161         
111          93          
111          112         
111          160         
111          131         
111          90          
111          110         
111          107         
111          109         
111          27          
111          127         
111          80          
111          75          
111          129         
111          88          
111          135         
111          128         
111          152         
111          113         
156          163         
156          130         
156          152         
156          127         
156          153         
156          135         
156          164         
156          129         
305          338         
305          339         
305          303         
305          311         
305          334         
305          306         
94           50          
94           93          
94           34          
94           127         
311          338         
311          343         
311          302         
311          277         
311          329         
311          295         
311          306         
311          391         
311          309         
311          326         
311          337         
311          325         
311          379         
311          310         
311          339         
311          385         
311          335         
311          334         
311          23          
311          336         
311          308         
311          312         
311          342         
187          186         
251          255         
126          52          
126          130         
126          127         
126          129         
233          255         
233          220         
233          232         
233          262         
233          280         
233          263         
233          257         
233          234         
233          288         
233          229         
233          273         
233          222         
233          231         
80           81          
80           76          
80           74          
80           152         
80           127         
80           90          
369          389         
369          374         
369          338         
369          23          
369          390         
369          388         
369          370         
369          373         
369          385         
369          375         
369          391         
369          114         
369          379         
318          317         
149          148         
149          163         
149          136         
149          112         
149          127         
149          153         
149          115         
149          151         
149          150         
191          209         
191          195         
72           81          
72           53          
72           49          
72           73          
72           71          
72           83          
259          255         
259          258         
289          282         
289          281         
289          40          
122          163         
122          27          
122          130         
122          161         
122          120         
122          119         
122          83          
122          127         
122          128         
122          121         
122          165         
122          129         
260          262         
260          258         
260          288         
260          255         
260          291         
260          273         
367          255         
367          389         
263          338         
263          261         
263          302         
263          255         
263          281         
263          262         
263          280         
263          258         
263          282         
263          288         
263          266         
263          273         
23           0           
23           11          
23           353         
23           50          
23           397         
23           18          
23           384         
23           395         
23           6           
23           83          
23           59          
23           36          
23           1           
23           35          
23           2           
23           49          
23           25          
23           352         
23           5           
23           37          
23           27          
23           52          
23           390         
23           33          
23           28          
23           40          
23           84          
23           26          
23           20          
23           388         
23           393         
23           16          
23           42          
23           344         
23           34          
23           386         
23           29          
23           39          
23           10          
23           363         
23           13          
23           70          
23           325         
23           379         
23           48          
23           15          
23           21          
23           46          
23           376         
23           339         
23           385         
23           12          
23           335         
23           58          
23           334         
23           32          
23           389         
23           382         
23           22          
23           24          
23           399         
23           362         
23           4           
23           375         
23           338         
23           69          
23           377         
23           9           
23           51          
23           391         
23           373         
108          159         
108          107         
0            386         
0            397         
0            69          
0            395         
0            6           
0            1           
0            379         
0            396         
0            5           
0            27          
0            391         
0            390         
0            33          
0            385         
0            12          
0            40          
0            389         
0            382         
0            11          
0            388         
0            13          
0            399         
0            398         
0            34          
11           386         
11           27          
11           390         
11           33          
11           24          
11           389         
11           377         
11           12          
11           39          
11           391         
11           325         
11           379         
11           5           
11           40          
11           37          
102          95          
102          103         
102          105         
102          96          
102          101         
102          100         
102          116         
95           96          
95           104         
136          163         
136          130         
136          139         
136          132         
136          137         
136          133         
136          159         
136          99          
136          135         
136          83          
136          128         
136          114         
136          129         
288          300         
288          353         
288          310         
288          287         
288          291         
288          282         
288          281         
288          247         
288          280         
288          262         
288          273         
74           81          
74           27          
74           76          
74           69          
74           68          
74           59          
74           75          
266          262         
266          310         
266          255         
387          386         
387          389         
387          391         
387          390         
387          385         
229          302         
229          227         
229          255         
229          232         
229          321         
229          220         
229          231         
229          222         
229          213         
99           130         
99           97          
99           128         
99           114         
383          385         
313          323         
313          314         
127          50          
127          92          
127          147         
127          69          
127          93          
127          125         
127          87          
127          152         
127          133         
127          83          
127          90          
127          164         
127          130         
127          86          
127          35          
127          70          
127          119         
127          129         
127          148         
127          27          
127          143         
127          151         
127          91          
127          121         
127          84          
127          131         
127          120         
127          88          
127          135         
127          128         
127          153         
127          158         
127          113         
127          132         
127          34          
127          150         
353          46          
353          43          
353          346         
353          9           
353          33          
353          351         
353          59          
353          338         
353          337         
353          51          
353          344         
353          354         
353          352         
192          195         
79           81          
79           50          
79           76          
79           65          
79           68          
79           73          
79           83          
79           77          
113          27          
113          130         
113          119         
113          112         
113          90          
113          129         
349          338         
349          346         
349          337         
349          350         
349          335         
349          329         
222          221         
342          339         
342          338         
342          352         
273          255         
273          281         
273          275         
273          262         
273          280         
273          270         
273          258         
273          271         
273          282         
273          257         
226          225         
226          224         
50           51          
50           65          
50           60          
50           83          
50           59          
50           53          
50           81          
50           70          
50           49          
50           55          
50           48          
50           27          
50           52          
50           33          
50           385         
50           12          
50           40          
50           42          
50           86          
50           34          
92           148         
92           153         
92           151         
92           147         
92           86          
92           93          
92           27          
92           152         
92           88          
92           157         
92           143         
92           158         
92           91          
92           150         
397          391         
397          389         
397          29          
397          390         
397          20          
397          2           
397          385         
397          372         
397          399         
397          335         
397          396         
397          398         
397          34          
293          255         
293          262         
293          292         
147          148         
147          143         
343          391         
343          338         
343          326         
343          388         
343          339         
343          335         
343          379         
161          163         
161          130         
161          159         
161          160         
161          152         
161          128         
202          209         
202          203         
202          197         
202          195         
202          196         
18           27          
18           21          
18           29          
18           20          
18           22          
18           6           
18           34          
261          255         
261          262         
364          6           
364          337         
364          384         
364          363         
364          365         
384          386         
384          363         
384          338         
384          365         
384          69          
384          395         
384          6           
384          9           
384          391         
384          373         
384          374         
384          43          
384          375         
384          379         
384          5           
384          27          
384          46          
384          390         
384          33          
384          385         
384          12          
384          28          
384          32          
384          389         
384          26          
384          382         
384          388         
384          393         
384          16          
384          362         
180          176         
180          186         
180          178         
180          179         
180          182         
180          184         
277          338         
277          258         
277          255         
277          335         
395          391         
395          27          
395          338         
395          363         
395          390         
395          33          
395          389         
395          385         
395          12          
395          6           
395          379         
395          388         
250          255         
97           130         
292          388         
292          262         
292          291         
160          138         
160          128         
160          130         
6            29          
6            365         
6            69          
6            363         
6            70          
6            5           
6            27          
6            21          
6            391         
6            390         
6            33          
6            385         
6            28          
6            32          
6            389         
6            26          
6            20          
6            388         
6            22          
6            393         
6            16          
6            382         
6            4           
83           51          
83           29          
83           69          
83           137         
83           65          
83           93          
83           133         
83           152         
83           59          
83           53          
83           164         
83           165         
83           81          
83           130         
83           86          
83           70          
83           119         
83           49          
83           57          
83           129         
83           27          
83           128         
83           33          
83           385         
83           167         
83           12          
83           64          
83           143         
83           151         
83           40          
83           121         
83           163         
83           84          
83           67          
83           120         
83           139         
83           88          
83           144         
83           135         
83           132         
83           34          
59           69          
59           51          
59           49          
59           48          
59           27          
59           52          
59           46          
59           12          
59           64          
59           71          
59           58          
59           61          
59           62          
90           27          
90           77          
90           13          
90           93          
90           119         
90           88          
90           75          
90           34          
168          173         
168          171         
168          167         
168          169         
249          255         
164          163         
164          130         
164          133         
164          162         
164          165         
164          129         
320          321         
36           27          
36           38          
36           33          
36           42          
36           34          
36           40          
36           37          
1            27          
1            390         
1            399         
1            385         
1            12          
1            379         
211          209         
213          197         
213          3           
213          212         
213          393         
213          214         
213          255         
213          232         
213          220         
213          216         
243          255         
154          153         
154          150         
203          196         
225          224         
309          338         
309          388         
309          310         
309          255         
309          335         
130          137         
130          93          
130          166         
130          133         
130          114         
130          165         
130          142         
130          139         
130          119         
130          146         
130          140         
130          129         
130          128         
130          162         
130          167         
130          143         
130          151         
130          121         
130          163         
130          159         
130          120         
130          144         
130          135         
130          131         
130          132         
43           22          
43           46          
43           68          
43           5           
294          255         
44           52          
44           33          
44           51          
44           58          
35           34          
35           27          
218          216         
2            391         
2            389         
2            390         
2            385         
2            374         
2            379         
2            107         
208          67          
208          209         
208          206         
208          210         
208          207         
119          163         
119          282         
119          120         
119          129         
119          121         
119          15          
119          70          
119          281         
119          128         
119          165         
119          137         
303          304         
303          302         
303          306         
49           70          
49           53          
49           48          
49           55          
49           33          
49           51          
49           34          
49           52          
49           46          
49           40          
206          67          
206          209         
206          210         
206          207         
25           27          
25           46          
25           33          
25           24          
25           12          
25           40          
25           37          
351          338         
351          337         
351          42          
351          352         
352          338         
352          346         
352          334         
352          33          
352          48          
352          354         
352          40          
321          316         
321          317         
321          323         
321          324         
321          319         
396          386         
396          389         
396          390         
396          388         
396          385         
396          391         
396          379         
396          34          
5            391         
5            27          
5            388         
5            389         
5            385         
5            362         
5            390         
5            379         
5            4           
5            34          
241          255         
241          242         
184          182         
184          186         
138          137         
138          135         
138          133         
37           27          
37           12          
37           42          
37           40          
37           39          
129          137         
129          93          
129          133         
129          131         
129          165         
129          139         
129          128         
129          167         
129          91          
129          121         
129          163         
129          144         
129          135         
129          153         
129          150         
148          142         
148          112         
148          153         
148          152         
148          88          
148          143         
148          151         
148          150         
27           76          
27           69          
27           399         
27           125         
27           87          
27           21          
27           77          
27           39          
27           51          
27           70          
27           379         
27           24          
27           15          
27           382         
27           29          
27           52          
27           391         
27           390         
27           33          
27           325         
27           93          
27           86          
27           12          
27           68          
27           143         
27           3           
27           28          
27           151         
27           40          
27           91          
27           84          
27           26          
27           388         
27           22          
27           393         
27           13          
27           88          
27           48          
27           131         
27           34          
52           53          
52           54          
52           61          
52           69          
52           55          
52           51          
52           70          
52           71          
52           58          
52           46          
52           33          
52           48          
172          142         
172          173         
172          171         
172          169         
204          67          
204          207         
38           33          
38           42          
38           86          
38           40          
38           39          
219          220         
205          207         
390          386         
390          338         
390          365         
390          69          
390          377         
390          373         
390          374         
390          363         
390          334         
390          375         
390          379         
390          15          
390          382         
390          21          
390          391         
390          33          
390          385         
390          12          
390          40          
390          389         
390          388         
390          393         
390          16          
390          13          
390          399         
390          362         
390          4           
390          398         
390          344         
390          359         
33           69          
33           391         
33           70          
33           48          
33           15          
33           46          
33           12          
33           40          
33           354         
33           32          
33           24          
33           16          
33           42          
33           13          
33           34          
33           9           
310          262         
310          338         
310          282         
310          388         
270          271         
270          282         
270          255         
270          329         
270          281         
186          178         
186          185         
186          188         
186          182         
162          163         
162          139         
162          133         
372          375         
372          373         
372          374         
372          370         
372          376         
372          385         
372          377         
372          379         
372          371         
167          163         
167          67          
167          133         
167          207         
116          115         
71           76          
71           69          
71           68          
71           73          
71           75          
104          105         
157          153         
157          158         
157          152         
143          210         
143          163         
143          93          
143          144         
143          103         
143          152         
143          121         
143          165         
239          255         
28           26          
28           69          
28           29          
28           12          
28           34          
258          236         
258          257         
258          262         
258          255         
258          282         
258          281         
40           51          
40           39          
40           346         
40           70          
40           385         
40           12          
40           354         
40           336         
40           24          
40           42          
40           48          
40           398         
40           344         
40           34          
196          197         
196          195         
196          193         
196          194         
91           93          
121          163         
121          139         
121          120         
121          133         
121          159         
121          114         
163          140         
163          137         
163          133         
163          159         
163          166         
163          152         
163          165         
163          142         
163          139         
163          151         
163          120         
163          144         
163          128         
163          153         
163          107         
163          150         
271          329         
84           69          
84           70          
84           34          
210          209         
210          169         
210          207         
210          67          
115          112         
26           69          
26           393         
26           34          
20           29          
20           22          
20           16          
20           385         
20           21          
20           4           
234          255         
234          232         
234          335         
67           335         
67           337         
67           65          
67           207         
67           64          
67           62          
388          386         
388          291         
388          374         
388          363         
388          365         
388          391         
388          379         
388          362         
388          382         
388          385         
388          389         
388          13          
388          399         
388          4           
336          346         
336          337         
336          385         
336          338         
336          335         
393          3           
393          69          
393          389         
393          16          
393          385         
393          391         
393          379         
393          4           
16           363         
16           29          
16           69          
16           385         
16           21          
16           4           
16           22          
214          216         
42           39          
42           48          
42           51          
42           151         
61           51          
61           69          
61           65          
61           68          
61           64          
61           62          
61           58          
361          362         
308          338         
308          339         
308          306         
135          93          
135          137         
135          133         
135          152         
135          131         
135          153         
135          150         
170          171         
170          169         
62           76          
62           51          
62           65          
62           66          
62           68          
62           64          
62           58          
169          171         
323          324         
158          87          
158          152         
158          153         
216          221         
398          386         
398          389         
398          385         
398          391         
344          46          
344          337         
344          346         
344          12          
344          338         
344          354         
34           76          
34           29          
34           69          
34           93          
34           87          
34           51          
34           39          
34           70          
34           48          
34           86          
34           385         
34           12          
34           22          
34           24          
34           88          
34           13          
231          255         
231          232         
245          255         
386          391         
386          389         
386          374         
386          363         
386          385         
386          379         
29           69          
29           22          
29           385         
29           21          
365          373         
365          338         
365          363         
365          366         
365          337         
140          142         
140          139         
140          68          
140          131         
105          106         
328          329         
328          327         
328          337         
328          335         
93           142         
93           131         
93           87          
93           70          
93           153         
133          128         
133          139         
133          120         
133          132         
133          137         
112          131         
255          248         
255          326         
255          282         
255          302         
255          299         
255          220         
255          295         
255          291         
255          236         
255          224         
255          209         
255          280         
255          232         
255          262         
255          256         
255          253         
255          281         
255          300         
255          257         
255          240         
255          252         
255          247         
255          278         
159          139         
159          137         
159          144         
159          114         
159          153         
159          151         
159          165         
166          165         
60           65          
60           354         
131          70          
131          153         
131          152         
131          128         
131          75          
356          354         
195          197         
195          193         
195          228         
195          194         
114          128         
114          281         
281          283         
281          275         
281          262         
281          280         
281          282         
281          257         
281          278         
220          227         
220          232         
77           76          
77           69          
77           68          
77           75          
165          151         
165          153         
165          139         
165          144         
165          107         
165          150         
194          197         
194          193         
39           86          
306          304         
306          302         
306          334         
81           76          
142          139         
142          68          
142          319         
374          338         
374          375         
374          377         
374          376         
374          391         
374          373         
374          379         
374          371         
374          370         
374          385         
374          389         
374          399         
247          248         
10           46          
10           399         
10           12          
10           9           
10           58          
363          389         
363          46          
363          391         
363          12          
363          9           
363          379         
363          338         
363          373         
139          144         
139          153         
13           15          
13           3           
13           12          
13           69          
13           76          
304          302         
337          338         
337          326         
337          333         
337          329         
337          346         
337          339         
337          335         
337          327         
337          350         
178          179         
178          182         
70           69          
70           51          
70           48          
70           68          
70           22          
227          228         
227          232         
14           15          
275          282         
185          182         
325          391         
325          338         
325          326         
325          339         
325          379         
379          338         
379          375         
379          69          
379          377         
379          376         
379          373         
379          391         
379          371         
379          15          
379          370         
379          339         
379          385         
379          12          
379          334         
379          389         
379          382         
379          399         
379          362         
379          4           
193          197         
228          209         
55           46          
55           51          
55           58          
371          375         
371          389         
371          370         
371          373         
371          385         
371          377         
48           51          
48           69          
48           22          
15           391         
15           338         
15           389         
15           362         
15           385         
262          282         
262          257         
21           22          
21           69          
21           385         
21           4           
46           51          
46           9           
46           355         
46           57          
46           12          
46           58          
46           354         
46           32          
280          300         
280          282         
280          338         
54           22          
370          375         
370          373         
370          376         
370          385         
370          377         
370          399         
223          224         
376          375         
376          373         
376          377         
376          12          
173          171         
173          175         
339          338         
339          302         
339          391         
339          326         
339          385         
339          12          
339          335         
339          334         
339          346         
68           76          
68           69          
68           65          
68           66          
68           64          
68           51          
68           75          
385          338         
385          69          
385          24          
385          377         
385          373         
385          334         
385          375         
385          12          
385          359         
385          335         
385          389         
385          382         
385          346         
385          399         
385          362         
385          4           
385          391         
197          198         
189          188         
12           69          
12           334         
12           335         
12           58          
12           399         
12           9           
64           69          
64           51          
64           76          
64           65          
64           66          
64           58          
335          338         
335          326         
335          346         
335          334         
335          327         
58           65          
58           57          
58           9           
151          86          
151          88          
151          87          
151          152         
151          153         
151          150         
334          391         
334          338         
334          302         
75           22          
75           76          
354          51          
354          9           
354          338         
354          346         
354          355         
316          317         
389          338         
389          375         
389          69          
389          373         
389          391         
389          382         
389          362         
256          257         
300          299         
300          338         
257          282         
257          209         
382          391         
382          338         
327          338         
327          329         
120          128         
22           69          
22           4           
66           65          
88           86          
88           87          
88           152         
88           153         
88           150         
399          9           
399          391         
399          355         
362          391         
362          359         
331          329         
153          152         
153          150         
4            3           
4            69          
4            391         
182          179         
350          338         
150          152         
375          391         
375          377         
375          373         
338          302         
338          329         
338          391         
338          373         
338          326         
338          346         
338          333         
76           65          
76           69          
326          391         
326          302         
326          329         
326          295         
69           391         
69           51          
209          282         
209          207         
65           51          
333          329         
377          373         
87           86          
9            355         
51           86          
391          373         
282          283         
