170          169         
276          283         
276          265         
276          333         
276          313         
276          285         
276          240         
276          215         
276          266         
276          235         
276          358         
276          280         
276          278         
276          258         
276          286         
276          277         
276          275         
276          274         
276          273         
276          251         
186          190         
186          179         
186          187         
186          185         
186          180         
186          183         
22           407         
22           20          
22           374         
22           21          
22           34          
22           89          
22           14          
22           23          
84           112         
84           99          
84           101         
84           86          
84           82          
84           131         
84           80          
84           2           
84           94          
84           116         
84           102         
84           90          
84           104         
84           83          
240          270         
240          262         
240          2           
240          239         
240          267         
240          374         
240          255         
240          238         
240          244         
240          358         
240          258         
240          199         
240          251         
236          199         
236          238         
64           130         
64           3           
64           45          
64           61          
64           215         
64           35          
64           286         
64           69          
64           251         
189          190         
166          165         
29           25          
29           15          
29           45          
29           31          
29           37          
29           28          
29           401         
29           33          
29           20          
29           71          
29           32          
29           403         
29           30          
29           21          
29           38          
29           23          
29           18          
29           407         
29           13          
29           4           
29           48          
29           34          
29           47          
29           72          
29           392         
29           35          
29           27          
29           394         
146          133         
146          74          
146          142         
146          68          
146          130         
28           407         
28           20          
28           30          
28           392         
28           31          
28           103         
172          173         
226          262         
226          225         
226          232         
226          244         
226          238         
226          227         
226          215         
226          224         
226          228         
226          251         
226          230         
269          339         
269          374         
269          215         
269          267         
67           296         
67           68          
68           70          
68           61          
68           69          
68           74          
241          242         
241          243         
135          132         
135          125         
135          134         
135          133         
191          192         
380          407         
380          1           
380          381         
380          357         
380          367         
380          339         
380          392         
380          382         
380          353         
380          389         
380          378         
380          356         
380          383         
380          390         
380          338         
380          379         
380          385         
380          393         
380          391         
380          387         
214          215         
385          407         
385          45          
385          333         
385          2           
385          339         
385          397         
385          382         
385          379         
385          389         
385          371         
385          378         
385          388         
385          383         
385          390         
385          381         
385          392         
385          296         
385          386         
385          375         
385          387         
249          257         
249          246         
249          259         
249          267         
249          266         
249          374         
249          255         
249          250         
249          215         
249          258         
249          248         
249          254         
249          394         
249          251         
251          242         
251          257         
251          247         
251          313         
251          244         
251          208         
251          278         
251          254         
251          195         
251          273         
251          198         
251          270         
251          246         
251          267         
251          260         
251          374         
251          255         
251          238         
251          256         
251          253         
251          268         
251          224         
251          197         
251          248         
251          274         
251          262         
251          239         
251          234         
251          223         
251          233         
251          252         
251          250         
251          286         
251          272         
251          199         
251          261         
251          263         
251          259         
251          215         
251          266         
251          258         
251          265         
180          179         
180          181         
370          407         
370          315         
370          351         
370          360         
370          358         
370          369         
370          339         
370          374         
370          353         
370          17          
370          371         
370          1           
370          337         
370          338         
370          2           
370          392         
370          368         
370          355         
370          5           
198          215         
198          199         
198          197         
198          200         
71           45          
71           128         
71           109         
71           31          
71           89          
71           33          
71           106         
71           130         
71           24          
71           38          
71           112         
71           151         
71           2           
71           25          
71           149         
71           4           
71           44          
71           42          
71           145         
71           48          
71           34          
71           72          
71           107         
71           98          
71           124         
71           127         
71           392         
71           37          
71           35          
71           90          
323          339         
323          309         
323          311         
323          325         
323          313         
333          2           
333          360         
333          348         
333          355         
333          339         
333          392         
333          353         
333          371         
333          358         
333          386         
333          406         
333          379         
333          341         
333          365         
333          338         
333          334         
101          99          
101          127         
101          86          
101          92          
101          94          
101          105         
101          100         
101          95          
101          87          
101          116         
101          102         
101          90          
101          104         
101          103         
101          83          
271          272         
86           98          
86           99          
86           106         
86           83          
86           92          
86           137         
86           17          
86           82          
86           80          
86           87          
86           116         
86           102         
86           90          
86           104         
348          355         
348          2           
348          360         
348          350         
348          347         
348          339         
348          374         
348          353         
348          371         
348          358         
348          349         
348          406         
348          365         
348          392         
348          341         
348          345         
348          338         
348          334         
348          346         
267          257         
267          313         
267          278         
267          254         
267          246         
267          374         
267          255         
267          256         
267          24          
267          268         
267          248         
267          274         
267          239         
267          199         
267          261         
267          263         
267          259         
267          215         
267          266         
267          258         
339          374         
339          378         
339          366         
339          314         
339          354         
339          336         
339          407         
339          351         
339          330         
339          286         
339          334         
339          347         
339          392         
339          335         
339          371         
339          404         
339          352         
339          367         
339          288         
339          356         
339          359         
339          379         
339          364         
339          327         
339          192         
339          337         
339          368         
339          375         
339          6           
339          2           
339          353         
339          4           
339          328         
339          342         
339          382         
339          358         
339          388         
339          383         
339          329         
339          285         
339          373         
339          395         
339          1           
339          369         
339          362         
339          344         
339          403         
339          357         
339          3           
339          319         
339          341         
339          340         
339          376         
339          381         
339          20          
339          246         
339          345         
339          346         
339          305         
339          338         
339          406         
339          310         
339          304         
339          355         
339          365         
339          331         
339          386         
339          316         
339          332         
339          349         
339          313         
339          303         
339          45          
339          343         
339          401         
339          309         
339          360         
339          350         
339          325         
374          315         
374          1           
374          14          
374          303         
374          20          
374          45          
374          313         
374          365         
374          356         
374          376         
374          359         
374          369         
374          401         
374          379         
374          33          
374          5           
374          6           
374          403         
374          16          
374          31          
374          325         
374          17          
374          24          
374          9           
374          366         
374          21          
374          354         
374          320         
374          326         
374          368         
374          375         
374          18          
374          0           
374          407         
374          2           
374          13          
374          246         
374          345         
374          10          
374          353         
374          4           
374          341         
374          398         
374          358         
374          286         
374          310         
374          304         
374          402         
374          8           
374          360         
374          355         
374          263         
374          350         
374          259         
374          343         
374          266         
374          392         
374          405         
374          371         
374          404         
374          316         
374          3           
374          7           
374          406         
374          27          
374          373         
374          394         
374          254         
374          372         
374          395         
222          221         
222          215         
238          262         
238          197         
238          239         
238          215         
238          255         
238          246         
238          266         
238          258         
238          265         
238          245         
238          248         
238          199         
238          259         
238          237         
17           1           
17           14          
17           83          
17           82          
17           95          
17           92          
17           31          
17           89          
17           43          
17           5           
17           106         
17           75          
17           24          
17           337         
17           141         
17           100         
17           21          
17           319         
17           9           
17           18          
17           407         
17           2           
17           10          
17           4           
17           16          
17           103         
17           8           
17           400         
17           11          
17           392         
17           387         
17           94          
17           7           
17           27          
256          257         
256          255         
256          215         
256          258         
256          254         
378          381         
378          367         
378          392         
378          382         
378          356         
378          390         
378          379         
378          338         
297          296         
366          355         
366          2           
366          313         
366          360         
366          353         
366          371         
366          338         
366          359         
366          406         
366          392         
366          379         
366          341         
366          365         
366          325         
366          8           
100          1           
100          99          
100          83          
100          75          
100          82          
100          94          
100          102         
100          2           
100          92          
100          89          
100          90          
100          103         
100          104         
314          313         
314          311         
314          325         
314          305         
314          338         
314          286         
314          310         
314          309         
224          262         
224          232         
224          223         
224          208         
224          215         
354          407         
354          1           
354          2           
354          313         
354          360         
354          355         
354          379         
354          371         
354          356         
354          358         
354          353         
354          392         
354          341         
354          338         
275          274         
275          310         
275          278         
248          257         
248          266         
248          255         
248          215         
248          258         
248          254         
248          199         
57           1           
57           54          
57           2           
57           46          
57           3           
57           36          
57           56          
57           41          
274          239         
274          215         
274          266         
274          278         
274          199         
274          261         
290          289         
290          296         
74           98          
74           70          
74           73          
74           85          
74           69          
74           72          
51           50          
216          215         
324          407         
324          325         
336          341         
407          14          
407          390         
407          31          
407          356         
407          401         
407          379         
407          33          
407          16          
407          5           
407          21          
407          0           
407          319         
407          326         
407          9           
407          2           
407          20          
407          10          
407          389         
407          4           
407          338         
407          406         
407          310         
407          34          
407          93          
407          391         
407          402         
407          8           
407          400         
407          263         
407          392         
407          322         
407          388         
407          383         
407          7           
407          27          
407          393         
407          6           
407          316         
407          395         
279          283         
279          281         
279          282         
279          280         
151          149         
151          150         
151          109         
151          107         
151          152         
351          349         
351          344         
351          350         
351          353         
351          340         
13           18          
13           2           
13           14          
13           21          
13           4           
13           0           
13           31          
13           20          
13           16          
13           8           
13           27          
239          202         
239          257         
239          266         
239          255         
239          215         
239          278         
239          197         
239          254         
239          199         
239          273         
321          315         
321          325         
321          313         
321          312         
321          308         
321          311         
321          317         
321          318         
321          322         
321          286         
321          320         
321          309         
234          215         
234          235         
397          20          
397          401         
397          392         
397          208         
397          358         
397          205         
397          215         
397          398         
397          399         
397          33          
397          296         
397          402         
397          396         
397          299         
153          165         
153          160         
153          157         
153          154         
317          344         
317          313         
317          318         
317          311         
317          308         
317          309         
44           46          
44           40          
44           45          
44           37          
44           42          
44           55          
44           47          
44           43          
44           41          
384          383         
330          353         
330          329         
330          331         
330          332         
162          165         
162          160         
162          157         
80           46          
80           2           
80           83          
80           78          
80           92          
80           56          
80           142         
80           79          
80           82          
80           94          
80           85          
80           119         
80           87          
80           143         
80           116         
80           90          
80           77          
80           53          
80           76          
105          112         
105          99          
105          130         
105          141         
105          127         
105          92          
105          116         
105          102         
105          90          
284          283         
284          305         
284          282         
284          313         
284          286         
91           90          
286          313         
286          303         
286          280         
286          278         
286          309         
286          273         
286          283         
286          360         
286          311         
286          288         
286          341         
286          319         
286          305         
286          328         
286          338         
286          310         
286          304         
286          392         
286          175         
286          322         
286          285         
286          287         
159          165         
159          160         
159          157         
184          183         
184          187         
211          215         
72           112         
72           127         
72           25          
72           130         
72           122         
72           90          
199          242         
199          201         
199          257         
199          202         
199          215         
199          195         
199          255         
199          197         
199          262         
199          264         
199          266         
199          175         
199          258         
199          200         
53           54          
53           90          
53           55          
53           46          
334          355         
334          344         
334          313         
334          360         
334          345         
334          392         
334          353         
334          335         
334          358         
334          338         
334          349         
334          350         
334          341         
98           99          
98           117         
98           130         
98           70          
98           85          
98           115         
98           127         
98           92          
98           102         
98           103         
98           90          
98           104         
181          190         
50           54          
50           15          
50           52          
50           47          
50           21          
50           89          
126          127         
263          262         
263          255         
263          254         
263          261         
263          8           
139          124         
139          127         
139          130         
139          138         
139          142         
139          125         
139          129         
139          89          
259          270         
259          257         
259          260         
259          255         
259          262         
259          215         
259          258         
259          245         
259          254         
259          261         
347          215         
347          355         
347          341         
266          257         
266          313         
266          255         
266          262         
266          254         
266          215         
266          258         
266          265         
392          371         
392          404         
392          394         
392          14          
392          367         
392          389         
392          356         
392          359         
392          379         
392          89          
392          33          
392          5           
392          364         
392          21          
392          0           
392          326         
392          375         
392          6           
392          2           
392          25          
392          353         
392          4           
392          391         
392          8           
392          393         
392          382         
392          358         
392          388         
392          383         
392          7           
392          27          
392          395         
392          1           
392          369         
392          390         
392          9           
392          403         
392          357         
392          3           
392          24          
392          319         
392          341         
392          18          
392          376         
392          381         
392          20          
392          346         
392          338         
392          406         
392          310         
392          34          
392          304         
392          400         
392          355         
392          387         
392          405         
392          365         
392          331         
392          386         
392          349         
392          313         
392          303         
392          45          
392          343         
392          401         
392          31          
392          16          
392          360         
392          350         
118          115         
118          122         
118          114         
118          119         
371          1           
371          369         
371          359         
371          379         
371          5           
371          360         
371          341         
371          368         
371          375         
371          2           
371          353         
371          4           
371          338         
371          406         
371          8           
371          355         
371          358         
371          3           
371          373         
371          372         
404          319         
404          2           
404          360         
404          355         
404          353         
404          4           
404          343         
404          406         
404          341         
404          405         
404          9           
404          375         
404          8           
404          6           
61           60          
61           66          
61           63          
61           65          
61           59          
61           45          
61           62          
61           58          
61           69          
65           66          
115          147         
115          127         
115          121         
115          130         
115          114         
115          125         
115          131         
115          89          
115          122         
115          132         
115          136         
115          129         
115          116         
115          133         
115          117         
115          111         
115          123         
115          148         
258          270         
258          257         
258          394         
258          243         
258          255         
258          262         
258          254         
258          261         
258          246         
55           54          
55           46          
55           42          
55           48          
55           27          
55           45          
55           33          
55           56          
265          262         
265          280         
265          215         
352          369         
352          360         
352          353         
352          338         
200          201         
200          202         
200          215         
200          197         
200          296         
200          195         
133          129         
133          130         
133          142         
133          122         
133          134         
133          132         
291          289         
291          293         
90           1           
90           14          
90           83          
90           88          
90           97          
90           45          
90           82          
90           131         
90           85          
90           95          
90           87          
90           33          
90           89          
90           76          
90           103         
90           114         
90           130         
90           3           
90           92          
90           75          
90           24          
90           141         
90           125         
90           112         
90           99          
90           2           
90           78          
90           81          
90           96          
90           93          
90           138         
90           124         
90           393         
90           94          
90           129         
90           116         
90           102         
90           104         
90           111         
90           77          
394          257         
394          32          
394          20          
394          401         
394          40          
394          311         
394          320         
394          325         
394          313         
394          12          
394          34          
394          326         
394          33          
394          402         
394          398         
394          395         
41           1           
41           54          
41           32          
41           14          
41           46          
41           52          
41           40          
41           43          
41           39          
41           42          
41           89          
41           37          
41           16          
77           2           
77           78          
77           130         
77           85          
77           125         
315          313         
315          311         
315          310         
315          309         
315          316         
201          202         
257          262         
257          255         
257          268         
257          264         
257          215         
257          254         
257          261         
257          246         
229          230         
14           1           
14           15          
14           37          
14           12          
14           31          
14           89          
14           16          
14           24          
14           21          
14           18          
14           2           
14           4           
14           338         
14           406         
14           8           
14           7           
83           81          
83           99          
83           97          
83           75          
83           82          
83           94          
83           96          
83           102         
83           2           
83           92          
83           93          
83           103         
83           76          
83           104         
367          1           
367          349         
367          360         
367          382         
367          353         
367          338         
367          390         
367          342         
367          310         
367          368         
367          372         
244          262         
244          215         
244          245         
97           93          
97           99          
288          313         
288          341         
142          127         
142          130         
142          138         
142          122         
142          87          
142          143         
142          129         
142          92          
190          206         
190          187         
190          193         
389          1           
389          381         
389          390         
389          387         
389          379         
208          177         
208          262         
208          215         
363          362         
363          311         
363          379         
363          357         
363          356         
356          349         
356          369         
356          313         
356          390         
356          362         
356          359         
356          401         
356          379         
356          344         
356          360         
356          357         
356          375         
356          2           
356          20          
356          353         
356          338         
356          406         
356          391         
356          400         
356          355         
356          350         
356          358         
356          388         
356          383         
356          331         
356          393         
165          177         
165          163         
165          169         
165          154         
165          160         
165          167         
165          164         
165          156         
165          158         
165          157         
165          173         
165          155         
278          313         
278          311         
278          282         
278          310         
278          261         
359          355         
359          2           
359          313         
359          360         
359          357         
359          406         
359          379         
359          4           
359          358         
359          353         
359          341         
359          338         
212          215         
134          132         
134          130         
245          270         
245          262         
245          358         
245          254         
143          127         
143          148         
143          130         
379          390         
379          362         
379          381         
379          24          
379          360         
379          357         
379          45          
379          375         
379          2           
379          353         
379          4           
379          338         
379          358         
379          391         
379          400         
379          355         
379          382         
379          388         
379          383         
379          393         
379          386         
379          387         
89           1           
89           15          
89           45          
89           37          
89           82          
89           131         
89           122         
89           92          
89           31          
89           33          
89           117         
89           103         
89           123         
89           114         
89           54          
89           19          
89           32          
89           130         
89           16          
89           24          
89           141         
89           21          
89           75          
89           112         
89           2           
89           4           
89           124         
89           406         
89           48          
89           136         
89           93          
89           11          
89           127         
89           121         
89           94          
89           120         
89           27          
89           129         
89           116         
89           102         
89           111         
33           45          
33           20          
33           24          
33           21          
33           38          
33           18          
33           2           
33           25          
33           4           
33           406         
33           48          
33           34          
33           47          
33           387         
33           35          
76           1           
76           2           
76           94          
76           56          
108          107         
108          137         
108          150         
108          109         
108          136         
213          215         
204          205         
204          193         
204          203         
204          206         
295          296         
5            1           
5            2           
5            10          
5            7           
5            4           
5            8           
5            6           
364          406         
364          365         
364          338         
147          127         
147          148         
147          131         
147          130         
177          179         
177          178         
177          215         
177          176         
177          175         
177          388         
177          192         
177          197         
177          195         
177          173         
225          215         
182          183         
231          230         
327          2           
327          313         
327          328         
130          131         
130          132         
130          122         
130          128         
130          87          
130          117         
130          103         
130          123         
130          114         
130          106         
130          102         
130          121         
130          145         
130          113         
130          141         
130          125         
130          144         
130          137         
130          112         
130          78          
130          82          
130          140         
130          136         
130          93          
130          124         
130          127         
130          138         
130          120         
130          129         
130          116         
130          111         
40           20          
40           387         
40           42          
40           313         
235          215         
30           25          
30           4           
30           34          
30           31          
192          388         
192          386         
171          160         
171          173         
337          355         
337          344         
337          360         
337          350         
337          353         
337          358         
337          338         
337          341         
337          119         
141          127         
141          131         
141          140         
141          123         
141          114         
125          112         
125          124         
125          127         
125          138         
125          255         
125          24          
125          129         
125          117         
125          123         
282          283         
282          281         
282          280         
21           1           
21           25          
21           15          
21           31          
21           20          
21           16          
21           32          
21           24          
21           23          
21           18          
21           2           
21           4           
21           8           
21           27          
203          205         
203          193         
203          206         
0            1           
0            2           
0            4           
0            406         
0            405         
0            20          
0            8           
0            6           
144          145         
320          313         
320          311         
320          325         
320          7           
320          326         
320          309         
320          103         
320          395         
326          304         
326          313         
326          325         
326          8           
296          294         
296          293         
296          298         
368          1           
368          355         
368          2           
368          360         
368          353         
368          358         
368          369         
368          341         
368          338         
375          1           
375          355         
375          2           
375          360         
375          381         
375          383         
375          358         
375          331         
375          353         
375          341         
375          338         
375          386         
219          215         
219          220         
148          99          
148          131         
148          116         
148          114         
6            2           
6            7           
6            406         
6            9           
6            8           
112          82          
112          131         
112          87          
112          114         
112          78          
112          136         
112          81          
112          124         
112          127         
112          120         
112          129         
112          116         
112          102         
112          111         
112          104         
99           106         
99           92          
99           94          
99           85          
99           95          
99           87          
99           102         
99           104         
99           103         
99           93          
49           48          
2            1           
2            376         
2            390         
2            45          
2            365         
2            82          
2            360         
2            16          
2            95          
2            25          
2            88          
2            46          
2            24          
2            9           
2            316         
2            18          
2            103         
2            381         
2            331         
2            75          
2            94          
2            353         
2            4           
2            358         
2            31          
2            43          
2            93          
2            386         
2            8           
2            11          
2            81          
2            87          
2            388         
2            3           
2            406         
2            27          
2            393         
2            387         
25           45          
25           20          
25           4           
25           26          
25           35          
25           31          
25           24          
25           27          
25           34          
25           47          
25           23          
25           38          
25           18          
149          150         
149          109         
149          107         
78           127         
78           85          
207          205         
207          36          
207          206         
10           75          
10           7           
10           4           
10           9           
10           8           
168          167         
353          1           
353          349         
353          369         
353          313         
353          350         
353          362         
353          344         
353          360         
353          343         
353          365         
353          45          
353          341         
353          331         
353          376         
353          345         
353          4           
353          338         
353          358         
353          304         
353          8           
353          355         
353          357         
353          381         
353          388         
353          3           
353          406         
353          373         
353          386         
353          372         
353          332         
353          395         
4            1           
4            376         
4            390         
4            401         
4            16          
4            24          
4            45          
4            18          
4            20          
4            406         
4            8           
4            400         
4            383         
4            3           
4            7           
4            27          
4            373         
328          262         
328          313         
328          358         
252          215         
252          255         
252          272         
252          254         
160          161         
160          163         
160          154         
160          158         
160          157         
140          127         
140          131         
342          349         
342          344         
342          350         
342          345         
342          346         
342          338         
342          343         
342          341         
342          340         
136          124         
136          127         
136          193         
136          36          
136          131         
136          205         
136          122         
136          114         
69           70          
69           73          
47           46          
47           42          
47           52          
47           45          
47           56          
47           43          
93           124         
93           206         
93           82          
93           94          
93           120         
93           102         
93           122         
93           127         
93           92          
93           63          
93           123         
93           114         
228          215         
391          1           
391          45          
391          390         
391          393         
391          406         
391          388         
261          247         
261          255         
261          215         
261          262         
261          254         
8            1           
8            31          
8            16          
8            325         
8            24          
8            9           
8            18          
8            338         
8            406         
8            402         
8            405         
8            7           
8            27          
8            372         
8            395         
183          179         
183          187         
183          185         
81           82          
361          362         
124          127         
124          138         
124          121         
124          131         
124          123         
124          122         
124          114         
124          103         
124          132         
127          131         
127          122         
127          128         
127          92          
127          117         
127          103         
127          123         
127          114         
127          106         
127          145         
127          137         
127          119         
127          138         
127          121         
127          94          
127          120         
127          129         
127          116         
127          102         
127          104         
272          268         
272          254         
272          309         
11           1           
11           24          
206          193         
206          36          
206          205         
206          107         
70           85          
393          1           
393          45          
393          388         
382          381         
382          387         
382          338         
382          383         
382          390         
382          386         
175          215         
36           311         
36           37          
36           205         
36           38          
36           310         
358          369         
358          362         
358          270         
358          344         
358          360         
358          341         
358          338         
358          355         
358          357         
358          383         
358          3           
358          365         
358          331         
358          386         
322          313         
322          311         
322          325         
322          338         
322          310         
388          355         
388          360         
388          45          
388          383         
388          390         
388          338         
388          341         
388          386         
383          45          
383          381         
383          357         
383          386         
383          390         
383          338         
383          387         
7            31          
7            9           
7            18          
35           45          
35           31          
35           42          
35           48          
35           34          
35           38          
35           37          
329          331         
27           1           
27           54          
27           31          
27           24          
27           16          
285          283         
285          313         
285          305         
116          102         
116          92          
116          82          
116          131         
116          114         
116          87          
116          117         
116          104         
110          109         
373          369         
373          360         
373          372         
107          109         
293          292         
293          302         
173          174         
372          355         
372          369         
372          360         
372          338         
395          325         
395          20          
395          311         
395          406         
395          313         
1            390         
1            45          
1            82          
1            31          
1            43          
1            46          
1            24          
1            9           
1            18          
1            376         
1            75          
1            338         
1            406         
1            310         
1            16          
1            387         
1            405         
1            94          
1            3           
202          215         
202          197         
223          215         
369          355         
369          360         
369          357         
369          338         
369          341         
369          362         
390          400         
390          338         
390          381         
390          16          
390          387         
362          400         
362          313         
362          360         
362          357         
362          350         
137          106         
137          121         
137          42          
137          87          
318          312         
318          309         
318          311         
82           102         
82           95          
82           87          
131          121         
131          114         
131          129         
131          117         
131          111         
85           87          
215          242         
215          233         
215          254         
215          195         
215          273         
215          270         
215          232         
215          246         
215          217         
215          209         
215          197         
215          193         
215          262         
215          210         
215          218         
215          230         
215          205         
215          243         
215          264         
215          247         
215          227         
215          221         
215          255         
122          120         
122          121         
122          102         
122          106         
122          123         
122          114         
122          128         
122          117         
122          103         
122          132         
128          103         
12           37          
12           402         
87           24          
87           92          
87           102         
87           56          
87           114         
399          402         
187          193         
187          185         
187          188         
132          129         
132          254         
254          246         
254          255         
254          217         
254          253         
254          268         
254          262         
254          243         
195          194         
195          196         
195          197         
117          114         
43           46          
43           24          
43           42          
43           45          
43           56          
123          121         
123          102         
123          120         
123          103         
123          114         
123          119         
114          121         
114          113         
114          103         
114          120         
114          102         
114          104         
9            75          
283          313         
283          281         
283          280         
283          304         
54           46          
106          121         
106          42          
106          103         
344          355         
344          313         
344          360         
344          350         
344          345         
344          346         
344          343         
344          349         
344          338         
344          365         
344          340         
344          341         
232          233         
403          20          
403          401         
403          365         
403          406         
403          34          
403          402         
357          376         
357          355         
357          20          
357          360         
357          350         
357          313         
357          338         
121          120         
3            376         
3            46          
3            386         
3            45          
281          280         
311          313         
311          303         
311          309         
311          307         
311          325         
311          308         
311          305         
311          310         
311          209         
311          312         
311          306         
311          316         
308          313         
308          305         
308          310         
308          309         
154          157         
154          155         
24           45          
24           31          
24           18          
24           42          
24           16          
24           387         
196          197         
377          376         
268          255         
156          157         
197          193         
197          262         
319          313         
319          360         
319          341         
319          305         
341          349         
341          313         
341          45          
341          360         
341          325         
341          343         
341          340         
341          376         
341          345         
341          346         
341          305         
341          338         
341          406         
341          355         
341          350         
341          365         
341          331         
341          386         
38           46          
38           31          
38           39          
38           42          
38           48          
38           34          
38           45          
38           37          
188          193         
23           20          
23           34          
340          355         
340          350         
340          345         
340          338         
340          349         
18           31          
18           16          
376          355         
376          313         
376          360         
376          338         
376          309         
262          255         
262          246         
262          264         
381          45          
381          338         
381          386         
381          387         
20           45          
20           401         
20           398         
20           19          
20           32          
20           406         
20           34          
20           402         
20           400         
246          243         
246          313         
246          255         
26           387         
345          349         
345          350         
345          343         
345          365         
345          346         
345          338         
346          349         
346          350         
346          338         
346          406         
150          109         
150          152         
305          313         
305          360         
305          303         
305          325         
305          338         
305          310         
305          309         
305          304         
300          302         
300          299         
300          301         
42           46          
42           56          
42           31          
42           39          
42           48          
42           45          
42           37          
338          349         
338          365         
338          313         
338          309         
338          350         
338          360         
338          325         
338          331         
338          310         
338          304         
338          355         
338          343         
338          406         
338          386         
338          332         
179          178         
406          45          
406          401         
406          310         
406          304         
406          360         
406          365         
48           46          
48           45          
48           31          
48           39          
48           37          
310          313         
310          303         
310          309         
310          312         
34           45          
34           32          
34           401         
34           37          
158          157         
103          75          
103          92          
103          94          
103          95          
103          102         
103          104         
304          313         
304          360         
56           46          
56           387         
56           92          
402          401         
402          325         
402          398         
402          313         
400          401         
355          349         
355          313         
355          350         
355          45          
355          360         
355          331         
243          242         
264          255         
312          313         
312          309         
138          129         
387          45          
387          386         
39           37          
94           75          
94           102         
94           92          
94           95          
94           104         
365          401         
365          398         
365          360         
331          360         
331          332         
306          309         
102          92          
102          95          
102          104         
386          45          
386          360         
157          163         
157          155         
316          313         
104          92          
349          350         
349          343         
349          360         
313          303         
313          280         
313          309         
313          307         
313          350         
313          360         
313          325         
46           45          
46           37          
303          360         
303          309         
303          273         
45           31          
45           360         
193          255         
193          205         
37           31          
96           95          
343          350         
95           75          
95           92          
401          398         
31           32          
31           75          
309          307         
360          350         
255          253         
