0       3.82081       0.0117031    
1       3.78451       0.0131787    
2       0.482009      0.0132844    
3       5.21416       0.0189115    
4       4.22049       0.0197098    
5       0.38985       0.0198675    
6       8.15768       0.0406374    
7       1.83035       0.0419483    
8       0.305504      0.0419944    
9       2.0752        0.0488628    
10      1.73915       0.0490972    
11      1.91001       0.0493507    
12      7.10378       0.0503352    
13      2.4783        0.052223     
14      3.09599       0.0537621    
15      16.4495       0.0745914    
16      3.21245       0.0772201    
17      2.03559       0.0822642    
18      4.82541       0.083262     
19      2.40086       0.0862021    
20      6.81649       0.0874702    
21      5.81165       0.0880001    
22      4.2392        0.0899202    
23      3.40507       0.100704     
24      12.904        0.10193      
25      0.495632      0.102252     
26      4.79206       0.115835     
27      0.608604      0.115878     
28      0.675398      0.136992     
29      18.0247       0.137603     
30      0.355115      0.146345     
31      12.8328       0.146483     
32      4.65644       0.150998     
33      7.36264       0.151449     
34      15.2172       0.169679     
35      3.83301       0.171538     
36      11.6125       0.173036     
37      9.28495       0.174794     
38      2.44176       0.175902     
39      5.04932       0.18531      
40      5.08195       0.185517     
41      12.5087       0.220475     
42      5.29726       0.229023     
43      1.93672       0.229693     
44      15.9657       0.232863     
45      15.7373       0.23517      
46      2.98287       0.235947     
47      0.639751      0.237101     
48      8.47093       0.240518     
49      8.48893       0.248588     
50      26.7217       0.252657     
51      8.32022       0.266896     
52      2.09446       0.267018     
53      2.50558       0.269015     
54      2.22593       0.306414     
55      14.3523       0.308611     
56      2.40507       0.308721     
57      2.46625       0.30915      
58      20.5712       0.329565     
59      76.3069       0.344084     
60      0.489444      0.344316     
61      0.649862      0.346209     
62      0.811728      0.34756      
63      0.459519      0.359854     
64      5.95852       0.360136     
65      0.466827      0.360418     
66      3.42948       0.370782     
67      2.74058       0.373282     
68      6.58128       0.374111     
69      7.54395       0.377606     
70      2.24814       0.393078     
71      2.24016       0.393263     
72      2.6211        0.400035     
73      3.16557       0.403157     
74      16.138        0.411325     
75      16.1664       0.41167      
76      6.46579       0.412706     
77      21.0951       0.417518     
78      0.539218      0.418598     
79      12.0108       0.427548     
80      5.78119       0.429157     
81      3.08048       0.446787     
82      3.0655        0.446985     
83      10.0729       0.447732     
84      1.387         0.449797     
85      5.46077       0.487785     
86      5.45064       0.487853     
87      3.24551       0.524159     
88      0.734976      0.530503     
89      4.90035       0.531814     
90      10.6658       0.533665     
91      48.9144       0.537648     
92      0.558644      0.539258     
93      0.229098      0.546966     
94      1.40727       0.546984     
95      1.56175       0.557075     
96      10.8056       0.559165     
97      17.3449       0.564301     
98      16.1697       0.565706     
99      1.93485       0.566138     
100     2.73239       0.572969     
101     3.35641       0.581664     
102     8.72406       0.588544     
103     21.7794       0.589494     
104     0.539515      0.591172     
105     30.6922       0.600326     
106     18.4603       0.603053     
107     8.07849       0.603175     
108     23.4752       0.605721     
109     5.31312       0.624877     
110     1.67369       0.628182     
111     20.0363       0.62984      
112     2.7053        0.630139     
113     4.75205       0.637648     
114     22.118        0.647348     
115     9.28691       0.650824     
116     12.5272       0.656192     
117     11.7346       0.662083     
118     11.7041       0.664912     
119     1.95703       0.668361     
120     18.23         0.67698      
121     0.782714      0.720712     
122     13.9905       0.721775     
123     2.94338       0.721961     
124     0.761288      0.722972     
125     5.5298        0.735866     
126     4.18994       0.736288     
127     32.7855       0.76112      
128     9.97014       0.764174     
129     19.3725       0.765881     
130     5.70815       0.778834     
131     0.736986      0.779217     
132     7.38706       0.790888     
133     11.5033       0.796017     
134     6.34456       0.796953     
135     11.4856       0.821482     
136     12.4806       0.824421     
137     0.598955      0.825174     
138     10.6945       0.832215     
139     6.33611       0.83771      
140     9.88446       0.840518     
141     0.454204      0.840816     
142     1.91547       0.843621     
143     7.77411       0.845314     
144     2.35032       0.851502     
145     1.8835        0.852801     
146     0.662516      0.853477     
147     6.18826       0.853999     
148     3.7982        0.855291     
149     7.07297       0.880666     
150     8.09413       0.88667      
151     5.21517       0.891596     
152     2.96664       0.893576     
153     9.45646       0.895249     
154     10.4169       0.906155     
155     2.26067       0.906831     
156     17.0223       0.915411     
157     50.2873       0.960663     
158     30.2769       0.966075     
159     8.27518       0.971869     
160     23.4999       0.978815     
161     1.9431        0.982519     
162     14.12         1.00192      
163     7.36669       1.04181      
164     2.66762       1.04827      
165     35.3202       1.04944      
166     27.9237       1.07364      
167     8.45469       1.11894      
168     3.30021       1.12619      
169     6.72838       1.12872      
170     6.71098       1.12982      
171     5.84188       1.13135      
172     11.099        1.13577      
173     9.21049       1.13588      
174     16.4537       1.14         
175     69.6342       1.14679      
176     10.9643       1.15298      
177     11.2972       1.16256      
178     31.3142       1.16442      
179     3.52887       1.17201      
180     23.3045       1.18485      
181     11.5168       1.18799      
182     16.7436       1.21         
183     15.0899       1.21991      
184     24.7428       1.22335      
185     14.5339       1.26489      
186     31.8738       1.27021      
187     3.24103       1.27609      
188     21.1348       1.3351       
189     11.4615       1.33683      
190     1.40365       1.33697      
191     16.22         1.38255      
192     30.0617       1.4301       
193     6.81638       1.46349      
194     8.29422       1.46843      
195     7.22528       1.46955      
196     12.0492       1.47153      
197     3.75696       1.47719      
198     18.4992       1.49717      
199     21.9627       1.50739      
200     10.3574       1.53232      
201     6.61009       1.53318      
202     11.2461       1.53333      
203     18.0532       1.57161      
204     17.0793       1.58296      
205     31.3611       1.61111      
206     23.5576       1.62684      
207     12.422        1.6348       
208     11.6146       1.64719      
209     5.64569       1.66227      
210     6.71973       1.66545      
211     4.29377       1.67111      
212     4.42452       1.68057      
213     6.71869       1.68313      
214     3.61726       1.68675      
215     36.6423       1.70104      
216     13.2039       1.7012       
217     5.695         1.7129       
218     40.6014       1.71325      
219     13.9174       1.71488      
220     50.3025       1.72116      
221     2.65533       1.73038      
222     24.4901       1.74416      
223     15.7746       1.75536      
224     17.5013       1.75706      
225     2.4316        1.77115      
226     2.43249       1.77145      
227     5.7749        1.78641      
228     9.67602       1.78707      
229     13.2472       1.7884       
230     21.3585       1.79326      
231     95.4152       1.81696      
232     5.82624       1.82889      
233     6.35995       1.8407       
234     109.354       1.84328      
235     1.0888        1.84545      
236     3.07025       1.85051      
237     7.01346       1.85902      
238     5.14034       1.87174      
239     2.39687       1.89024      
240     64.3834       1.89777      
241     49.0802       1.91646      
242     192.66        1.91768      
243     112.717       1.92535      
244     51.0755       1.93619      
245     79.1896       1.93658      
246     13.2757       1.94831      
247     17.3624       1.98325      
248     31.9689       1.98782      
249     12.2135       2.00475      
250     3.12741       2.01864      
251     3.86744       2.01953      
252     2.09895       2.02005      
253     2.03874       2.02439      
254     14.1847       2.0262       
255     0.664428      2.0273       
256     15.8092       2.04699      
257     1.15056       2.05503      
258     0.284426      2.05505      
259     1.21378       2.06142      
260     4.1124        2.06208      
261     1.45866       2.06764      
262     56.158        2.07419      
263     4.39696       2.07427      
264     16.8311       2.08613      
265     7.04608       2.0992       
266     13.0507       2.13249      
267     104.378       2.13408      
268     18.3326       2.14224      
269     68.8346       2.14258      
270     60.4623       2.14373      
271     175.266       2.14885      
272     32.0498       2.15649      
273     37.5185       2.16674      
274     0.358206      2.16939      
275     28.5234       2.17749      
276     8.73503       2.19512      
277     7.68763       2.24069      
278     10.7578       2.25397      
279     30.5606       2.26318      
280     25.2242       2.26698      
281     1.88233       2.27278      
282     11.9798       2.27546      
283     6.50701       2.28694      
284     3.91253       2.30169      
285     6.90931       2.30878      
286     13.0441       2.31999      
287     8.64117       2.33586      
288     84.7659       2.33863      
289     5.52108       2.34313      
290     11.2255       2.35278      
291     14.7426       2.3686       
292     8.69363       2.38624      
293     3.46213       2.3996       
294     14.9105       2.41004      
295     21.865        2.41212      
296     6.11126       2.43694      
297     8.17142       2.4462       
298     8.9252        2.44689      
299     16.0376       2.46787      
300     10.4123       2.48473      
301     6.80984       2.49668      
302     9.70288       2.50311      
303     6.73664       2.51322      
304     24.2204       2.51554      
305     33.9899       2.51649      
306     16.7207       2.52337      
307     8.65517       2.56214      
308     19.6595       2.56229      
309     15.3083       2.56338      
310     7.95077       2.57118      
311     3.97165       2.58453      
312     18.9496       2.6252       
313     48.1834       2.62653      
314     16.2904       2.63782      
315     12.8971       2.66799      
316     7.15226       2.66881      
317     10.2322       2.69938      
318     11.6327       2.72105      
319     14.0973       2.72108      
320     5.59782       2.73278      
321     0.714311      2.7419       
322     21.2031       2.74415      
323     25.5229       2.74963      
324     7.72137       2.75156      
325     1.5736        2.75631      
326     14.9007       2.76418      
327     11.0916       2.77574      
328     33.4521       2.78396      
329     3.01329       2.79341      
330     12.7223       2.81932      
331     10.714        2.83713      
332     12.344        2.86283      
333     17.174        2.86479      
334     4.0794        2.88474      
335     6.93363       2.90105      
336     17.2377       2.90492      
337     314.511       2.92326      
338     13.6947       2.93036      
339     22.0316       2.95407      
340     178.7         2.9638       
341     69.378        2.98279      
342     8.50906       2.98315      
343     131.364       2.99545      
344     69.9108       2.99719      
345     54.3122       3.02183      
346     67.8367       3.02263      
347     9.99412       3.08036      
348     1.21025       3.09103      
349     130.672       3.09294      
350     33.598        3.1143       
351     197.511       3.16187      
352     18.0137       3.16943      
353     11.2037       3.19421      
354     8.00347       3.20614      
355     11.9891       3.21859      
356     14.2194       3.23251      
357     9.66498       3.2521       
358     18.4741       3.27485      
359     10.1083       3.29835      
360     17.5941       3.30101      
361     38.8956       3.30698      
362     0.355381      3.3078       
363     7.23778       3.31236      
364     6.58855       3.33561      
365     5.73161       3.3359       
366     4.88748       3.33602      
367     7.73753       3.33952      
368     23.9963       3.35522      
369     10.9157       3.36053      
370     9.67503       3.39408      
371     20.4889       3.41479      
372     20.677        3.42234      
373     7.52319       3.42487      
374     2.8112        3.42894      
375     4.8861        3.43266      
376     7.2707        3.44016      
377     0.855462      3.45517      
378     8.3937        3.45582      
379     0.297008      3.4559       
380     2.7737        3.45714      
381     11.3264       3.48585      
382     10.1356       3.49641      
383     18.5699       3.5079       
384     7.13027       3.51255      
385     4.3931        3.52137      
386     39.4175       3.53108      
387     13.1503       3.54049      
388     13.2021       3.54182      
389     9.44103       3.58094      
390     6.17401       3.61265      
391     2.374         3.63411      
392     1.55837       3.63439      
393     1.73246       3.63918      
394     23.1632       3.64509      
395     23.4479       3.64692      
396     9.08936       3.65541      
397     50.1096       3.6691       
398     39.421        3.67023      
399     16.9279       3.67648      
400     6.36558       3.68431      
401     6.63607       3.69895      
402     30.5634       3.70442      
403     41.4324       3.70877      
404     30.9705       3.71432      
405     30.8774       3.71505      
406     0.834679      3.72243      
407     3.77181       3.73242      
408     3.44715       3.74024      
409     2.88585       3.74644      
410     6.32499       3.75485      
411     4.83888       3.7667       
412     2.60057       3.76939      
413     3.45055       3.76978      
414     8.71556       3.7738       
415     10.7001       3.78716      
416     6.80957       3.79005      
417     14.4314       3.81463      
418     6.96941       3.835        
419     4.53261       3.84247      
420     6.86617       3.84839      
421     12.2986       3.84854      
422     2.24576       3.85188      
423     11.2211       3.86179      
424     3.52487       3.87191      
425     6.15619       3.87663      
426     5.30443       3.87819      
427     8.17104       3.87872      
428     0.978207      3.88024      
429     4.69443       3.88567      
430     6.12076       3.89788      
431     4.58484       3.89916      
432     0.382172      3.89931      
433     4.40003       3.91179      
434     16.4799       3.91258      
435     10.4924       3.92158      
436     5.21927       3.92167      
437     4.26641       3.92518      
438     4.66179       3.93137      
439     5.96547       3.93306      
440     4.5981        3.9336       
441     3.73443       3.93703      
442     6.04473       3.94284      
443     9.53347       3.9527       
444     15.7967       3.9806       
445     19.1947       4.0019       
446     3.16103       4.00229      
447     6.09881       4.02267      
448     44.6699       4.03788      
449     9.80392       4.04216      
450     8.58566       4.0451       
451     7.48826       4.06692      
452     15.4501       4.08534      
453     69.1727       4.09123      
454     25.1451       4.09156      
455     1.13416       4.10783      
456     1.13259       4.10801      
457     15.6202       4.11487      
458     9.27473       4.15635      
459     14.0586       4.16006      
460     5.74925       4.17644      
461     1.38199       4.18696      
462     169.904       4.18993      
463     11.2066       4.20041      
464     39.8836       4.23654      
465     19.551        4.23966      
466     0.396221      4.25827      
467     324.919       4.27109      
468     15.1875       4.27348      
469     58.5748       4.27744      
470     11.8754       4.30843      
471     0.295541      4.3222       
472     24.9257       4.3234       
473     17.7488       4.33507      
474     7.71392       4.34713      
475     294.576       4.35371      
476     7.15326       4.36007      
477     0.526812      4.36791      
478     0.572627      4.37011      
479     0.615779      4.37228      
480     0.682013      4.37586      
481     3.13108       4.38887      
482     15.8092       4.41415      
483     12.1993       4.41579      
484     48.0991       4.43589      
485     24.5484       4.45487      
486     2.58916       4.47615      
487     19.2958       4.48636      
488     8.75615       4.48782      
489     13.4383       4.4888       
490     21.6011       4.51496      
491     3.25958       4.52124      
492     37.885        4.52402      
493     2.68082       4.53187      
494     8.18923       4.54434      
495     18.4086       4.54836      
496     6.21625       4.54948      
497     20.8356       4.56576      
498     1.26769       4.56854      
499     5.84432       4.57026      
500     14.7598       4.57489      
501     15.9959       4.57995      
502     5.58063       4.58007      
503     3.23808       4.58906      
504     4.91048       4.60432      
505     4.91905       4.60486      
506     18.7357       4.62213      
507     4.98467       4.65226      
508     45.3447       4.66066      
509     13.334        4.66428      
510     11.4051       4.6796       
511     7.99275       4.70485      
512     5.65643       4.71962      
513     22.4884       4.72074      
514     13.0539       4.75717      
515     6.77413       4.79096      
516     7.84424       4.79251      
517     4.34213       4.81032      
518     13.759        4.81063      
519     28.0842       4.84154      
520     14.594        4.86745      
521     6.03946       4.86752      
522     8.98982       4.88753      
523     5.83609       4.89964      
524     34.0671       4.90115      
525     5.72147       4.90275      
526     7.36626       4.91436      
527     11.249        4.92389      
528     11.2539       4.92426      
529     7.7941        4.92743      
530     7.84385       4.92833      
531     6.23278       4.93994      
532     11.3948       4.95647      
533     10.0862       4.97561      
534     62.4345       4.97677      
535     5.67082       4.99763      
536     5.7091        5.0052       
537     13.3735       5.0235       
538     3.64231       5.06285      
539     14.2177       5.07841      
540     181.656       5.07948      
541     0.484616      5.08434      
542     0.619547      5.08596      
543     0.725574      5.08752      
544     8.31926       5.11066      
545     3.58906       5.15365      
546     4.78692       5.15668      
547     13.5137       5.15693      
548     3.77971       5.16067      
549     6.52033       5.18016      
550     0.714542      5.18066      
551     3.5814        5.18263      
552     2.12779       5.18636      
553     6.45319       5.18678      
554     1.94071       5.18704      
555     6.49774       5.1873       
556     2.70314       5.1889       
557     8.44922       5.19105      
558     0.614653      5.1915       
559     3.18336       5.19686      
560     12.6187       5.24143      
561     24.8542       5.24516      
562     12.3201       5.25084      
563     2.64395       5.276        
564     10.9972       5.28359      
565     41.9607       5.28575      
566     0.539948      5.28753      
567     3.72911       5.29286      
568     3.98848       5.29804      
569     2.97437       5.32299      
570     8.562         5.32875      
571     19.7537       5.32933      
572     31.2972       5.33405      
573     7.23852       5.33646      
574     6.33244       5.33982      
575     9.66181       5.36453      
576     4.14334       5.39507      
577     0.667023      5.39697      
578     0.317365      5.39742      
579     8.8098        5.39761      
580     2.31091       5.39799      
581     7.90607       5.41698      
582     12.5795       5.41917      
583     8.80454       5.42277      
584     2.25899       5.44668      
585     6.54071       5.44728      
586     1.96621       5.45468      
587     5.91457       5.45578      
588     8.27675       5.4644       
589     16.4481       5.4722       
590     17.3051       5.47636      
591     40.214        5.47776      
592     2.25854       5.48507      
593     1.64861       5.48741      
594     2.42278       5.49157      
595     37.4381       5.5038       
596     6.51169       5.50459      
597     9.99731       5.50473      
598     29.442        5.52443      
599     21.7144       5.52502      
600     68.8995       5.5289       
601     1.69869       5.53894      
602     1.82196       5.54146      
603     2.94936       5.54785      
604     32.813        5.5609       
605     2.10785       5.56337      
606     9.68405       5.57957      
607     13.6569       5.60603      
608     44.1243       5.60786      
609     12.463        5.63941      
610     4.66397       5.64876      
611     3.60337       5.64882      
612     3.72615       5.6598       
613     3.51822       5.66229      
614     2.43959       5.66311      
615     2.57734       5.66348      
616     6.03998       5.67199      
617     10.4381       5.67274      
618     24.7255       5.69759      
619     15.2643       5.69827      
620     10.2865       5.71153      
621     4.98765       5.72572      
622     7.79489       5.72586      
623     20.3068       5.75768      
624     16.2639       5.76103      
625     4.34627       5.77155      
626     3.72263       5.7814       
627     10.1498       5.78634      
628     3.21624       5.78654      
629     26.1058       5.79271      
630     13.9005       5.79823      
631     5.00192       5.80277      
632     3.22881       5.81276      
633     19.1269       5.81684      
634     13.0155       5.82787      
635     34.7408       5.83573      
636     1.78164       5.83766      
637     50.183        5.8377       
638     0.428517      5.84111      
639     49.8059       5.85385      
640     0.533855      5.85602      
641     11.0888       5.89789      
642     11.9759       5.90299      
643     5.95516       5.93147      
644     9.9574        5.93957      
645     14.5574       5.94248      
646     0.547728      5.94316      
647     6.10902       5.94921      
648     3.24934       5.95877      
649     16.4027       5.9651       
650     9.49852       5.96588      
651     1.69163       5.97868      
652     6.48524       5.97914      
653     3.63088       5.98294      
654     10.3517       5.98977      
655     1.56909       6.00178      
656     0.997681      6.00619      
657     31.5038       6.00915      
658     69.7338       6.01101      
659     4.97489       6.01309      
660     20.5555       6.01783      
661     0.285532      6.01862      
662     8.87312       6.02209      
663     7.89058       6.02999      
664     13.8545       6.04507      
665     37.7216       6.0475       
666     3.18078       6.05862      
667     31.2899       6.06048      
668     5.05289       6.06576      
669     15.975        6.08094      
670     13.8164       6.08346      
671     18.2395       6.09032      
672     3.66981       6.09615      
673     41.2041       6.10065      
674     2.42403       6.10455      
675     9.85723       6.13396      
676     10.69         6.13873      
677     3.69119       6.13988      
678     10.1639       6.16509      
679     17.1985       6.16629      
680     7.90516       6.17076      
681     5.22985       6.23005      
682     5.46862       6.2322       
683     8.99177       6.23416      
684     3.62164       6.23498      
685     3.42969       6.23784      
686     4.44247       6.23809      
687     4.31458       6.24038      
688     1.73887       6.24716      
689     2.53596       6.24748      
690     2.99185       6.24866      
691     5.30343       6.24954      
692     7.53073       6.25749      
693     0.763214      6.25797      
694     2.54014       6.26012      
695     3.71041       6.26382      
696     11.375        6.26558      
697     4.03109       6.26737      
698     3.16639       6.27485      
699     0.395289      6.276        
700     10.0943       6.2762       
