0       15.287        0.0          
1       2.92745       0.0335099    
2       2.91166       0.0335548    
3       0.621179      0.0486265    
4       3.74617       0.0489214    
5       6.13259       0.0582858    
6       3.05497       0.0589808    
7       0.368323      0.125453     
8       9.95571       0.125617     
9       2.62997       0.127649     
10      3.99451       0.13994      
11      0.929128      0.148697     
12      3.40487       0.152507     
13      13.8868       0.154074     
14      0.358452      0.155028     
15      0.693444      0.156978     
16      1.95877       0.164966     
17      11.5187       0.170286     
18      2.20508       0.170441     
19      4.65123       0.200327     
20      5.84035       0.203212     
21      2.92054       0.218726     
22      2.96901       0.219188     
23      0.72181       0.252692     
24      0.406359      0.253378     
25      4.81787       0.253817     
26      5.81984       0.258341     
27      1.95705       0.265602     
28      5.20518       0.267067     
29      5.20706       0.276411     
30      0.588261      0.276471     
31      7.98189       0.294308     
32      0.59766       0.294734     
33      3.61325       0.308122     
34      3.59508       0.308419     
35      7.72228       0.317116     
36      6.67952       0.318497     
37      1.21337       0.319476     
38      6.70513       0.331298     
39      11.2961       0.378365     
40      7.05943       0.41306      
41      5.51251       0.414517     
42      5.54033       0.416167     
43      9.83393       0.417846     
44      4.40718       0.483122     
45      13.98         0.483445     
46      9.47456       0.500935     
47      3.29067       0.526093     
48      2.21624       0.526499     
49      3.76852       0.54359      
50      4.98719       0.544187     
51      3.7865        0.544365     
52      4.85389       0.589455     
53      17.0911       0.602899     
54      47.757        0.612213     
55      8.50618       0.613402     
56      8.09535       0.623371     
57      6.5848        0.641758     
58      8.826         0.642768     
59      6.99148       0.65577      
60      2.99943       0.675076     
61      3.45053       0.704127     
62      7.996         0.709942     
63      0.382642      0.710012     
64      0.930313      0.712405     
65      0.97537       0.722396     
66      0.518186      0.724217     
67      6.1859        0.724855     
68      1.24275       0.727052     
69      1.33087       0.72766      
70      12.8391       0.748729     
71      4.09866       0.772558     
72      4.04173       0.774872     
73      1.853         0.789516     
74      25.4231       0.80355      
75      5.53318       0.814739     
76      17.7766       0.821386     
77      12.1962       0.822092     
78      24.0172       0.828803     
79      9.86724       0.836353     
80      1.28531       0.850509     
81      0.664364      0.850934     
82      5.01185       0.872246     
83      0.562259      0.883315     
84      44.7239       0.888315     
85      7.89057       0.894005     
86      6.59625       0.913868     
87      10.7049       0.97742      
88      7.6742        1.05405      
89      8.29608       1.0596       
90      5.7261        1.07803      
91      4.75457       1.07823      
92      4.2774        1.11586      
93      7.78691       1.13873      
94      17.7706       1.15336      
95      18.8583       1.18762      
96      26.1159       1.18906      
97      16.7585       1.19562      
98      12.6504       1.2012       
99      10.6753       1.25229      
100     3.32223       1.28809      
101     9.23188       1.28918      
102     3.49478       1.32067      
103     8.57742       1.32098      
104     21.8152       1.35436      
105     14.2934       1.37165      
106     10.9595       1.37329      
107     12.1003       1.3742       
108     14.3382       1.37426      
109     19.0614       1.3867       
110     21.4119       1.39086      
111     3.08702       1.42255      
112     10.9738       1.45119      
113     20.3527       1.45124      
114     45.5258       1.45997      
115     2.39501       1.48837      
116     4.82418       1.51503      
117     17.9602       1.5267       
118     0.496471      1.52787      
119     5.33633       1.53693      
120     16.1831       1.60642      
121     2.24822       1.7142       
122     4.18162       1.71758      
123     5.659         1.71998      
124     0.517497      1.72083      
125     1.9612        1.72694      
126     5.51898       1.72751      
127     5.76538       1.77964      
128     3.89358       1.77986      
129     31.6167       1.82102      
130     39.6051       1.8381       
131     7.81575       1.94187      
132     5.67271       1.94244      
133     7.32355       1.95066      
134     5.17721       1.96828      
135     3.57129       1.97224      
136     9.06468       2.02348      
137     10.0758       2.02424      
138     16.8904       2.02821      
139     7.81557       2.03164      
140     13.9268       2.03192      
141     9.8496        2.04452      
142     0.553269      2.07216      
143     7.63303       2.07266      
144     7.08365       2.10066      
145     6.23614       2.10067      
146     28.3962       2.13875      
147     5.98526       2.14082      
148     3.21378       2.17978      
149     12.5468       2.18265      
150     11.572        2.18285      
151     18.9348       2.19988      
152     17.4395       2.2517       
153     15.6966       2.36214      
154     4.22843       2.41359      
155     4.08595       2.41669      
156     21.3487       2.43022      
157     19.1252       2.43631      
158     6.4324        2.44195      
159     21.1597       2.46191      
160     2.54906       2.46534      
161     20.8806       2.51107      
162     26.1488       2.51877      
163     4.89725       2.57432      
164     10.8632       2.58598      
165     1.89571       2.60672      
166     4.04963       2.6082       
167     13.7105       2.65532      
168     11.7423       2.6629       
169     15.6612       2.66629      
170     30.5976       2.66849      
171     37.5154       2.70971      
172     9.09242       2.71736      
173     30.9483       2.72086      
174     10.9139       2.73654      
175     8.20028       2.73783      
176     8.69544       2.78516      
177     8.78218       2.79082      
178     7.60932       2.8105       
179     24.0398       2.86262      
180     0.464272      2.86321      
181     5.1933        2.91683      
182     5.55953       2.97607      
183     84.4302       3.00022      
184     34.3035       3.00144      
185     14.9243       3.03358      
186     46.2301       3.08173      
187     24.8955       3.1073       
188     98.5528       3.12334      
189     13.7197       3.14183      
190     8.51615       3.14235      
191     86.3709       3.18573      
192     5.49533       3.19321      
193     11.545        3.22634      
194     7.59351       3.28233      
195     9.11455       3.31793      
196     2.5304        3.36454      
197     5.87733       3.38575      
198     13.9608       3.39184      
199     12.9462       3.39694      
200     12.9005       3.40105      
201     9.83238       3.42197      
202     10.667        3.4289       
203     9.84502       3.44287      
204     7.55356       3.4492       
205     12.2723       3.45651      
206     0.930884      3.46135      
207     12.0913       3.51466      
208     10.4783       3.51491      
209     30.5072       3.51634      
210     12.3153       3.59428      
211     15.7514       3.64162      
212     26.0613       3.64773      
213     8.62148       3.67856      
214     3.07525       3.71018      
215     8.70662       3.72033      
216     12.4444       3.72254      
217     14.404        3.77676      
218     54.7602       3.79307      
219     46.9532       3.79993      
220     1.60501       3.80191      
221     23.5728       3.84161      
222     38.731        3.84777      
223     19.1032       3.85332      
224     12.4774       3.86915      
225     8.24702       3.87461      
226     11.1034       3.88595      
227     5.88494       3.91324      
228     4.14915       3.92239      
229     7.2693        3.95587      
230     14.445        3.98141      
231     4.29176       3.98998      
232     13.6059       4.05328      
233     27.7251       4.07308      
234     13.2072       4.12514      
235     27.9322       4.13845      
236     8.42316       4.16714      
237     2.90846       4.20104      
238     10.0566       4.22105      
239     12.8854       4.22121      
240     6.05852       4.22147      
241     88.7467       4.22751      
242     7.18118       4.2285       
243     11.9444       4.2293       
244     17.7426       4.23009      
245     3.9498        4.25174      
246     1.03648       4.26315      
247     4.13609       4.27366      
248     3.38838       4.29767      
249     2.17068       4.2995       
250     12.7647       4.30602      
251     11.2584       4.33154      
252     14.2806       4.40443      
253     13.9911       4.41735      
254     2.22951       4.42152      
255     15.606        4.51004      
256     16.5552       4.51359      
257     4.29944       4.54021      
258     5.45549       4.55029      
259     21.7383       4.5807       
260     9.06318       4.58313      
261     5.95487       4.66521      
262     7.14584       4.66533      
263     2.15098       4.69107      
264     18.2374       4.70511      
265     4.53367       4.71289      
266     51.1727       4.72725      
267     4.30479       4.73118      
268     7.05729       4.75566      
269     5.64492       4.77021      
270     0.422062      4.78273      
271     22.2029       4.78439      
272     2.88396       4.79575      
273     6.8967        4.79611      
274     2.87347       4.79653      
275     1.66941       4.81263      
276     18.4982       4.82673      
277     9.85368       4.82886      
278     15.9416       4.83554      
279     4.3456        4.85018      
280     3.67233       4.85519      
281     11.0053       4.90773      
282     5.40344       4.9352       
283     13.3293       4.93947      
284     3.07829       4.96263      
285     0.628244      4.96303      
286     4.68575       4.97165      
287     0.865331      4.98177      
288     2.40893       4.982        
289     5.53502       4.98267      
290     6.19693       5.0131       
291     3.40966       5.0192       
292     6.72261       5.03152      
293     27.0853       5.03879      
294     0.73018       5.0426       
295     12.6487       5.07142      
296     2.64708       5.11195      
297     0.684366      5.11368      
298     2.43987       5.11439      
299     0.711906      5.11493      
300     0.721994      5.1441       
301     16.8544       5.14452      
302     0.648278      5.1458       
303     1.06221       5.148        
304     8.85447       5.26123      
305     0.763999      5.26175      
306     0.933539      5.27701      
307     0.458907      5.27828      
308     7.57247       5.27873      
309     0.698705      5.27959      
310     10.8714       5.39205      
311     8.07963       5.42391      
312     25.4316       5.43842      
313     0.308266      5.45522      
314     14.1266       5.45651      
315     19.5741       5.46328      
316     5.92052       5.52698      
317     19.5855       5.52784      
318     12.7356       5.54212      
319     10.0252       5.55357      
320     0.401824      5.55434      
321     1.9655        5.56105      
322     0.593592      5.58849      
323     9.42288       5.5903       
324     11.0266       5.59841      
325     18.942        5.61098      
326     2.09434       5.61826      
327     18.2136       5.62644      
328     10.1806       5.63564      
329     3.15342       5.63832      
330     4.8121        5.65872      
331     3.35027       5.6602       
332     4.49731       5.67963      
333     7.01254       5.68522      
334     3.84142       5.69537      
335     12.3064       5.72469      
336     23.1648       5.73733      
337     48.501        5.74969      
338     0.319614      5.75256      
339     5.93642       5.76036      
340     0.906164      5.76757      
341     3.4808        5.77914      
342     3.53695       5.79028      
343     6.29215       5.80812      
344     6.01239       5.81257      
345     1.93876       5.81641      
346     13.5927       5.85045      
347     0.671555      5.85065      
348     3.26446       5.87242      
349     12.5046       5.87433      
350     2.0395        5.88008      
351     2.38616       5.88498      
352     0.708191      5.91743      
353     17.2276       5.91922      
354     0.616447      5.91937      
355     0.565238      5.96411      
356     3.98331       5.96419      
357     4.15504       6.00141      
358     1.60761       6.0023       
359     12.9727       6.0183       
360     10.4654       6.01901      
361     1.66263       6.03707      
362     0.633592      6.03757      
363     0.956433      6.05134      
364     0.750889      6.05372      
365     2.81922       6.05685      
366     0.545794      6.06082      
367     0.480306      6.06242      
368     0.546319      6.06459      
369     52.3536       6.06502      
370     2.96333       6.06829      
371     0.706752      6.0726       
372     0.830908      6.07573      
373     0.844326      6.07774      
374     3.54492       6.08218      
375     7.38727       6.15745      
376     8.99539       6.16559      
377     14.3454       6.16651      
378     4.79626       6.16975      
379     8.63383       6.27462      
