258          254         
258          257         
130          113         
130          201         
130          167         
130          129         
130          128         
130          119         
130          53          
130          164         
130          169         
130          111         
130          132         
130          131         
130          171         
130          94          
226          222         
226          233         
226          224         
226          227         
226          231         
226          228         
389          375         
389          391         
389          388         
330          338         
330          332         
330          337         
330          331         
330          282         
330          348         
330          320         
330          334         
330          333         
330          339         
330          318         
330          335         
330          395         
175          150         
175          155         
175          38          
175          53          
175          180         
175          164         
175          177         
175          171         
175          170         
175          176         
175          395         
266          171         
266          269         
266          369         
266          288         
266          371         
223          222         
223          224         
242          243         
377          387         
377          369         
377          379         
377          12          
377          382         
377          372         
377          347         
377          374         
377          14          
377          378         
377          384         
377          370         
377          388         
377          390         
377          17          
377          10          
377          381         
377          361         
377          375         
377          359         
377          299         
377          18          
377          371         
377          385         
377          383         
377          376         
377          88          
292          265         
292          288         
292          290         
292          294         
379          18          
379          378         
379          382         
379          341         
379          17          
379          10          
239          240         
188          187         
188          173         
188          180         
188          201         
188          183         
188          191         
188          186         
188          171         
188          176         
188          185         
188          189         
202          201         
202          38          
144          145         
260          265         
260          259         
260          261         
260          269         
135          134         
291          289         
291          287         
291          296         
291          290         
291          306         
234          235         
22           52          
22           48          
22           20          
22           16          
22           25          
22           63          
22           18          
22           21          
22           26          
22           32          
22           46          
22           28          
22           23          
22           27          
22           24          
22           17          
22           61          
199          201         
27           145         
27           20          
27           25          
27           122         
27           18          
27           31          
27           21          
27           26          
27           32          
27           28          
27           369         
27           23          
27           30          
27           24          
27           17          
27           395         
27           63          
156          163         
156          150         
156          167         
156          38          
156          155         
156          197         
156          158         
156          164         
156          157         
156          88          
156          171         
156          154         
156          166         
171          173         
171          197         
171          201         
171          157         
171          219         
171          128         
171          170         
171          208         
171          185         
171          162         
171          150         
171          155         
171          38          
171          180         
171          179         
171          148         
171          217         
171          183         
171          165         
171          133         
171          176         
171          154         
171          168         
171          172         
171          160         
171          131         
171          177         
171          152         
171          140         
171          149         
171          163         
171          167         
171          164         
171          169         
171          94          
171          134         
171          182         
171          184         
171          151         
171          166         
231          233         
231          230         
41           52          
41           43          
41           56          
41           63          
41           18          
41           53          
41           396         
41           55          
41           99          
41           49          
41           61          
41           42          
41           45          
41           386         
41           38          
41           4           
41           17          
41           395         
208          209         
208          201         
208          217         
347          369         
347          368         
347          316         
347          300         
347          303         
347          382         
347          319         
347          372         
347          322         
347          288         
347          38          
347          383         
347          276         
347          370         
347          318         
347          395         
347          381         
347          301         
347          366         
347          364         
347          361         
347          375         
347          299         
347          309         
347          297         
347          371         
347          302         
347          284         
347          333         
347          275         
85           88          
85           98          
85           102         
85           86          
85           94          
59           52          
59           43          
59           65          
59           63          
59           18          
59           53          
59           45          
59           13          
59           37          
59           67          
59           23          
59           31          
59           61          
59           66          
59           56          
59           395         
338          332         
338          337         
338          305         
338          340         
338          343         
338          320         
338          334         
338          341         
338          297         
338          345         
338          333         
338          339         
338          324         
338          335         
338          344         
139          140         
332          337         
332          331         
332          396         
332          348         
332          324         
332          343         
332          320         
332          334         
332          322         
332          333         
332          323         
332          339         
332          335         
65           52          
65           68          
65           56          
65           58          
65           63          
65           18          
65           53          
65           45          
65           13          
65           37          
65           69          
65           67          
65           43          
65           61          
65           66          
65           38          
65           70          
65           395         
150          178         
150          149         
150          168         
150          38          
150          383         
150          155         
150          179         
150          148         
150          164         
150          154         
150          152         
150          157         
150          165         
150          133         
150          177         
150          166         
150          94          
150          167         
63           73          
63           108         
63           33          
63           369         
63           92          
63           50          
63           46          
63           60          
63           44          
63           12          
63           55          
63           23          
63           71          
63           61          
63           48          
63           77          
63           373         
63           107         
63           38          
63           235         
63           32          
63           67          
63           36          
63           93          
63           7           
63           57          
63           28          
63           42          
63           30          
63           3           
63           14          
63           62          
63           17          
63           395         
63           154         
63           72          
63           68          
63           75          
63           52          
63           398         
63           110         
63           37          
63           78          
63           69          
63           13          
63           74          
63           111         
63           43          
63           109         
63           76          
63           25          
63           66          
63           95          
63           34          
63           31          
63           102         
63           58          
63           86          
63           18          
63           53          
63           64          
63           45          
63           5           
63           79          
63           49          
63           113         
63           56          
63           39          
63           10          
63           19          
63           80          
63           87          
63           386         
63           70          
63           26          
63           94          
38           83          
38           391         
38           108         
38           369         
38           392         
38           46          
38           60          
38           12          
38           382         
38           157         
38           23          
38           372         
38           2           
38           4           
38           14          
38           43          
38           80          
38           373         
38           86          
38           383         
38           396         
38           67          
38           36          
38           384         
38           56          
38           8           
38           57          
38           90          
38           89          
38           42          
38           30          
38           390         
38           3           
38           17          
38           395         
38           381         
38           393         
38           0           
38           52          
38           398         
38           13          
38           95          
38           111         
38           109         
38           81          
38           397         
38           44          
38           34          
38           149         
38           167         
38           18          
38           53          
38           45          
38           5           
38           6           
38           1           
38           37          
38           385         
38           69          
38           39          
38           10          
38           40          
38           88          
38           87          
38           386         
38           154         
38           49          
38           94          
195          201         
195          196         
180          168         
180          163         
180          176         
180          201         
180          217         
180          174         
180          165         
180          164         
180          177         
180          154         
180          181         
180          167         
396          391         
396          337         
396          345         
396          343         
396          382         
396          319         
396          363         
396          392         
396          2           
396          384         
396          4           
396          346         
396          383         
396          322         
396          55          
396          340         
396          390         
396          17          
396          395         
396          393         
396          0           
396          398         
396          341         
396          397         
396          15          
396          24          
396          18          
396          1           
396          385         
396          344         
396          386         
179          155         
179          201         
179          183         
179          157         
179          176         
179          166         
32           20          
32           33          
32           25          
32           18          
32           61          
32           46          
32           28          
32           23          
32           17          
143          145         
36           52          
36           43          
36           18          
36           61          
36           46          
36           13          
36           37          
36           44          
36           23          
36           395         
36           94          
340          337         
340          331         
340          346         
340          343         
340          334         
340          341         
340          395         
340          333         
340          386         
340          335         
340          339         
340          344         
93           98          
93           107         
93           86          
93           61          
93           95          
93           111         
93           102         
93           94          
183          182         
183          201         
183          176         
57           52          
57           43          
57           56          
57           18          
57           53          
57           45          
57           67          
57           23          
57           61          
57           395         
57           94          
132          133         
132          131         
165          167         
165          164         
165          157         
165          177         
165          166         
165          155         
352          362         
352          373         
352          365         
352          192         
352          357         
352          386         
352          353         
352          395         
133          167         
133          201         
133          131         
138          137         
138          145         
265          259         
265          264         
265          261         
265          299         
265          276         
355          354         
204          201         
84           17          
84           86          
17           391         
17           20          
17           21          
17           392         
17           382         
17           23          
17           372         
17           2           
17           4           
17           7           
17           384         
17           8           
17           89          
17           61          
17           3           
17           395         
17           0           
17           398         
17           46          
17           13          
17           95          
17           315         
17           81          
17           397         
17           15          
17           149         
17           16          
17           18          
17           91          
17           19          
17           26          
17           1           
17           385         
17           10          
17           80          
17           87          
344          343         
344          337         
344          346         
344          350         
344          348         
344          345         
344          297         
344          334         
344          341         
344          319         
344          315         
344          333         
344          386         
344          335         
344          339         
344          395         
275          301         
275          273         
275          303         
275          302         
275          274         
72           69          
72           70          
72           71          
393          391         
393          398         
393          384         
393          10          
393          392         
393          390         
393          397         
393          385         
393          395         
168          167         
168          155         
168          201         
168          131         
168          217         
168          157         
168          128         
168          177         
168          207         
168          166         
101          105         
101          98          
101          106         
101          103         
101          100         
101          111         
101          90          
101          102         
101          94          
122          81          
122          212         
122          197         
122          201         
122          120         
122          12          
122          174         
122          121         
122          145         
122          372         
122          83          
122          124         
122          123         
122          10          
247          249         
247          243         
100          102         
100          98          
100          94          
364          362         
364          9           
364          368         
364          366         
364          356         
364          359         
364          363         
364          369         
364          365         
29           26          
78           77          
78           76          
78           79          
348          331         
348          326         
348          349         
348          294         
348          325         
348          350         
348          337         
348          324         
348          362         
348          320         
348          343         
348          277         
348          395         
348          357         
348          333         
348          351         
348          327         
348          311         
305          288         
305          308         
305          343         
305          320         
305          334         
305          333         
305          318         
305          297         
114          111         
114          115         
114          107         
114          116         
114          94          
111          108         
111          119         
111          131         
111          102         
111          128         
111          115         
111          43          
111          98          
111          116         
111          67          
111          61          
111          107         
111          110         
111          109         
111          95          
111          18          
111          91          
111          113         
111          112         
111          87          
111          94          
256          255         
256          249         
256          243         
256          254         
225          224         
225          228         
205          201         
299          288         
299          316         
299          333         
299          318         
299          297         
299          381         
177          178         
177          207         
177          219         
177          155         
177          201         
177          164         
177          217         
177          209         
177          166         
177          176         
177          167         
351          333         
351          362         
351          353         
351          356         
66           43          
66           68          
66           52          
66           53          
66           64          
66           61          
66           71          
66           69          
66           67          
66           94          
66           34          
66           56          
66           70          
66           18          
123          124         
276          259         
276          288         
276          325         
276          334         
276          281         
276          343         
276          277         
276          341         
276          286         
276          333         
276          339         
276          335         
276          297         
354          358         
354          384         
354          359         
354          319         
354          353         
298          297         
149          155         
149          397         
149          152         
149          176         
295          288         
295          294         
295          306         
295          293         
295          296         
295          319         
295          317         
295          309         
295          297         
163          162         
163          155         
163          164         
163          152         
163          157         
163          170         
163          176         
163          166         
58           201         
58           56          
58           67          
167          155         
167          201         
167          164         
167          169         
167          157         
167          94          
167          176         
167          166         
18           391         
18           20          
18           33          
18           369         
18           21          
18           108         
18           44          
18           12          
18           382         
18           23          
18           372         
18           60          
18           2           
18           4           
18           15          
18           61          
18           48          
18           69          
18           373         
18           7           
18           383         
18           67          
18           384         
18           8           
18           49          
18           89          
18           28          
18           30          
18           390         
18           3           
18           14          
18           395         
18           381         
18           43          
18           52          
18           398         
18           46          
18           37          
18           13          
18           95          
18           375         
18           109         
18           397         
18           56          
18           34          
18           16          
18           25          
18           53          
18           45          
18           5           
18           6           
18           1           
18           24          
18           385         
18           77          
18           31          
18           10          
18           19          
18           88          
18           87          
18           386         
18           94          
18           70          
18           26          
18           319         
312          317         
312          311         
312          316         
312          281         
45           44          
45           23          
45           4           
45           43          
45           373         
45           67          
45           42          
45           30          
45           395         
45           52          
45           398         
45           61          
45           13          
45           397         
45           56          
45           53          
45           39          
45           40          
45           386         
45           49          
5            52          
5            43          
5            398         
5            6           
5            2           
5            13          
5            7           
5            67          
5            30          
5            397         
5            3           
5            4           
5            395         
269          268         
269          267         
269          262         
269          270         
269          263         
269          261         
269          271         
263          262         
281          288         
281          282         
281          283         
281          316         
281          280         
281          320         
281          287         
281          296         
281          290         
281          319         
281          310         
281          317         
281          278         
281          293         
281          279         
281          297         
281          286         
164          155         
164          170         
164          88          
164          157         
164          166         
164          176         
164          161         
356          362         
356          369         
356          357         
356          366         
356          361         
356          385         
356          372         
356          353         
169          119         
169          176         
54           61          
54           49          
54           52          
209          201         
209          217         
209          219         
209          145         
209          207         
209          210         
290          288         
290          293         
290          316         
290          289         
290          287         
376          390         
376          375         
376          10          
376          381         
136          137         
136          141         
333          391         
333          337         
333          336         
333          331         
333          282         
333          373         
333          345         
333          324         
333          343         
333          319         
333          350         
333          317         
333          369         
333          315         
333          288         
333          346         
333          383         
333          308         
333          306         
333          342         
333          318         
333          335         
333          326         
333          339         
333          341         
333          328         
333          296         
333          320         
333          309         
333          334         
333          395         
333          283         
333          386         
333          327         
333          329         
88           10          
88           83          
88           9           
88           98          
88           375         
88           12          
88           90          
88           89          
88           82          
88           372         
88           81          
88           87          
88           94          
88           86          
88           166         
365          362         
365          368         
365          366         
365          358         
365          367         
365          319         
365          363         
365          392         
365          386         
365          353         
327          306         
327          326         
327          288         
99           80          
99           102         
99           98          
99           94          
166          178         
166          155         
166          176         
166          201         
166          148         
166          157         
166          152         
166          154         
193          194         
391          387         
391          368         
391          82          
391          382         
391          319         
391          392         
391          383         
391          384         
391          390         
391          395         
391          398         
391          61          
391          13          
391          397         
391          1           
391          386         
337          336         
337          331         
337          342         
337          346         
337          343         
337          334         
337          341         
337          395         
337          315         
337          339         
337          335         
33           43          
33           52          
33           61          
33           74          
33           386         
173          174         
173          201         
173          176         
336          335         
336          315         
92           94          
294          288         
294          316         
294          324         
294          343         
294          293         
294          296         
294          297         
222          215         
222          216         
222          224         
21           20          
21           24          
21           28          
21           23          
21           386         
197          201         
197          176         
197          237         
47           48          
47           23          
47           50          
47           46          
46           20          
46           50          
46           44          
46           12          
46           23          
46           71          
46           48          
46           69          
46           30          
46           395         
46           43          
46           52          
46           61          
46           15          
46           56          
46           16          
46           53          
46           19          
46           26          
46           28          
46           77          
46           10          
46           49          
46           94          
243          249         
243          240         
243          250         
243          251         
243          244         
243          254         
243          245         
243          252         
243          237         
243          257         
131          98          
131          116         
131          95          
131          152         
131          94          
44           52          
44           48          
44           56          
44           398         
44           53          
44           13          
44           67          
44           43          
44           23          
44           61          
44           395         
44           94          
203          201         
289          288         
289          316         
289          287         
289          297         
174          53          
174          157         
174          170         
174          176         
277          288         
277          278         
277          335         
277          297         
23           20          
23           50          
23           369         
23           48          
23           383         
23           30          
23           395         
23           43          
23           52          
23           398         
23           61          
23           24          
23           15          
23           56          
23           16          
23           25          
23           53          
23           26          
23           28          
23           31          
23           19          
319          387         
319          369         
319          368         
319          282         
319          392         
319          316         
319          343         
319          382         
319          286         
319          372         
319          310         
319          317         
319          353         
319          374         
319          321         
319          288         
319          308         
319          384         
319          318         
319          395         
319          398         
319          341         
319          315         
319          309         
319          297         
319          314         
319          385         
319          320         
319          334         
319          386         
372          24          
372          398         
372          383         
372          370         
372          384         
372          361         
372          375         
372          371         
372          359         
372          369         
372          10          
372          381         
350          357         
350          395         
272          280         
272          273         
272          303         
190          191         
190          201         
214          213         
214          215         
214          212         
214          216         
147          145         
4            0           
4            398         
4            1           
4            386         
4            397         
4            3           
4            395         
279          278         
279          288         
279          297         
237          238         
237          236         
237          235         
237          201         
237          217         
237          219         
237          240         
237          19          
237          233         
189          201         
229          228         
394          395         
288          315         
288          282         
288          316         
288          300         
288          324         
288          287         
288          310         
288          317         
288          322         
288          321         
288          293         
288          313         
288          308         
288          306         
288          285         
288          318         
288          326         
288          283         
288          307         
288          280         
288          341         
288          297         
288          331         
288          296         
288          314         
288          320         
288          309         
288          334         
288          284         
288          286         
9            24          
9            366         
9            30          
9            10          
9            94          
129          201         
378          375         
378          382         
378          381         
235          19          
235          31          
241          249         
241          240         
55           43          
55           56          
55           52          
55           77          
55           67          
55           61          
55           311         
308          310         
308          307         
308          317         
308          297         
306          155         
306          383         
306          296         
306          293         
306          318         
306          309         
306          297         
116          118         
116          119         
116          117         
116          115         
384          387         
384          382         
384          392         
384          374         
384          383         
384          388         
384          390         
384          10          
384          381         
384          398         
384          397         
384          385         
384          395         
384          386         
213          215         
213          212         
213          216         
8            398         
8            6           
8            10          
8            397         
8            395         
285          284         
90           98          
90           86          
90           1           
90           102         
90           94          
89           86          
89           397         
89           94          
145          141         
145          146         
42           43          
42           56          
42           52          
42           53          
42           61          
42           49          
42           395         
30           52          
30           77          
30           61          
30           53          
30           28          
30           56          
30           43          
30           386         
30           26          
30           395         
278          282         
278          320         
278          317         
278          339         
278          335         
3            1           
3            2           
3            397         
3            395         
318          331         
318          282         
318          283         
318          293         
318          309         
318          324         
318          320         
318          334         
318          317         
318          339         
318          328         
318          297         
335          325         
335          334         
335          345         
335          343         
335          341         
335          315         
335          339         
335          324         
335          322         
360          361         
395          331         
395          369         
395          345         
395          382         
395          363         
395          2           
395          43          
395          346         
395          383         
395          67          
395          362         
395          373         
395          381         
395          392         
395          52          
395          398         
395          19          
395          20          
395          13          
395          324         
395          390         
395          341         
395          315         
395          397         
395          328         
395          34          
395          16          
395          24          
395          53          
395          37          
395          31          
395          80          
395          386         
395          329         
381          369         
381          382         
381          370         
381          388         
381          390         
381          10          
381          380         
381          398         
381          375         
381          359         
381          371         
381          385         
381          383         
301          303         
301          302         
301          273         
326          325         
326          297         
211          215         
211          212         
211          192         
0            398         
0            346         
0            1           
0            2           
0            397         
246          245         
52           369         
52           60          
52           50          
52           71          
52           48          
52           69          
52           373         
52           67          
52           34          
52           28          
52           43          
52           398         
52           61          
52           40          
52           13          
52           109         
52           76          
52           397         
52           56          
52           53          
52           37          
52           77          
52           39          
52           19          
52           87          
52           70          
52           49          
52           94          
398          20          
398          369         
398          12          
398          392         
398          373         
398          383         
398          390         
398          13          
398          397         
398          15          
398          1           
398          39          
398          10          
398          386         
398          134         
398          26          
110          94          
110          176         
110          53          
160          157         
160          201         
160          155         
160          140         
249          240         
249          250         
249          248         
249          251         
249          255         
249          254         
307          297         
74           68          
74           69          
74           61          
74           81          
74           60          
74           67          
74           75          
74           73          
74           70          
74           71          
280          192         
280          282         
280          212         
280          317         
280          309         
280          297         
153          152         
261          259         
359          362         
359          363         
359          369         
359          357         
359          366         
359          358         
315          215         
315          314         
315          310         
315          316         
315          297         
315          309         
315          334         
315          317         
186          201         
152          155         
152          201         
152          157         
152          176         
152          151         
397          382         
397          392         
397          2           
397          383         
397          390         
397          61          
397          13          
397          81          
397          86          
397          6           
397          1           
397          385         
397          40          
397          87          
397          386         
228          233         
228          224         
228          227         
328          331         
51           50          
309          310         
309          316         
309          287         
309          296         
309          341         
309          317         
309          297         
297          323         
297          282         
297          316         
297          300         
297          343         
297          310         
297          317         
297          322         
297          321         
297          293         
297          311         
297          341         
297          296         
297          314         
297          320         
297          334         
297          284         
297          339         
297          286         
140          155         
140          148         
140          157         
140          102         
215          178         
215          216         
215          192         
215          212         
259          325         
16           369         
16           19          
25           20          
25           24          
25           61          
25           26          
25           28          
25           31          
206          201         
192          98          
192          368         
192          212         
192          95          
53           50          
53           71          
53           61          
53           48          
53           373         
53           67          
53           43          
53           56          
53           37          
53           77          
53           31          
53           49          
91           98          
91           86          
91           95          
91           94          
19           43          
19           20          
19           369         
19           26          
19           28          
19           61          
19           56          
19           31          
26           48          
26           20          
26           28          
26           369         
26           24          
26           61          
26           31          
1            382         
1            341         
1            2           
1            390         
371          369         
371          366         
371          368         
371          361         
371          375         
371          367         
371          370         
79           77          
385          353         
385          368         
385          383         
385          392         
385          386         
113          107         
113          115         
113          94          
320          343         
320          331         
320          282         
320          324         
320          334         
320          317         
320          339         
304          303         
39           43          
39           40          
39           49          
302          303         
141          142         
40           43          
40           61          
40           49          
87           98          
87           86          
87           13          
87           10          
87           94          
386          20          
386          369         
386          362         
386          382         
386          363         
386          392         
386          2           
386          373         
386          346         
386          383         
386          390         
386          34          
386          61          
386          13          
386          95          
386          24          
386          6           
207          201         
182          201         
49           48          
49           50          
49           67          
49           56          
49           61          
49           43          
257          254         
20           61          
20           28          
20           392         
20           24          
20           15          
50           48          
50           43          
50           69          
50           15          
50           94          
323          321         
323          322         
323          324         
106          98          
106          105         
106          102         
331          345         
331          324         
331          334         
282          321         
282          293         
282          283         
282          317         
282          286         
325          324         
201          187         
201          216         
201          194         
201          157         
201          219         
201          128         
201          170         
201          155         
201          200         
201          217         
201          185         
201          176         
201          191         
201          178         
201          134         
201          198         
201          184         
201          151         
316          300         
316          287         
316          310         
316          317         
316          322         
316          321         
316          341         
316          314         
316          334         
316          286         
300          341         
82           81          
82           368         
324          383         
324          343         
324          334         
324          357         
324          317         
324          339         
120          81          
224          216         
224          227         
224          221         
287          157         
157          155         
157          159         
157          148         
157          176         
157          154         
157          161         
219          220         
219          218         
219          217         
286          317         
363          362         
363          369         
363          366         
363          357         
310          314         
310          334         
310          341         
310          317         
310          311         
317          313         
317          314         
317          334         
115          118         
115          119         
115          109         
115          117         
115          94          
353          362         
353          357         
322          321         
322          366         
322          341         
71           68          
71           61          
71           37          
71           69          
71           67          
71           43          
71           73          
71           56          
71           70          
71           94          
185          184         
14           13          
14           37          
14           375         
14           12          
14           81          
14           10          
48           43          
48           61          
48           69          
48           56          
48           94          
373          362         
373          369         
373          34          
118          119         
118          102         
118          117         
98           108         
98           102         
98           96          
98           80          
98           103         
98           107         
98           95          
98           97          
98           105         
98           86          
98           104         
98           94          
103          102         
103          107         
103          94          
251          252         
251          254         
383          369         
383          343         
383          382         
383          392         
383          390         
383          366         
383          24          
218          217         
35           34          
148          155         
253          254         
217          176         
217          216         
7            43          
7            67          
7            94          
67           60          
67           43          
67           69          
67           73          
67           68          
67           75          
67           107         
67           61          
67           56          
67           37          
67           77          
67           31          
67           70          
67           94          
370          362         
370          369         
370          368         
370          366         
370          361         
370          375         
370          367         
370          382         
221          216         
388          375         
388          10          
73           68          
73           69          
73           61          
73           56          
73           70          
390          382         
390          392         
34           43          
34           86          
34           61          
34           94          
34           102         
176          155         
176          154         
176          191         
176          178         
28           369         
28           24          
28           31          
10           369         
10           12          
10           83          
10           11          
10           374         
10           13          
10           375         
10           81          
10           15          
154          155         
154          94          
154          161         
380          24          
68           69          
68           61          
68           60          
68           37          
68           75          
68           70          
75           69          
75           70          
273          274         
273          303         
107          43          
107          108         
107          86          
107          61          
107          102         
107          95          
107          94          
126          124         
126          125         
126          127         
366          362         
366          368         
366          361         
366          367         
366          369         
61           60          
61           69          
61           86          
61           56          
61           13          
61           43          
61           95          
61           37          
61           77          
61           31          
61           76          
61           70          
61           94          
233          232         
13           369         
13           12          
13           43          
13           95          
13           109         
13           37          
361          362         
361          369         
361          368         
95           105         
95           108         
95           102         
95           94          
375          369         
375          374         
375          12          
255          254         
341          345         
341          343         
341          346         
341          334         
341          339         
109          43          
109          94          
357          362         
357          24          
357          343         
81           86          
81           12          
81           83          
81           94          
56           69          
56           43          
56           77          
161          134         
105          102         
105          94          
24           31          
367          368         
117          119         
37           12          
37           43          
37           83          
77           43          
77           76          
104          102         
334          345         
334          343         
334          339         
31           43          
254          250         
254          252         
80           94          
339          343         
70           69          
70           60          
70           43          
94           108         
94           86          
94           119         
94           102         
94           96          
94           43          
94           69          
362          369         
362          368         
108          43          
108          102         
108          128         
369          382         
216          212         
368          382         
342          345         
60           69          
345          346         
345          343         
12           83          
382          374         
382          346         
102          96          
43           69          
155          159         
