0       30.0951       0.0192797    
1       4.73557       0.0210631    
2       37.0168       0.0241917    
3       5.84538       0.039161     
4       2.73963       0.0436238    
5       1.73018       0.0609522    
6       12.5073       0.0612308    
7       3.45511       0.0639426    
8       4.37243       0.0781426    
9       2.12383       0.0871146    
10      0.466802      0.0905651    
11      7.26099       0.0908373    
12      5.96798       0.122516     
13      25.1745       0.125435     
14      42.1718       0.12978      
15      29.054        0.131201     
16      27.848        0.137017     
17      18.1649       0.13987      
18      6.2222        0.158011     
19      39.5428       0.180572     
20      4.10246       0.188149     
21      7.88153       0.203341     
22      2.37419       0.223724     
23      7.33579       0.226084     
24      1.86901       0.238641     
25      4.14951       0.25367      
26      29.5818       0.256542     
27      21.9307       0.261016     
28      36.7572       0.278389     
29      2.23601       0.286826     
30      0.386033      0.287        
31      4.38167       0.311712     
32      1.21759       0.320739     
33      8.15948       0.331941     
34      106.768       0.335843     
35      6.15168       0.344906     
36      219.997       0.359516     
37      6.31295       0.359618     
38      13.682        0.376579     
39      5.60027       0.397339     
40      3.56552       0.407359     
41      2.71803       0.418202     
42      1.80583       0.41821      
43      4.58946       0.43269      
44      6.62281       0.44472      
45      3.42627       0.459098     
46      111.569       0.473242     
47      8.95893       0.479431     
48      43.2418       0.505601     
49      20.4266       0.512872     
50      4.81477       0.548828     
51      8.63797       0.562573     
52      10.741        0.562667     
53      8.41435       0.593514     
54      11.6326       0.642951     
55      9.32108       0.642974     
56      16.4163       0.648151     
57      1.92215       0.676748     
58      20.8337       0.681399     
59      59.8943       0.714568     
60      8.95763       0.728985     
61      17.1006       0.734402     
62      145.389       0.736865     
63      8.91201       0.782405     
64      12.4704       0.785725     
65      247.072       0.799387     
66      5.06532       0.824944     
67      0.424066      0.849408     
68      69.0959       0.8562       
69      39.0975       0.862829     
70      11.6021       0.8682       
71      2.49276       0.90916      
72      1.66624       0.917233     
73      92.1354       0.933281     
74      8.48873       0.938693     
75      7.28207       0.953298     
76      14.9267       0.973231     
77      3.06332       0.989613     
78      4.77929       0.997725     
79      7.91823       1.02065      
80      2.67765       1.02944      
81      1.76138       1.035        
82      27.5044       1.03857      
83      11.6228       1.04578      
84      2.04549       1.07417      
85      40.9615       1.08073      
86      13.235        1.08777      
87      8.53087       1.11027      
88      5.42496       1.12368      
89      3.54997       1.14401      
90      14.8735       1.15624      
91      8.97405       1.1593       
92      20.6847       1.16339      
93      34.8594       1.17331      
94      4.55417       1.19109      
95      4.7041        1.21231      
96      0.586971      1.21294      
97      0.507763      1.21791      
98      22.2001       1.21938      
99      8.41622       1.22452      
100     1.56068       1.22882      
101     80.9039       1.25303      
102     7.77209       1.25465      
103     36.0215       1.29098      
104     11.6561       1.29193      
105     8.13924       1.33592      
106     31.5269       1.35623      
107     10.9328       1.40134      
108     33.3734       1.41219      
109     11.3995       1.42485      
110     10.1894       1.46376      
111     25.2777       1.48025      
112     16.4528       1.48128      
113     56.6026       1.49469      
114     39.8286       1.49948      
115     8.54805       1.51642      
116     3.92091       1.53582      
117     7.43366       1.54878      
118     3.66242       1.56116      
119     25.8519       1.57559      
120     7.74021       1.57726      
121     19.6037       1.58201      
122     6.7494        1.58835      
123     6.69765       1.59795      
124     1.76574       1.60646      
125     4.37391       1.60705      
126     9.23539       1.61667      
127     2.07745       1.61812      
128     8.7735        1.63201      
129     5.76163       1.64709      
130     5.0986        1.64737      
131     11.0154       1.66796      
132     9.66502       1.66906      
133     10.1949       1.69402      
134     7.32749       1.69627      
135     2.2494        1.70816      
136     9.62244       1.71908      
137     3.95776       1.73759      
138     11.8672       1.74535      
139     4.03236       1.76645      
140     24.3903       1.77606      
141     153.33        1.78307      
142     16.6909       1.78634      
143     1.72243       1.80765      
144     60.0236       1.85672      
145     85.6086       1.85751      
146     86.9901       1.86166      
147     65.2801       1.86201      
148     25.6092       1.86268      
149     29.2422       1.86502      
150     0.271188      1.88646      
151     22.4143       1.8875       
152     0.110085      1.88767      
153     34.8456       1.89797      
154     189.668       1.93018      
155     2.80745       1.93453      
156     3.01555       1.94294      
157     5.44118       1.95712      
158     3.45716       1.96915      
159     2.06043       1.99275      
160     6.61275       1.99619      
161     3.11195       1.99852      
162     17.2999       2.00029      
163     2.74759       2.00287      
164     3.33845       2.01129      
165     3.65828       2.03129      
166     6.05079       2.04477      
167     37.8214       2.07417      
168     12.8316       2.07917      
169     80.4007       2.10692      
170     61.194        2.11523      
171     4.62219       2.126        
172     11.1248       2.14795      
173     6.32765       2.15649      
174     4.6275        2.15702      
175     6.46101       2.17416      
176     6.71079       2.19072      
177     6.39199       2.2143       
178     8.24469       2.22862      
179     6.33498       2.24343      
180     0.773926      2.25344      
181     46.0529       2.25922      
182     4.28173       2.25935      
183     33.1463       2.28023      
184     34.3185       2.28814      
185     18.4313       2.29064      
186     27.7944       2.29097      
187     25.672        2.29145      
188     16.3429       2.29423      
189     14.1743       2.29922      
190     1.97164       2.3157       
191     4.06391       2.32529      
192     6.73833       2.33637      
193     12.4243       2.33767      
194     7.17036       2.38477      
195     2.10304       2.38543      
196     14.5097       2.39359      
197     13.7264       2.4089       
198     4.35692       2.44401      
199     7.57246       2.44467      
200     21.4965       2.46844      
201     4.8781        2.48812      
202     9.66656       2.4884       
203     8.79123       2.49259      
204     17.3463       2.57524      
205     24.9159       2.62562      
206     8.33505       2.64986      
207     24.0295       2.66801      
208     25.7801       2.67981      
209     28.7412       2.68356      
210     79.8655       2.70736      
211     21.3509       2.72768      
212     6.06714       2.72989      
213     13.1464       2.7353       
214     6.85532       2.76994      
215     5.14424       2.77055      
216     12.1443       2.77541      
217     4.33878       2.78805      
218     5.50909       2.79151      
219     16.7745       2.79163      
220     6.29341       2.79535      
221     6.65956       2.80067      
222     7.09151       2.80453      
223     14.3376       2.81188      
224     0.450311      2.81237      
225     3.30424       2.82081      
226     3.70746       2.83299      
227     25.9567       2.83564      
228     9.29763       2.85324      
229     25.0913       2.88102      
230     10.6003       2.88426      
231     7.09878       2.9007       
232     2.41099       2.91347      
233     7.80429       2.92624      
234     24.5705       2.93015      
235     43.3697       2.93196      
236     8.15317       2.95841      
237     0.774456      2.95927      
238     9.19354       2.97422      
239     9.27179       2.97583      
240     2.83114       3.02183      
241     0.609642      3.02483      
242     11.9886       3.02573      
243     12.0741       3.0307       
244     4.11342       3.06249      
245     7.33063       3.06275      
246     22.3469       3.0676       
247     5.33013       3.12233      
248     22.8718       3.13408      
249     9.78298       3.13652      
250     5.9443        3.14863      
251     9.94023       3.16369      
252     14.0061       3.20498      
253     27.221        3.21106      
254     1.09874       3.21592      
255     3.7204        3.21608      
256     11.3677       3.23193      
257     1.67178       3.23755      
258     11.5786       3.23894      
259     5.24259       3.24388      
260     6.58905       3.26257      
261     20.7506       3.26575      
262     2.21612       3.26917      
263     3.61866       3.27415      
264     12.0244       3.29593      
265     27.583        3.30471      
266     19.2464       3.3324       
267     13.1275       3.3357       
268     13.7934       3.34122      
269     2.47217       3.35847      
270     3.27207       3.35955      
271     1.38615       3.37191      
272     15.2756       3.37697      
273     50.0767       3.37878      
274     11.8039       3.3799       
275     0.197406      3.39467      
276     2.66408       3.3947       
277     2.27076       3.403        
278     1.4501        3.40582      
279     9.39304       3.41056      
280     26.999        3.41521      
281     2.87489       3.41576      
282     2.8189        3.42179      
283     21.8653       3.42363      
284     0.32297       3.42463      
285     22.6167       3.43105      
286     11.5176       3.43423      
287     30.3856       3.44272      
288     21.2095       3.47847      
289     18.9929       3.49919      
290     10.4796       3.50064      
291     17.7565       3.52928      
292     5.2308        3.52963      
293     3.17274       3.54267      
294     4.10283       3.54268      
295     5.16709       3.55004      
296     5.46594       3.55482      
297     3.04086       3.55659      
298     3.34623       3.55992      
299     2.3434        3.56564      
300     1.97376       3.56788      
301     9.29577       3.57084      
302     8.1192        3.57269      
303     6.10006       3.5781       
304     2.48362       3.59104      
305     2.4627        3.59134      
306     5.4835        3.59813      
307     4.46964       3.59918      
308     0.55887       3.62344      
309     6.63214       3.62369      
310     0.787867      3.62421      
311     24.978        3.66121      
312     4.07253       3.69111      
313     1.4355        3.69179      
314     72.8568       3.69637      
315     0.541228      3.69644      
316     0.50049       3.69767      
317     0.688507      3.69936      
318     0.812809      3.70106      
319     1.01501       3.70334      
320     21.4856       3.74045      
321     4.14665       3.76397      
322     6.95801       3.77861      
323     26.0355       3.78295      
324     4.86344       3.78623      
325     16.4909       3.79435      
326     3.31426       3.79517      
327     12.4154       3.79864      
328     2.62664       3.80162      
329     0.840731      3.81939      
330     13.5512       3.8206       
331     0.435693      3.8207       
332     1.00634       3.82265      
333     1.5834        3.82426      
334     0.416541      3.82435      
335     2.42664       3.83191      
336     4.84757       3.83218      
337     4.035         3.83986      
338     0.605711      3.83996      
339     8.75803       3.8781       
340     7.61045       3.88461      
341     1.79105       3.88865      
342     15.8661       3.89008      
343     3.54855       3.89242      
344     10.1906       3.90569      
345     16.745        3.91836      
346     4.998         3.91942      
347     6.84855       3.93572      
348     1.88362       3.93762      
349     0.397423      3.93771      
350     3.62699       3.99034      
351     3.59556       3.99073      
352     5.0822        4.00591      
353     0.348623      4.00883      
354     14.5346       4.00907      
355     0.242232      4.01444      
356     4.28055       4.01448      
357     1.85646       4.02307      
358     1.8009        4.02358      
359     9.74707       4.03108      
360     6.15269       4.0319       
361     9.74629       4.032        
362     8.56379       4.03272      
363     0.951311      4.03611      
364     4.052         4.04671      
365     0.442227      4.04913      
366     12.2746       4.04951      
367     4.45325       4.07302      
368     0.565305      4.07452      
369     0.312856      4.0753       
370     11.2295       4.07552      
371     12.0765       4.08516      
372     0.735179      4.08607      
373     5.01612       4.09088      
374     4.12468       4.10573      
375     0.644482      4.10937      
376     7.73438       4.1101       
377     2.61105       4.11096      
378     5.39509       4.11354      
379     4.42038       4.11415      
380     8.80346       4.12994      
381     1.63576       4.13168      
382     3.22684       4.13244      
383     2.93274       4.1347       
384     4.80064       4.16719      
385     18.425        4.16743      
386     3.58579       4.18337      
387     2.0101        4.18789      
388     2.98145       4.18822      
389     3.18797       4.19196      
390     3.25128       4.1923       
391     0.848917      4.19629      
392     0.412668      4.19709      
393     10.7871       4.19733      
394     0.843121      4.19815      
395     1.92292       4.24094      
396     1.43164       4.24261      
397     10.9372       4.24343      
398     0.367619      4.24389      
399     1.99383       4.2456       
400     10.0124       4.24781      
401     11.6454       4.24967      
402     6.08682       4.25449      
403     6.04368       4.25514      
404     5.14636       4.26013      
405     3.99507       4.26048      
406     10.8428       4.34821      
407     4.42279       4.34834      
408     2.35974       4.37055      
409     11.8878       4.3734       
410     3.96689       4.37494      
411     5.1238        4.37503      
412     1.60538       4.38163      
413     7.39873       4.38267      
414     2.50928       4.38478      
415     5.84045       4.38508      
416     7.11265       4.39353      
417     8.63096       4.41876      
418     16.5978       4.43517      
419     7.06833       4.43638      
420     12.2927       4.46558      
421     7.96301       4.49702      
422     4.46043       4.49761      
423     15.6022       4.5402       
424     20.2381       4.54176      
425     22.6081       4.5459       
426     0.512439      4.54812      
427     1.48665       4.55289      
428     2.21914       4.5656       
429     29.1986       4.56944      
430     4.25886       4.57507      
431     36.8797       4.58516      
432     22.53         4.59442      
433     1.70694       4.60869      
434     61.9189       4.61088      
435     0.288345      4.6115       
436     0.44124       4.613        
437     0.628987      4.61513      
438     0.741394      4.61679      
439     2.09007       4.6207       
440     11.6367       4.63108      
441     10.0816       4.65592      
442     12.1392       4.65676      
443     5.99953       4.67003      
444     0.891078      4.69198      
445     1.97054       4.69318      
446     7.97762       4.69328      
447     0.777712      4.69433      
448     1.82284       4.69834      
449     3.694         4.69895      
450     6.71316       4.7091       
451     5.79288       4.72111      
452     0.324404      4.72619      
453     32.1402       4.72663      
454     0.477253      4.72799      
455     13.5848       4.73573      
456     12.6944       4.74917      
457     5.61318       4.75412      
458     13.3275       4.7857       
459     0.251201      4.78579      
460     1.9661        4.78935      
461     32.8924       4.80141      
462     5.65812       4.81598      
463     17.8658       4.8229       
464     22.8997       4.82545      
465     0.548177      4.82857      
466     6.48826       4.83187      
467     17.0552       4.83512      
468     11.6841       4.85284      
469     12.8012       4.89008      
470     22.2299       4.9211       
471     1.99328       4.93882      
472     41.9664       4.94097      
473     20.6848       4.9625       
474     27.6874       4.96444      
475     1.99741       4.96599      
476     6.10097       4.98678      
477     28.7736       4.98767      
478     0.698947      4.9906       
479     4.06703       4.99639      
480     5.39934       5.00379      
481     10.7626       5.02498      
482     0.627593      5.05656      
483     17.5541       5.05856      
484     21.3855       5.06542      
485     19.3054       5.06618      
486     2.18251       5.09799      
487     24.5449       5.10209      
488     15.6145       5.11001      
489     10.0925       5.13417      
490     4.14183       5.13453      
491     27.143        5.1364       
492     0.896599      5.14043      
493     5.14463       5.15544      
494     6.6819        5.16656      
495     3.8793        5.16766      
496     4.04291       5.20364      
497     7.33266       5.20413      
498     1.99428       5.20668      
499     5.85919       5.21554      
500     7.85411       5.2191       
501     2.95279       5.22858      
502     1.60014       5.23277      
503     28.7595       5.23346      
504     28.4983       5.24297      
505     3.24545       5.24944      
506     3.43988       5.25852      
507     3.58102       5.26999      
508     0.513235      5.29261      
509     30.4815       5.29425      
510     2.68781       5.30646      
511     2.43599       5.30769      
512     31.7935       5.3087       
513     1.05153       5.30882      
514     21.6598       5.32005      
515     5.28722       5.35622      
516     7.58215       5.35923      
517     0.431415      5.38865      
518     13.9218       5.38968      
519     34.2306       5.40171      
520     3.16668       5.41197      
521     0.290042      5.41787      
522     114.699       5.4198       
523     0.223849      5.42005      
524     0.277018      5.42119      
525     1.91178       5.42349      
526     0.56314       5.42677      
527     0.609678      5.4282       
528     7.39522       5.43575      
529     1.37867       5.44729      
530     31.8962       5.44994      
531     9.62421       5.45834      
532     8.16962       5.4777       
533     12.3592       5.49156      
534     7.12604       5.49619      
535     6.74642       5.51733      
536     3.49296       5.54034      
537     4.01828       5.54627      
538     10.1104       5.54667      
539     6.72917       5.55563      
540     25.7036       5.56133      
541     7.30954       5.57165      
542     6.62779       5.58402      
543     2.36229       5.61725      
544     21.1544       5.62183      
545     15.3496       5.62686      
546     6.66979       5.62933      
547     2.57409       5.68014      
548     14.4611       5.68186      
549     4.16478       5.68362      
550     11.3886       5.71483      
551     3.42827       5.75106      
552     30.8589       5.7517       
553     18.146        5.75773      
554     13.9416       5.76296      
555     26.2253       5.76781      
556     4.78945       5.77322      
557     5.54653       5.80612      
558     0.358935      5.8097       
559     15.952        5.80974      
560     11.6252       5.82815      
561     2.44116       5.82979      
562     11.4178       5.83044      
563     3.89222       5.83697      
564     3.31225       5.8434       
565     7.829         5.84901      
566     10.193        5.86541      
567     4.78804       5.86948      
568     0.373319      5.86963      
569     9.52064       5.88799      
570     18.6929       5.89238      
571     8.17645       5.90604      
572     2.05512       5.90634      
573     7.91024       5.93647      
574     5.21213       5.95782      
575     11.0324       5.97721      
576     6.19062       6.00074      
577     0.562145      6.02249      
578     157.588       6.02769      
579     18.8683       6.04875      
580     19.9442       6.04931      
581     19.9247       6.05065      
582     10.9133       6.09352      
583     10.8927       6.09463      
584     2.99952       6.11937      
585     3.95768       6.11973      
586     2.92462       6.12852      
587     2.93235       6.12885      
588     27.1835       6.16886      
589     40.8471       6.1723       
590     10.1416       6.22562      
591     39.7337       6.23185      
592     2.98964       6.2359       
593     4.91959       6.2431       
594     4.34525       6.25383      
595     4.29233       6.27923      
