0       2.90225       0.0          
1       0.994123      0.0116497    
2       4.77678       0.0127476    
3       0.960832      0.0136827    
4       0.861066      0.045374     
5       13.8868       0.0454146    
6       2.81578       0.0697099    
7       0.816412      0.0699413    
8       1.75506       0.0868453    
9       1.73701       0.0870286    
10      9.18688       0.0914782    
11      3.92921       0.108504     
12      1.21618       0.112214     
13      4.46163       0.112334     
14      0.692618      0.114294     
15      5.0312        0.116801     
16      6.90954       0.119046     
17      3.16346       0.123013     
18      1.44967       0.123773     
19      4.18454       0.131013     
20      12.5207       0.172978     
21      7.28239       0.177826     
22      3.9973        0.179768     
23      3.8484        0.180968     
24      7.36334       0.188752     
25      0.473475      0.189637     
26      1.65879       0.193988     
27      13.6849       0.197594     
28      12.717        0.230962     
29      4.44686       0.272433     
30      1.33439       0.272629     
31      5.70173       0.276119     
32      4.64901       0.278721     
33      0.402966      0.284788     
34      6.72585       0.285293     
35      6.00033       0.290241     
36      7.57392       0.291447     
37      7.6881        0.436486     
38      6.37889       0.438226     
39      3.3708        0.465153     
40      3.35448       0.465884     
41      5.88012       0.466428     
42      10.7374       0.472026     
43      10.7818       0.504292     
44      4.9736        0.510024     
45      21.4829       0.520208     
46      15.4287       0.558635     
47      5.43666       0.560332     
48      2.02861       0.56568      
49      1.52477       0.583823     
50      2.0687        0.584706     
51      1.50295       0.586582     
52      5.87141       0.588561     
53      0.713619      0.589689     
54      1.06948       0.591726     
55      2.12992       0.594354     
56      15.1354       0.610915     
57      4.71033       0.63363      
58      10.5279       0.658999     
59      17.5476       0.660662     
60      17.5792       0.664149     
61      53.4269       0.709569     
62      36.4128       0.712279     
63      6.21269       0.72359      
64      14.2318       0.738128     
65      13.047        0.739862     
66      10.3623       0.754213     
67      2.37643       0.760858     
68      5.44007       0.784694     
69      12.3094       0.833079     
70      9.88082       0.862765     
71      16.4202       0.864314     
72      13.2946       0.902072     
73      17.039        0.904607     
74      56.3376       0.912555     
75      2.37362       0.930721     
76      24.9187       1.0111       
77      32.0565       1.02927      
78      13.4393       1.06034      
79      7.54898       1.14582      
80      5.93272       1.15282      
81      0.496939      1.15344      
82      3.57084       1.15691      
83      4.51094       1.16192      
84      4.99717       1.16752      
85      8.90929       1.17877      
86      8.30343       1.20882      
87      8.26291       1.20994      
88      3.28097       1.2311       
89      4.08205       1.23159      
90      4.92583       1.24709      
91      6.26083       1.25662      
92      9.1252        1.26026      
93      3.48695       1.27953      
94      5.66591       1.27988      
95      1.54872       1.30497      
96      0.879819      1.30693      
97      24.0119       1.32069      
98      16.3571       1.32078      
99      15.731        1.32529      
100     20.7933       1.32808      
101     17.221        1.33529      
102     18.7579       1.35502      
103     12.5235       1.41726      
104     5.10001       1.45001      
105     19.6023       1.45081      
106     52.605        1.45563      
107     3.88196       1.46461      
108     4.00041       1.47926      
109     2.12244       1.48792      
110     20.0646       1.51297      
111     16.6429       1.54089      
112     19.7346       1.5466       
113     2.52408       1.55785      
114     17.3353       1.57808      
115     24.3293       1.60809      
116     0.635403      1.60843      
117     20.4804       1.68684      
118     12.9901       1.69509      
119     14.8954       1.69765      
120     11.3609       1.73545      
121     3.47559       1.87731      
122     15.1939       1.87963      
123     14.2481       1.87983      
124     13.1927       1.88264      
125     13.9391       1.90411      
126     17.3489       1.94313      
127     7.0491        1.95532      
128     14.2326       1.9743       
129     5.43109       1.97603      
130     5.93606       1.97903      
131     3.38204       1.98437      
132     5.41841       1.99092      
133     7.61292       1.99191      
134     5.31765       2.01354      
135     0.378094      2.01362      
136     2.74097       2.01902      
137     8.00856       2.0198       
138     6.88096       2.03357      
139     7.18763       2.03855      
140     12.4938       2.081        
141     26.398        2.1563       
142     28.3357       2.15761      
143     18.5491       2.16132      
144     35.8735       2.25849      
145     25.0818       2.2644       
146     3.68956       2.30484      
147     5.23463       2.30606      
148     2.7504        2.32929      
149     18.9289       2.33769      
150     22.149        2.34862      
151     10.4388       2.35444      
152     29.7074       2.35881      
153     18.8626       2.36533      
154     3.86364       2.38042      
155     5.33661       2.39978      
156     5.88562       2.41936      
157     10.3876       2.45853      
158     7.09865       2.48105      
159     17.1271       2.55295      
160     90.4096       2.55769      
161     25.4835       2.55945      
162     30.0358       2.58263      
163     13.7565       2.63331      
164     39.1884       2.63916      
165     33.2379       2.64482      
166     11.2644       2.64578      
167     5.31939       2.64646      
168     16.7308       2.70483      
169     45.5845       2.72337      
170     10.7552       2.75282      
171     5.29569       2.77811      
172     12.0449       2.81597      
173     3.58698       2.8482       
174     24.5714       2.8562       
175     8.31682       2.87112      
176     9.99251       2.90479      
177     6.62269       2.91525      
178     9.41498       2.97775      
179     10.3489       3.02587      
180     14.8192       3.03597      
181     17.6022       3.03601      
182     44.9187       3.05025      
183     10.1706       3.06238      
184     1.80872       3.13387      
185     12.7962       3.14253      
186     0.439998      3.15669      
187     13.4015       3.15823      
188     11.2833       3.17106      
189     11.3043       3.17505      
190     16.2189       3.17704      
191     107.831       3.22337      
192     15.4487       3.22439      
193     38.879        3.25591      
194     7.72944       3.25948      
195     5.85066       3.29179      
196     16.3767       3.32546      
197     29.5806       3.37039      
198     37.9841       3.39492      
199     17.6159       3.39507      
200     80.7716       3.4197       
201     14.954        3.44879      
202     15.9175       3.45309      
203     12.7648       3.50961      
204     5.59665       3.51392      
205     0.385127      3.54806      
206     8.83997       3.54827      
207     18.1668       3.57288      
208     14.8333       3.63359      
209     10.7781       3.66485      
210     4.83282       3.66767      
211     58.9049       3.68297      
212     7.84857       3.70077      
213     45.1963       3.70935      
214     1.8157        3.71666      
215     14.9216       3.72206      
216     54.6828       3.73258      
217     32.5335       3.75554      
218     32.5726       3.75639      
219     13.4274       3.76287      
220     35.1766       3.77178      
221     11.787        3.83364      
222     3.61972       3.8988       
223     16.4287       3.90419      
224     96.0454       3.92018      
225     45.6398       3.93951      
226     14.2969       3.93968      
227     6.80491       3.94232      
228     17.3842       3.94816      
229     15.4015       3.97233      
230     10.6528       3.97272      
231     9.84767       3.97638      
232     9.25093       4.03104      
233     10.8805       4.03159      
234     7.67832       4.03367      
235     5.54197       4.0644       
236     9.68341       4.09052      
237     8.69564       4.11186      
238     5.18037       4.18603      
239     5.16932       4.18611      
240     2.89133       4.19277      
241     11.9676       4.19326      
242     6.69771       4.2301       
243     20.8447       4.25327      
244     20.0664       4.26035      
245     0.73539       4.32388      
246     13.2662       4.32391      
247     6.93288       4.33682      
248     11.1982       4.39039      
249     4.27629       4.40405      
250     14.0218       4.41389      
251     14.4537       4.43339      
252     20.7426       4.44019      
253     8.21623       4.44155      
254     3.06229       4.49396      
255     17.3834       4.49451      
256     6.99225       4.54282      
257     7.19468       4.56307      
258     5.19406       4.56826      
259     11.6662       4.59502      
260     11.8325       4.62468      
261     18.2138       4.66421      
262     8.81045       4.67037      
263     24.9737       4.69303      
264     4.02058       4.69947      
265     1.44277       4.71303      
266     3.64026       4.71323      
267     8.75958       4.71357      
268     15.5145       4.7182       
269     0.582093      4.72182      
270     3.17341       4.72811      
271     2.80736       4.73825      
272     59.0369       4.75571      
273     13.2858       4.76866      
274     6.71863       4.77132      
275     21.0231       4.8256       
276     20.0205       4.8302       
277     7.0952        4.87751      
278     2.68444       4.91377      
279     13.2476       4.91798      
280     0.666223      4.91838      
281     4.0289        4.94464      
282     4.47029       4.96123      
283     30.514        4.96309      
284     6.54813       4.96326      
285     0.774164      4.9697       
286     2.40595       4.9753       
287     8.81159       4.99675      
288     0.934437      4.99728      
289     8.8841        4.99958      
290     2.37401       5.00468      
291     5.17268       5.01086      
292     7.35882       5.01712      
293     0.878256      5.08555      
294     6.58287       5.08603      
295     9.15113       5.10635      
296     2.67213       5.12895      
297     0.219781      5.13038      
298     2.59569       5.13041      
299     3.44793       5.13356      
300     20.738        5.2376       
301     0.709959      5.23772      
302     2.99319       5.24854      
303     22.9611       5.29096      
304     23.6335       5.29853      
305     15.1035       5.30877      
306     2.38636       5.32484      
307     7.86603       5.3529       
308     10.8873       5.36117      
309     4.55498       5.3782       
310     23.9161       5.39546      
311     8.3229        5.39936      
312     5.58331       5.4552       
313     11.0567       5.47037      
314     10.8477       5.47809      
315     23.1893       5.48316      
316     3.13368       5.49398      
317     0.487197      5.51459      
318     2.32789       5.51483      
319     1.05507       5.51577      
320     1.22157       5.5161       
321     0.794715      5.52966      
322     15.229        5.53587      
323     12.6644       5.53922      
324     15.6846       5.54005      
325     6.53587       5.58518      
326     2.69296       5.5997       
327     12.2607       5.60007      
328     22.3311       5.62478      
329     12.8251       5.62938      
330     1.5441        5.66898      
331     21.0252       5.68458      
332     25.722        5.68836      
333     3.87769       5.69032      
334     25.794        5.6939       
335     2.68924       5.70428      
336     46.8822       5.71958      
337     6.91776       5.72956      
338     2.75028       5.75067      
339     3.3927        5.78669      
340     6.38542       5.78758      
341     2.30801       5.80309      
342     2.29485       5.8035       
343     6.95123       5.80424      
344     3.19751       5.81577      
345     3.28729       5.81747      
346     9.49456       5.84444      
347     2.22551       5.86488      
348     11.2581       5.86779      
349     1.96326       5.86964      
350     2.2119        5.87357      
351     7.4838        5.88816      
352     2.11897       5.92731      
353     2.13065       5.92736      
354     2.44695       5.94051      
355     0.48181       5.94087      
356     3.70274       5.95746      
357     0.835764      5.96306      
358     0.767892      5.9654       
359     64.9965       5.9674       
360     0.764293      5.96952      
361     0.815602      5.9723       
362     0.935739      5.97479      
363     1.09018       5.97862      
364     0.981706      6.06728      
365     0.563414      6.06855      
366     7.54087       6.06925      
367     0.629409      6.06997      
368     0.950833      6.07123      
369     3.00698       6.09611      
370     14.6615       6.09652      
371     4.82205       6.15174      
372     3.1853        6.1761       
373     27.158        6.18143      
374     15.133        6.18867      
375     3.71921       6.19036      
376     12.2569       6.19566      
377     3.87402       6.21002      
378     6.73093       6.21098      
379     9.32792       6.23957      
380     5.86502       6.28198      
