276          275         
276          272         
276          236         
365          270         
365          372         
365          364         
365          324         
11           12          
11           10          
456          498         
456          444         
456          467         
456          455         
456          497         
456          484         
456          519         
456          440         
456          446         
456          483         
456          486         
456          454         
456          410         
456          450         
456          453         
456          535         
456          460         
456          459         
456          489         
456          375         
456          502         
456          424         
456          503         
456          427         
456          428         
556          554         
556          560         
556          557         
556          565         
208          209         
31           32          
216          261         
216          184         
216          310         
216          213         
216          211         
216          215         
216          204         
216          201         
216          222         
135          95          
135          134         
135          236         
135          140         
135          130         
71           75          
71           72          
71           70          
303          275         
303          364         
303          236         
303          210         
303          310         
303          400         
340          341         
340          324         
97           103         
97           86          
97           184         
97           236         
97           52          
97           213         
97           98          
97           209         
97           95          
97           65          
97           47          
97           38          
97           244         
97           69          
97           130         
97           104         
97           78          
97           94          
176          178         
507          483         
507          519         
507          514         
507          505         
572          573         
467          478         
467          275         
467          364         
467          236         
467          516         
467          506         
467          483         
467          476         
467          486         
467          496         
467          535         
467          310         
467          443         
467          505         
467          480         
467          375         
297          275         
297          283         
297          295         
297          294         
517          516         
517          519         
517          505         
517          518         
298          275         
298          364         
298          350         
298          308         
298          294         
457          110         
457          178         
457          364         
457          519         
457          488         
457          150         
457          194         
457          486         
457          484         
457          239         
457          240         
457          83          
457          450         
457          428         
457          458         
553          554         
203          264         
203          189         
203          200         
203          120         
203          215         
203          217         
203          275         
203          206         
203          199         
203          213         
203          260         
203          191         
203          273         
203          239         
203          395         
203          212         
203          178         
203          310         
203          305         
203          211         
203          204         
203          210         
203          222         
203          261         
203          205         
203          194         
203          272         
203          192         
203          196         
203          201         
366          364         
366          310         
366          324         
366          372         
366          254         
366          184         
73           112         
73           47          
73           83          
73           115         
73           74          
217          275         
217          261         
217          211         
217          215         
217          60          
217          222         
571          570         
571          573         
514          511         
514          519         
514          512         
514          515         
514          516         
514          506         
514          486         
514          513         
514          508         
514          505         
443          275         
443          310         
443          519         
443          431         
443          480         
443          466         
491          493         
30           28          
112          110         
112          115         
112          113         
112          150         
214          272         
214          213         
500          499         
500          519         
500          498         
500          100         
519          498         
519          518         
519          548         
519          454         
519          509         
519          521         
519          479         
519          520         
519          497         
519          346         
519          476         
519          512         
519          440         
519          499         
519          524         
519          483         
519          474         
519          486         
519          464         
519          542         
519          540         
519          441         
519          484         
519          551         
519          450         
519          480         
519          538         
519          508         
519          534         
519          488         
519          527         
519          516         
519          515         
519          505         
519          501         
519          506         
519          453         
519          535         
519          511         
519          423         
519          460         
519          475         
519          459         
519          489         
519          468         
519          523         
519          545         
519          526         
519          478         
519          522         
519          496         
519          471         
519          485         
519          525         
519          541         
519          502         
519          513         
519          431         
519          569         
519          504         
519          503         
519          438         
519          536         
519          510         
519          529         
519          546         
166          169         
166          165         
440          441         
440          428         
101          134         
101          100         
163          162         
163          174         
270          264         
270          281         
270          234         
270          326         
270          275         
270          288         
270          348         
270          328         
270          284         
270          364         
270          268         
270          342         
270          282         
270          350         
270          287         
270          222         
270          265         
270          331         
270          285         
270          261         
270          283         
270          295         
270          324         
270          269         
270          397         
270          272         
270          279         
270          209         
270          221         
288          289         
288          281         
288          234         
288          311         
288          294         
288          275         
288          236         
288          318         
288          348         
288          239         
288          284         
288          212         
288          364         
288          293         
288          319         
288          282         
288          432         
288          287         
288          320         
288          331         
288          285         
288          375         
288          261         
288          283         
288          295         
288          324         
288          347         
288          431         
288          209         
474          472         
474          478         
474          476         
474          310         
474          488         
474          272         
474          483         
474          486         
474          484         
474          475         
474          427         
474          479         
474          497         
474          395         
474          480         
474          473         
486          505         
486          444         
486          509         
486          479         
486          497         
486          454         
486          484         
486          476         
486          483         
486          487         
486          464         
486          410         
486          540         
486          441         
486          468         
486          480         
486          472         
486          469         
486          310         
486          465         
486          488         
486          516         
486          481         
486          501         
486          506         
486          453         
486          535         
486          511         
486          460         
486          475         
486          459         
486          489         
486          478         
486          485         
486          502         
486          496         
486          504         
486          536         
486          510         
486          428         
566          565         
307          341         
307          330         
307          323         
307          419         
307          231         
307          326         
307          275         
307          236         
307          318         
307          308         
307          352         
307          348         
307          364         
307          310         
307          230         
307          278         
307          331         
307          375         
307          261         
307          283         
307          381         
307          324         
307          258         
307          209         
307          316         
307          317         
542          540         
542          541         
542          535         
542          546         
191          21          
191          90          
191          120         
191          192         
191          234         
191          275         
191          236         
191          206         
191          16          
191          34          
191          260         
191          239         
191          130         
191          162         
191          193         
191          212         
191          310         
191          213         
191          211         
191          104         
191          210         
191          188         
191          175         
191          184         
191          205         
191          169         
191          209         
191          194         
191          33          
191          196         
191          20          
191          201         
191          18          
191          83          
539          538         
407          261         
407          403         
407          414         
407          364         
407          418         
407          410         
407          411         
407          415         
387          389         
387          364         
387          388         
387          372         
387          385         
387          374         
69           103         
69           65          
69           61          
69           52          
69           62          
69           38          
69           122         
69           121         
69           66          
69           53          
69           130         
69           60          
69           78          
69           68          
69           94          
69           54          
114          115         
114          113         
470          469         
162          178         
162          167         
162          175         
162          174         
162          34          
162          239         
162          145         
162          221         
162          168         
162          169         
250          275         
250          261         
250          310         
250          259         
250          308         
250          251         
250          122         
250          236         
94           103         
94           86          
94           236         
94           52          
94           62          
94           65          
94           26          
94           130         
94           44          
94           122         
94           92          
94           41          
94           38          
94           95          
94           104         
94           34          
94           56          
94           209         
94           54          
371          341         
371          391         
371          343         
371          357         
371          311         
371          275         
371          236         
371          318         
371          372         
371          348         
371          410         
371          382         
371          379         
371          370         
371          384         
371          389         
371          364         
371          310         
371          342         
371          388         
371          350         
371          331         
371          374         
371          375         
371          324         
371          347         
371          272         
371          317         
480          479         
480          498         
480          518         
480          463         
480          484         
480          476         
480          505         
480          483         
480          410         
480          310         
480          488         
480          516         
480          481         
480          501         
480          535         
480          460         
480          475         
480          459         
480          489         
480          478         
480          485         
480          428         
296          295         
187          184         
146          174         
146          145         
364          341         
364          323         
364          234         
364          360         
364          343         
364          357         
364          294         
364          233         
364          406         
364          356         
364          301         
364          441         
364          239         
364          389         
364          310         
364          327         
364          305         
364          278         
364          369         
364          300         
364          319         
364          392         
364          378         
364          337         
364          331         
364          374         
364          302         
364          367         
364          261         
364          314         
364          403         
364          345         
364          381         
364          358         
364          428         
364          391         
364          361         
364          346         
364          309         
364          275         
364          263         
364          318         
364          308         
364          386         
364          339         
364          299         
364          401         
364          342         
364          425         
364          350         
364          320         
364          283         
364          184         
364          363         
364          335         
364          315         
364          569         
364          368         
364          336         
364          325         
364          330         
364          372         
364          326         
364          311         
364          257         
364          410         
364          362         
364          236         
364          380         
364          348         
364          260         
364          379         
364          351         
364          329         
364          285         
364          545         
364          375         
364          293         
364          295         
364          347         
364          359         
364          444         
364          338         
364          390         
364          394         
364          209         
364          317         
364          552         
364          344         
364          289         
364          281         
364          352         
364          292         
364          349         
364          280         
364          382         
364          328         
364          240         
364          284         
364          422         
364          388         
364          313         
364          385         
364          332         
364          418         
364          287         
364          222         
364          384         
364          370         
364          421         
364          324         
364          272         
364          424         
364          316         
364          427         
364          393         
310          341         
310          323         
310          255         
310          304         
310          368         
310          372         
310          410         
310          239         
310          389         
310          305         
310          211         
310          300         
310          319         
310          247         
310          306         
310          331         
310          374         
310          478         
310          314         
310          403         
310          428         
310          343         
310          463         
310          309         
310          484         
310          275         
310          318         
310          308         
310          395         
310          419         
310          213         
310          350         
310          320         
310          283         
310          184         
310          205         
310          258         
310          315         
310          316         
310          325         
310          215         
310          256         
310          399         
310          244         
310          248         
310          400         
310          326         
310          311         
310          257         
310          236         
310          252         
310          348         
310          260         
310          261         
310          254         
310          375         
310          409         
310          259         
310          394         
310          209         
310          317         
310          249         
310          476         
310          251         
310          230         
310          273         
310          328         
310          240         
310          212         
310          422         
310          388         
310          313         
310          210         
310          332         
310          222         
310          384         
310          421         
310          324         
310          272         
310          424         
310          427         
310          397         
2            8           
2            4           
2            3           
482          483         
482          484         
527          526         
516          478         
516          476         
516          505         
516          518         
516          485         
516          483         
516          535         
516          454         
516          550         
516          506         
516          484         
516          475         
516          479         
516          497         
516          533         
230          264         
230          330         
230          26          
230          234         
230          121         
230          244         
230          229         
230          104         
230          103         
230          260         
230          236         
230          251         
230          252         
230          212         
230          275         
230          61          
230          62          
230          213         
230          211         
230          422         
230          254         
230          122         
230          210         
230          406         
230          188         
230          124         
230          261         
230          184         
230          158         
230          259         
230          33          
230          231         
230          258         
230          60          
230          209         
481          478         
481          476         
481          488         
481          460         
415          419         
415          421         
415          414         
415          418         
415          410         
415          413         
415          424         
415          400         
415          411         
415          412         
490          493         
369          372         
445          446         
319          341         
319          343         
319          275         
319          236         
319          318         
319          308         
319          348         
319          410         
319          239         
319          240         
319          388         
319          254         
319          350         
319          320         
319          331         
319          375         
319          283         
319          324         
319          347         
319          272         
319          209         
122          104         
122          121         
122          244         
122          78          
122          54          
122          103         
122          236         
122          52          
122          130         
122          86          
122          62          
122          118         
122          188         
122          123         
122          124         
122          184         
122          158         
122          272         
122          38          
122          183         
122          66          
122          60          
122          209         
122          117         
420          403         
420          421         
420          418         
420          410         
420          332         
420          424         
420          427         
420          411         
420          394         
420          428         
392          391         
511          504         
511          510         
511          512         
511          505         
423          411         
423          424         
460          454         
460          441         
460          424         
460          484         
460          459         
460          489         
475          478         
475          476         
475          488         
475          483         
475          535         
475          484         
475          505         
337          332         
171          170         
171          184         
171          236         
171          174         
171          168         
171          240         
171          209         
171          190         
171          145         
489          488         
489          484         
489          485         
489          501         
489          535         
489          459         
404          410         
404          409         
404          403         
404          400         
404          324         
461          462         
461          493         
115          110         
115          173         
115          120         
115          178         
115          116         
115          113         
115          130         
185          184         
402          261         
402          403         
367          324         
367          347         
367          388         
367          372         
367          348         
367          374         
367          375         
261          264         
261          281         
261          324         
261          463         
261          256         
261          255         
261          109         
261          400         
261          311         
261          257         
261          275         
261          263         
261          236         
261          105         
261          251         
261          213         
261          260         
261          211         
261          422         
261          327         
261          305         
261          268         
261          388         
261          254         
261          108         
261          282         
261          350         
261          215         
261          331         
261          285         
261          293         
261          409         
261          283         
261          295         
261          205         
261          222         
261          106         
261          259         
261          272         
261          119         
261          258         
261          201         
261          262         
261          183         
261          394         
261          209         
261          397         
96           95          
15           14          
15           13          
15           16          
15           17          
15           20          
15           18          
345          275         
345          318         
345          388         
345          348         
345          343         
345          331         
345          317         
381          385         
381          380         
381          383         
381          372         
381          348         
381          382         
381          350         
381          374         
84           86          
84           47          
84           184         
84           83          
84           41          
84           75          
139          209         
139          236         
139          140         
139          130         
576          577         
576          575         
485          478         
485          476         
485          498         
485          484         
485          546         
485          483         
485          535         
485          454         
485          540         
485          487         
485          428         
485          459         
485          479         
485          536         
485          488         
412          409         
412          403         
412          416         
412          419         
412          418         
412          399         
412          410         
412          413         
412          400         
412          424         
412          411         
412          414         
412          428         
197          209         
197          236         
197          130         
502          503         
51           49          
51           105         
431          275         
431          184         
431          205         
431          305         
431          429         
431          34          
431          306         
431          437         
431          432         
431          495         
431          222         
431          398         
431          397         
5            8           
5            4           
5            3           
413          416         
413          418         
413          410         
413          382         
413          411         
413          414         
279          275         
279          184         
279          236         
279          281         
279          324         
279          209         
42           41          
42           83          
358          356         
358          359         
358          418         
358          348         
358          357         
291          201         
291          295         
291          287         
95           160         
95           104         
95           121         
95           116         
95           78          
95           75          
95           103         
95           236         
95           174         
95           130         
95           86          
95           79          
95           62          
95           141         
95           142         
95           74          
95           59          
95           28          
95           99          
95           140         
95           93          
95           38          
95           136         
95           145         
235          275         
235          236         
235          234         
235          239         
277          275         
277          272         
277          324         
68           86          
68           52          
68           62          
68           33          
68           38          
68           41          
68           130         
68           78          
68           83          
68           54          
433          421         
433          448         
433          434         
433          410         
433          441         
433          427         
433          446         
433          428         
117          103         
117          184         
117          236         
117          104         
117          118         
117          38          
117          130         
117          209         
355          357         
355          356         
428          341         
428          426         
428          275         
428          446         
428          410         
428          441         
428          439         
428          484         
428          411         
428          450         
428          401         
428          422         
428          388         
428          425         
428          453         
428          427         
428          418         
428          459         
428          331         
428          545         
428          409         
428          421         
428          324         
428          400         
428          444         
428          424         
428          438         
144          174         
144          145         
1            4           
1            3           
21           20          
21           18          
21           16          
186          184         
218          209         
218          236         
218          308         
120          86          
120          83          
120          206         
120          130         
120          75          
376          324         
376          375         
46           47          
46           83          
46           40          
160          170         
160          184         
160          140         
160          62          
160          159         
160          165         
160          174         
160          239         
160          130         
160          161         
322          326         
322          321         
322          324         
391          275         
391          341         
391          384         
391          498         
391          324         
391          389         
391          347         
391          388         
391          372         
391          348         
391          410         
391          382         
391          390         
391          331         
391          374         
391          393         
391          100         
391          375         
430          429         
44           65          
44           145         
44           40          
44           52          
44           47          
44           45          
44           116         
44           41          
44           83          
44           113         
44           130         
44           60          
44           54          
575          551         
575          560         
180          178         
180          184         
180          189         
180          170         
180          215         
180          179         
43           41          
43           83          
109          105         
231          236         
231          254         
231          209         
452          437         
452          451         
361          275         
361          357         
361          239         
455          453         
455          464         
463          478         
463          476         
463          254         
463          400         
131          86          
131          283         
131          184         
131          83          
131          140         
131          55          
131          134         
131          87          
131          74          
131          132         
131          89          
131          41          
131          236         
131          100         
131          130         
131          75          
131          133         
50           49          
497          478         
497          488         
497          506         
497          501         
497          483         
497          496         
497          505         
497          484         
346          341         
156          103         
156          209         
156          236         
156          158         
156          130         
309          389         
309          308         
309          324         
309          372         
484          505         
484          479         
484          488         
484          476         
484          483         
484          454         
484          410         
484          450         
484          501         
484          535         
484          504         
484          478         
484          496         
473          483         
275          264         
275          341         
275          323         
275          234         
275          255         
275          357         
275          294         
275          233         
275          304         
275          382         
275          368         
275          239         
275          389         
275          327         
275          305         
275          211         
275          278         
275          300         
275          246         
275          331         
275          374         
275          314         
275          158         
275          263         
275          318         
275          308         
275          199         
275          130         
275          395         
275          238         
275          401         
275          213         
275          343         
275          342         
275          282         
275          350         
275          320         
275          283         
275          184         
275          205         
275          258         
275          315         
275          198         
275          330         
275          372         
275          215         
275          256         
275          225         
275          244         
275          248         
275          400         
275          326         
275          311         
275          257         
275          410         
275          362         
275          236         
275          206         
275          348         
275          260         
275          268         
275          254         
275          329         
275          188         
275          265         
275          285         
275          375         
275          293         
275          295         
275          259         
275          347         
275          338         
275          394         
275          209         
275          317         
275          281         
275          292         
275          349         
275          229         
275          274         
275          249         
275          251         
275          280         
275          237         
275          273         
275          232         
275          328         
275          240         
275          212         
275          422         
275          388         
275          313         
275          210         
275          332         
275          287         
275          222         
275          384         
275          370         
275          421         
275          324         
275          272         
275          192         
275          424         
275          316         
275          201         
275          427         
559          560         
58           59          
58           48          
167          169         
167          33          
167          165         
167          174         
167          193         
167          145         
167          175         
318          341         
318          325         
318          281         
318          330         
318          323         
318          280         
318          343         
318          326         
318          311         
318          260         
318          236         
318          308         
318          348         
318          239         
318          240         
318          372         
318          389         
318          283         
318          342         
318          388         
318          254         
318          313         
318          350         
318          320         
318          331         
318          374         
318          375         
318          314         
318          324         
318          347         
318          272         
318          293         
318          315         
318          338         
318          394         
318          209         
318          316         
318          317         
308          341         
308          255         
308          311         
308          257         
308          260         
308          233         
308          236         
308          304         
308          251         
308          348         
308          239         
308          130         
308          389         
308          314         
308          422         
308          388         
308          254         
308          331         
308          283         
308          324         
308          272         
308          209         
308          317         
150          110         
150          152         
150          178         
150          147         
150          151         
150          149         
150          155         
150          148         
150          153         
386          385         
386          382         
386          388         
386          372         
164          169         
164          165         
199          178         
199          206         
199          215         
199          210         
199          222         
45           86          
45           47          
45           184         
45           83          
45           40          
45           38          
45           55          
45           56          
45           85          
45           89          
45           41          
45           72          
45           48          
45           130         
45           35          
45           75          
45           100         
483          498         
483          476         
483          505         
483          454         
483          508         
483          439         
483          395         
483          488         
483          535         
483          479         
483          478         
483          496         
85           86          
85           47          
85           184         
85           130         
85           83          
165          170         
165          205         
165          192         
165          174         
165          236         
165          239         
165          145         
165          169         
454          453         
454          439         
454          505         
339          341         
339          324         
339          348         
339          331         
339          317         
299          283         
299          295         
299          239         
540          534         
540          546         
540          569         
540          535         
540          541         
540          493         
540          536         
540          450         
540          545         
540          543         
72           83          
72           75          
72           70          
72           100         
321          324         
451          462         
130          107         
130          119         
130          79          
130          87          
130          121         
130          116         
130          244         
130          229         
130          78          
130          75          
130          54          
130          105         
130          65          
130          233         
130          236         
130          52          
130          98          
130          182         
130          126         
130          237         
130          141         
130          134         
130          240         
130          61          
130          238         
130          86          
130          212         
130          103         
130          234         
130          140         
130          127         
130          239         
130          62          
130          213         
130          211         
130          36          
130          125         
130          102         
130          118         
130          247         
130          89          
130          249         
130          188         
130          137         
130          129         
130          124         
130          184         
130          209         
130          158         
130          92          
130          47          
130          33          
130          38          
130          128         
130          183         
130          66          
130          136         
130          60          
130          104         
130          83          
130          99          
395          26          
395          399         
395          400         
395          396         
395          410         
395          226         
395          260         
395          411         
395          305         
395          211         
395          205         
395          222         
395          403         
395          421         
395          221         
395          394         
395          397         
558          560         
238          236         
238          140         
238          239         
238          240         
238          209         
168          170         
168          184         
168          175         
168          213         
168          195         
168          174         
168          179         
168          193         
168          169         
79           86          
79           236         
79           140         
79           134         
79           38          
79           104         
79           116         
79           78          
79           83          
419          410         
419          403         
419          406         
419          421         
419          418         
419          258         
419          424         
419          411         
534          533         
534          535         
534          536         
401          389         
401          384         
401          324         
401          388         
401          372         
401          403         
401          410         
401          421         
401          400         
401          374         
488          478         
488          476         
488          505         
488          518         
488          501         
488          479         
488          535         
488          465         
488          468         
532          531         
532          529         
213          189         
213          281         
213          215         
213          256         
213          396         
213          170         
213          236         
213          206         
213          260         
213          211         
213          193         
213          254         
213          204         
213          210         
213          222         
213          184         
213          205         
213          158         
213          324         
213          259         
213          272         
213          196         
213          212         
213          209         
141          140         
342          341         
342          325         
342          281         
342          330         
342          343         
342          326         
342          356         
342          372         
342          348         
342          379         
342          388         
342          331         
342          285         
342          190         
342          283         
342          403         
342          324         
342          424         
342          209         
223          222         
506          518         
506          496         
506          508         
506          505         
506          466         
102          103         
102          65          
102          105         
425          421         
425          324         
425          388         
425          424         
425          410         
425          441         
425          331         
425          375         
74           28          
74           83          
74           62          
74           41          
74           75          
554          555         
554          565         
554          557         
554          551         
554          560         
282          236         
282          281         
282          283         
282          234         
282          287         
282          209         
282          285         
535          518         
535          541         
535          499         
535          546         
535          505         
535          479         
535          536         
504          505         
354          283         
354          352         
354          353         
354          350         
354          328         
354          331         
354          411         
350          264         
350          341         
350          281         
350          352         
350          323         
350          222         
350          343         
350          357         
350          311         
350          260         
350          236         
350          305         
350          372         
350          348         
350          410         
350          382         
350          239         
350          240         
350          370         
350          351         
350          389         
350          328         
350          293         
350          268         
350          388         
350          329         
350          287         
350          320         
350          265         
350          331         
350          374         
350          375         
350          283         
350          295         
350          378         
350          324         
350          347         
350          284         
350          272         
350          326         
350          349         
350          221         
350          317         
4            8           
4            12          
4            9           
4            574         
4            3           
4            6           
4            10          
459          501         
459          410         
459          441         
459          424         
320          341         
320          323         
320          311         
320          260         
320          236         
320          348         
320          410         
320          328         
320          372         
320          389         
320          388         
320          331         
320          374         
320          375         
320          283         
320          324         
320          347         
320          272         
320          317         
137          140         
82           83          
70           75          
70           100         
70           83          
133          134         
466          465         
466          347         
466          496         
466          375         
28           83          
28           27          
28           29          
28           75          
28           32          
283          264         
283          341         
283          325         
283          281         
283          352         
283          323         
283          234         
283          280         
283          311         
283          294         
283          260         
283          236         
283          301         
283          348         
283          239         
283          268         
283          240         
283          284         
283          212         
283          328         
283          278         
283          295         
283          329         
283          247         
283          332         
283          287         
283          265         
283          331         
283          285         
283          388         
283          375         
283          293         
283          184         
283          324         
283          347         
283          272         
283          338         
283          209         
184          198         
184          189         
184          281         
184          154         
184          215         
184          220         
184          132         
184          244         
184          229         
184          75          
184          134         
184          54          
184          170         
184          236         
184          40          
184          55          
184          182         
184          226         
184          47          
184          124         
184          260         
184          211         
184          237         
184          232         
184          239         
184          193         
184          35          
184          192         
184          86          
184          105         
184          62          
184          268         
184          56          
184          254         
184          89          
184          41          
184          188         
184          432         
184          172         
184          265         
184          181         
184          190         
184          169         
184          87          
184          205         
184          158         
184          324         
184          49          
184          209         
184          272         
184          33          
184          38          
184          183         
184          212         
184          121         
184          60          
184          104         
184          83          
205          215         
205          196         
205          236         
205          206         
205          260         
205          239         
205          178         
205          211         
205          204         
205          210         
205          222         
205          194         
205          272         
205          192         
205          201         
140          134         
140          234         
140          121         
140          143         
140          236         
140          175         
140          243         
140          240         
140          142         
140          104         
140          138         
140          242         
140          145         
140          136         
140          209         
106          105         
363          389         
363          372         
363          343         
19           20          
19           18          
335          332         
17           14          
17           16          
17           26          
17           20          
17           18          
17           35          
33           86          
33           47          
33           105         
33           55          
33           16          
33           41          
33           195         
33           104         
33           25          
33           83          
33           193         
494          493         
557          561         
557          555         
557          565         
557          562         
557          560         
258          259         
258          254         
258          252         
258          260         
258          236         
258          209         
258          257         
315          341         
315          324         
315          314         
315          278         
315          272         
315          388         
315          313         
315          348         
315          236         
315          343         
315          331         
550          551         
569          293         
569          541         
569          564         
569          546         
569          565         
569          568         
569          573         
569          545         
569          302         
183          236         
183          209         
157          158         
53           54          
53           52          
153          152         
153          155         
531          529         
438          424         
438          410         
438          439         
438          375         
271          272         
83           90          
83           81          
83           134         
83           26          
83           87          
83           34          
83           49          
83           48          
83           78          
83           75          
83           54          
83           100         
83           86          
83           40          
83           52          
83           55          
83           80          
83           25          
83           35          
83           105         
83           56          
83           89          
83           41          
83           132         
83           38          
83           24          
83           60          
83           104         
83           47          
221          220         
221          169         
221          234         
221          410         
221          225         
221          222         
221          311         
316          324         
316          236         
316          317         
336          332         
336          324         
447          446         
447          450         
447          448         
198          240         
198          209         
325          324         
325          341         
325          254         
325          348         
325          331         
325          317         
200          211         
200          201         
200          206         
312          357         
312          311         
312          268         
570          573         
330          341         
330          324         
330          323         
330          388         
330          348         
330          382         
330          331         
548          547         
548          549         
548          551         
548          190         
548          538         
134          478         
134          75          
134          55          
134          87          
134          476         
134          332         
134          86          
134          89          
134          41          
134          236         
134          212         
134          40          
448          446         
448          444         
448          449         
448          450         
215          189         
215          170         
215          236         
215          206         
215          212         
215          211         
215          254         
215          204         
215          210         
215          222         
215          209         
547          538         
547          549         
547          190         
547          551         
256          272         
256          254         
256          255         
256          260         
256          236         
256          222         
256          257         
91           90          
399          259         
399          410         
399          394         
399          400         
399          411         
225          236         
225          239         
244          272         
244          236         
244          239         
244          240         
244          265         
244          209         
248          236         
248          240         
248          209         
400          410         
400          260         
400          409         
400          254         
400          210         
400          314         
400          403         
400          259         
400          427         
400          394         
400          397         
286          285         
286          324         
493          546         
493          429         
493          437         
493          495         
493          458         
493          492         
326          341         
326          324         
326          388         
326          348         
326          236         
326          331         
326          209         
326          272         
326          317         
326          375         
64           65          
311          341         
311          323         
311          234         
311          357         
311          294         
311          236         
311          348         
311          239         
311          328         
311          293         
311          388         
311          287         
311          331         
311          374         
311          375         
311          295         
311          324         
311          347         
311          272         
311          209         
311          317         
32           47          
32           40          
32           38          
207          209         
207          210         
207          236         
207          206         
257          259         
257          251         
257          272         
257          254         
257          410         
257          236         
86           39          
86           47          
86           87          
86           104         
86           49          
86           78          
86           75          
86           54          
86           40          
86           52          
86           55          
86           105         
86           36          
86           56          
86           118         
86           89          
86           41          
86           35          
86           38          
86           60          
65           103         
65           61          
65           60          
65           52          
65           62          
65           121         
65           116         
65           66          
65           104         
65           78          
65           54          
65           34          
65           105         
362          410         
362          317         
362          370         
236          341         
236          323         
236          234         
236          255         
236          343         
236          357         
236          103         
236          233         
236          406         
236          304         
236          174         
236          239         
236          314         
236          211         
236          142         
236          247         
236          331         
236          124         
236          302         
236          121         
236          158         
236          206         
236          98          
236          348         
236          260         
236          105         
236          268         
236          254         
236          118         
236          188         
236          265         
236          181         
236          375         
236          293         
236          245         
236          347         
236          38          
236          338         
236          209         
236          107         
236          281         
236          104         
236          242         
236          143         
236          229         
236          78          
236          249         
236          175         
236          251         
236          226         
236          243         
236          237         
236          232         
236          240         
236          212         
236          422         
236          388         
236          313         
236          210         
236          332         
236          61          
236          287         
236          253         
236          169         
236          324         
236          272         
236          119         
236          136         
236          60          
380          382         
206          189         
206          260         
206          239         
206          212         
206          178         
206          211         
206          204         
206          210         
206          222         
206          228         
206          194         
206          196         
206          201         
16           13          
16           14          
16           34          
16           20          
16           18          
227          228         
537          190         
537          538         
252          158         
252          259         
252          251         
252          254         
252          260         
252          60          
563          541         
563          564         
348          341         
348          357         
348          281         
348          323         
348          370         
348          349         
348          343         
348          294         
348          356         
348          352         
348          260         
348          382         
348          239         
348          410         
348          240         
348          379         
348          375         
348          384         
348          372         
348          389         
348          328         
348          293         
348          388         
348          254         
348          300         
348          329         
348          332         
348          287         
348          331         
348          374         
348          285         
348          295         
348          324         
348          347         
348          272         
348          421         
348          427         
348          394         
348          209         
348          368         
348          317         
260          264         
260          255         
260          222         
260          305         
260          410         
260          273         
260          239         
260          240         
260          212         
260          328         
260          268         
260          254         
260          210         
260          332         
260          331         
260          324         
260          259         
260          272         
260          209         
260          397         
151          152         
439          478         
439          410         
439          375         
468          478         
468          476         
468          418         
468          469         
3            8           
3            7           
3            577         
3            6           
3            10          
77           75          
25           47          
25           24          
25           41          
25           56          
379          389         
379          378         
379          324         
379          377         
379          397         
379          388         
379          372         
379          385         
379          382         
379          374         
379          384         
379          370         
35           47          
35           89          
35           41          
35           56          
35           190         
35           538         
351          272         
442          441         
88           87          
110          111         
110          113         
178          194         
178          173         
178          174         
178          179         
178          239         
178          169         
178          145         
178          177         
178          175         
67           103         
67           54          
67           62          
67           66          
105          90          
105          47          
105          104         
105          121         
105          54          
105          55          
105          103         
105          62          
105          56          
105          108         
105          89          
105          41          
105          549         
105          49          
105          147         
105          119         
377          385         
377          374         
159          324         
268          328         
268          281         
268          293         
268          266         
268          239         
268          265         
268          267         
268          209         
268          272         
501          478         
501          476         
501          518         
501          464         
501          505         
254          255         
254          410         
254          251         
254          240         
254          212         
254          409         
254          403         
254          210         
254          253         
254          314         
254          324         
254          259         
254          272         
254          394         
254          209         
254          397         
329          341         
329          328         
329          331         
118          103         
118          104         
405          410         
405          403         
405          421         
405          328         
89           87          
89           90          
89           55          
89           47          
89           60          
89           41          
89           48          
89           56          
89           54          
89           100         
41           90          
41           26          
41           87          
41           49          
41           48          
41           23          
41           75          
41           54          
41           40          
41           52          
41           55          
41           34          
41           56          
41           47          
41           62          
41           59          
41           121         
41           38          
41           60          
469          476         
188          239         
188          209         
188          212         
549          518         
549          20          
549          551         
549          190         
549          538         
113          116         
113          145         
173          172         
76           75          
265          293         
265          239         
265          209         
290          239         
290          287         
181          103         
285          324         
285          281         
285          295         
285          234         
285          287         
285          209         
285          284         
285          294         
545          546         
545          424         
190          194         
190          424         
190          196         
190          193         
190          192         
190          538         
375          341         
375          352         
375          323         
375          349         
375          357         
375          294         
375          410         
375          418         
375          382         
375          328         
375          240         
375          293         
375          343         
375          388         
375          287         
375          331         
375          374         
375          302         
375          295         
375          324         
375          347         
375          272         
375          496         
375          317         
409          403         
409          324         
409          424         
409          410         
409          408         
409          397         
409          411         
293          341         
293          281         
293          292         
293          294         
293          301         
293          239         
293          240         
293          388         
293          331         
293          302         
293          295         
293          324         
293          347         
295          281         
295          234         
295          294         
295          328         
295          239         
295          388         
295          287         
295          331         
295          324         
564          573         
259          255         
259          211         
259          210         
259          251         
259          60          
245          240         
245          272         
347          341         
347          323         
347          343         
347          357         
347          294         
347          410         
347          382         
347          240         
347          372         
347          388         
347          332         
347          331         
347          324         
347          272         
194          211         
194          192         
194          174         
194          196         
194          201         
194          239         
194          193         
194          169         
359          357         
444          410         
444          421         
444          450         
444          446         
38           39          
38           47          
38           36          
38           104         
38           37          
38           78          
38           75          
38           54          
38           40          
38           52          
38           62          
22           20          
196          211         
196          192         
196          174         
196          195         
196          201         
196          193         
196          169         
20           14          
20           18          
20           23          
338          324         
338          341         
338          388         
338          372         
338          239         
338          343         
338          357         
338          331         
338          374         
57           56          
373          374         
373          372         
18           14          
66           103         
66           61          
66           62          
66           54          
390          389         
390          372         
573          568         
573          574         
573          567         
394          324         
394          272         
394          403         
394          410         
394          222         
394          397         
394          411         
209          119         
209          281         
209          323         
209          234         
209          255         
209          121         
209          229         
209          324         
209          158         
209          104         
209          226         
209          251         
209          174         
209          243         
209          211         
209          237         
209          232         
209          239         
209          240         
209          61          
209          212         
209          278         
209          247         
209          332         
209          138         
209          124         
209          175         
209          304         
209          210         
209          272         
209          60          
536          546         
317          341         
317          323         
317          382         
317          328         
317          388         
317          331         
317          314         
317          324         
552          551         
344          272         
344          324         
344          343         
107          104         
12           8           
12           9           
281          264         
281          234         
281          239         
281          284         
281          287         
281          324         
352          264         
352          353         
352          328         
352          410         
352          331         
352          374         
352          411         
26           169         
26           34          
26           56          
26           78          
26           212         
155          154         
416          424         
416          418         
416          411         
416          414         
104          78          
104          54          
104          34          
104          239         
104          212         
104          61          
104          103         
292          294         
242          240         
116          78          
116          145         
528          529         
229          239         
48           47          
48           40          
48           52          
48           55          
48           49          
48           59          
48           56          
48           60          
48           54          
48           100         
23           55          
396          397         
78           47          
78           87          
78           75          
78           54          
78           212         
78           62          
78           145         
398          397         
398          418         
560          561         
560          565         
560          562         
560          544         
100          75          
100          476         
274          272         
249          239         
170          169         
170          174         
476          498         
476          518         
476          505         
476          410         
476          465         
476          479         
476          478         
476          471         
476          477         
541          546         
541          543         
40           47          
40           75          
40           54          
175          174         
175          212         
175          239         
175          145         
175          169         
55           60          
55           62          
55           49          
55           59          
55           56          
55           54          
55           52          
562          561         
562          565         
251          158         
446          427         
446          449         
446          450         
39           47          
226          222         
34           169         
34           495         
34           56          
243          240         
280          239         
237          234         
237          239         
237          240         
382          341         
382          383         
382          343         
382          384         
382          368         
382          372         
382          410         
382          370         
382          389         
382          388         
382          385         
382          331         
382          374         
382          324         
508          509         
508          505         
273          305         
273          272         
273          201         
273          343         
273          222         
273          397         
232          324         
232          234         
232          239         
328          341         
328          222         
328          410         
328          372         
328          305         
328          388         
328          332         
328          331         
328          374         
328          324         
328          272         
56           75          
56           49          
56           47          
56           54          
240          294         
240          174         
240          239         
240          247         
240          332         
240          331         
240          302         
240          272         
240          241         
449          450         
411          414         
411          406         
411          410         
411          418         
411          403         
411          421         
411          424         
99           59          
284          324         
284          234         
10           8           
10           9           
212          211         
212          239         
212          234         
212          210         
212          169         
543          544         
543          546         
334          332         
47           87          
47           49          
47           75          
47           54          
47           36          
47           60          
465          478         
7            8           
546          450         
546          551         
422          388         
422          421         
422          410         
422          441         
422          331         
388          341         
388          323         
388          370         
388          357         
388          294         
388          372         
388          410         
388          441         
388          384         
388          389         
388          239         
388          343         
388          453         
388          385         
388          332         
388          331         
388          374         
388          324         
388          272         
388          421         
388          427         
313          272         
544          551         
204          211         
204          222         
204          201         
385          341         
385          406         
385          324         
385          389         
385          372         
385          374         
385          384         
210          234         
210          211         
210          239         
210          219         
59           52          
59           62          
59           121         
59           60          
332          341         
332          357         
332          410         
332          239         
332          333         
332          331         
332          403         
332          324         
505          518         
505          478         
287          324         
287          234         
287          239         
287          294         
287          331         
222          264         
222          397         
222          224         
222          305         
222          239         
222          211         
222          306         
222          172         
222          219         
222          272         
222          192         
222          201         
479          478         
479          410         
479          498         
228          239         
228          234         
384          341         
384          324         
384          389         
384          372         
384          343         
384          374         
384          331         
384          370         
530          529         
370          389         
370          374         
370          324         
370          272         
370          372         
370          343         
370          331         
253          272         
568          565         
14           13          
421          410         
421          441         
421          450         
421          418         
421          331         
421          403         
421          324         
421          272         
421          424         
421          427         
436          435         
169          195         
169          239         
169          193         
169          211         
169          192         
169          174         
169          145         
324          341         
324          323         
324          234         
324          255         
324          343         
324          357         
324          294         
324          356         
324          239         
324          389         
324          327         
324          278         
324          418         
324          331         
324          374         
324          403         
324          372         
324          410         
324          272         
324          424         
324          427         
324          397         
565          561         
565          567         
0            577         
272          389         
272          343         
272          255         
272          224         
272          305         
272          278         
272          239         
272          427         
272          331         
272          424         
272          201         
272          314         
192          211         
192          174         
192          201         
192          239         
192          193         
192          195         
424          414         
424          410         
424          441         
424          427         
424          403         
201          172         
201          202         
201          305         
201          193         
60           121         
60           54          
60           52          
60           61          
60           62          
60           103         
60           158         
427          341         
427          410         
427          343         
427          331         
427          450         
145          234         
145          174         
397          403         
397          305         
397          211         
397          306         
397          410         
458          429         
341          323         
341          349         
341          357         
341          294         
341          356         
341          372         
341          410         
341          389         
341          239         
341          343         
341          331         
341          374         
498          499         
498          410         
518          478         
518          551         
323          410         
323          331         
414          410         
414          418         
87           75          
234          294         
234          233         
234          239         
195          193         
121          103         
121          62          
121          61          
121          158         
121          54          
121          52          
360          357         
343          372         
343          305         
343          306         
343          331         
357          356         
357          331         
75           62          
417          418         
54           52          
54           61          
54           62          
54           103         
426          410         
294          301         
294          239         
294          331         
294          302         
103          52          
103          62          
103          124         
103          158         
8            9           
8            6           
233          239         
406          410         
356          331         
52           62          
301          302         
368          389         
368          372         
368          374         
372          374         
372          410         
372          389         
372          331         
372          378         
410          450         
410          331         
410          418         
410          441         
410          408         
410          389         
410          374         
410          314         
410          403         
174          239         
174          193         
441          453         
441          331         
441          450         
63           62          
239          300         
239          331         
239          278         
239          211         
239          246         
551          478         
551          538         
193          211         
408          418         
435          437         
389          374         
389          331         
61           158         
61           62          
349          331         
327          331         
305          306         
211          158         
331          374         
478          477         
