325          360         
325          331         
325          324         
325          300         
325          328         
325          322         
189          165         
189          205         
189          256         
189          259         
189          223         
189          257         
189          328         
189          261         
189          195         
189          203         
189          318         
644          645         
122          165         
122          137         
122          144         
122          130         
122          119         
122          133         
122          64          
122          123         
122          124         
122          101         
122          121         
122          98          
122          93          
122          152         
122          106         
122          80          
122          76          
122          110         
122          79          
122          99          
122          132         
122          111         
248          247         
11           9           
11           5           
11           12          
11           14          
446          447         
446          442         
406          408         
406          403         
406          402         
406          458         
406          404         
376          377         
376          375         
488          489         
488          533         
488          508         
488          360         
488          530         
488          492         
488          490         
488          423         
488          536         
488          487         
603          602         
603          601         
603          607         
603          597         
294          360         
294          322         
294          232         
294          223         
294          295         
294          300         
294          328         
294          261         
294          244         
294          170         
294          318         
252          245         
252          247         
252          257         
252          223         
519          520         
519          540         
519          533         
519          522         
519          508         
519          421         
519          360         
519          513         
519          590         
519          518         
519          503         
519          554         
519          423         
519          442         
455          373         
455          454         
54           64          
54           53          
20           21          
20           23          
119          250         
119          360         
119          295         
119          82          
119          93          
119          118         
119          46          
119          81          
119          95          
119          105         
119          106         
119          120         
286          288         
286          287         
286          223         
286          257         
286          282         
286          311         
286          328         
286          283         
286          292         
286          313         
286          318         
72           93          
72           80          
72           64          
72           82          
72           73          
279          232         
279          223         
279          257         
279          233         
279          282         
279          328         
279          222         
279          283         
279          354         
279          318         
77           115         
77           64          
77           331         
77           130         
77           98          
77           93          
77           454         
77           87          
77           432         
77           308         
77           390         
77           404         
77           591         
629          632         
629          631         
629          635         
374          372         
374          383         
374          356         
374          338         
374          370         
374          377         
374          402         
374          362         
374          378         
374          403         
374          300         
374          328         
374          380         
374          405         
374          398         
374          371         
374          298         
374          387         
374          381         
374          171         
374          373         
374          404         
374          332         
374          479         
374          375         
374          334         
374          369         
374          379         
374          454         
316          360         
316          331         
316          223         
316          295         
316          257         
316          317         
316          324         
316          300         
316          328         
316          421         
316          320         
316          322         
316          334         
316          318         
316          442         
481          482         
481          590         
481          477         
481          591         
379          574         
379          377         
379          328         
379          380         
379          398         
379          370         
22           21          
22           23          
475          474         
475          626         
475          442         
53           64          
53           83          
53           70          
53           55          
53           81          
53           52          
53           59          
53           56          
120          295         
120          64          
117          115         
628          627         
628          626         
482          477         
482          474         
482          484         
482          478         
482          483         
304          257         
304          375         
304          298         
304          300         
75           74          
75           64          
75           76          
64           45          
64           39          
64           41          
64           27          
64           62          
64           130         
64           65          
64           118         
64           151         
64           46          
64           81          
64           91          
64           149         
64           174         
64           105         
64           123         
64           124         
64           101         
64           121         
64           63          
64           98          
64           57          
64           93          
64           61          
64           43          
64           111         
64           67          
64           95          
64           106         
64           84          
64           80          
64           44          
64           97          
64           47          
64           38          
64           30          
64           107         
64           76          
64           82          
64           73          
64           59          
64           153         
64           110         
64           96          
64           56          
64           99          
64           66          
64           69          
64           70          
64           60          
64           83          
64           87          
64           92          
64           74          
64           52          
64           176         
64           71          
64           68          
64           55          
466          468         
466          458         
466          579         
124          144         
124          138         
543          542         
543          597         
462          453         
462          331         
462          464         
462          461         
462          458         
462          463         
462          442         
611          612         
611          607         
530          546         
530          489         
530          533         
530          508         
530          531         
530          360         
530          529         
530          532         
530          572         
530          536         
317          233         
317          324         
317          312         
317          292         
317          313         
317          421         
317          363         
317          257         
317          300         
317          328         
317          320         
317          310         
317          346         
317          173         
317          223         
317          319         
317          311         
317          354         
317          244         
317          243         
317          256         
317          315         
317          334         
317          314         
317          216         
317          181         
317          321         
317          322         
317          318         
531          533         
531          508         
103          139         
103          97          
103          108         
103          101         
103          295         
103          171         
103          98          
103          300         
103          93          
103          102         
103          87          
103          106         
103          104         
103          95          
103          105         
103          91          
103          96          
93           165         
93           78          
93           90          
93           144         
93           87          
93           46          
93           81          
93           91          
93           142         
93           105         
93           123         
93           101         
93           98          
93           45          
93           61          
93           111         
93           79          
93           67          
93           95          
93           106         
93           80          
93           44          
93           97          
93           82          
93           118         
93           59          
93           110         
93           96          
93           99          
93           85          
93           83          
93           57          
93           138         
93           92          
93           94          
93           69          
93           68          
1            0           
1            5           
270          233         
270          342         
270          250         
270          421         
270          414         
270          260         
270          269         
270          215         
270          257         
270          275         
270          300         
270          328         
270          247         
270          261         
270          245         
270          180         
270          254         
270          253         
270          223         
270          295         
270          424         
270          360         
270          244         
270          155         
270          243         
270          334         
270          318         
43           44          
43           46          
43           41          
535          360         
535          537         
535          554         
535          533         
535          508         
405          372         
405          331         
405          408         
405          631         
405          421         
405          591         
405          377         
405          402         
405          635         
405          458         
405          355         
405          579         
405          328         
405          403         
405          398         
405          400         
405          513         
405          544         
405          298         
405          410         
405          508         
405          360         
405          373         
405          420         
405          632         
405          354         
405          404         
405          362         
405          332         
405          479         
405          375         
405          330         
405          422         
405          461         
405          442         
25           24          
163          165         
163          157         
163          223         
163          334         
163          160         
163          167         
231          233         
231          250         
231          194         
231          283         
231          219         
231          260         
231          232         
231          257         
231          300         
231          328         
231          118         
231          261         
231          245         
231          263         
231          249         
231          223         
231          244         
231          360         
231          230         
231          311         
231          243         
231          259         
231          229         
231          251         
231          282         
231          216         
231          241         
231          432         
231          281         
231          224         
231          126         
231          318         
440          442         
567          574         
567          508         
567          522         
567          553         
567          563         
567          560         
567          575         
567          565         
567          503         
567          561         
567          566         
567          528         
478          474         
478          477         
478          129         
89           90          
346          360         
346          257         
346          421         
346          328         
346          354         
346          320         
346          322         
346          347         
346          318         
346          442         
348          349         
348          295         
348          503         
348          421         
348          360         
348          334         
348          297         
348          344         
348          357         
520          360         
520          540         
520          533         
520          522         
520          563         
520          508         
520          575         
520          513         
520          421         
520          554         
520          521         
520          621         
520          503         
520          561         
520          570         
520          622         
249          233         
249          271         
249          200         
249          250         
249          219         
249          199         
249          205         
249          232         
249          257         
249          300         
249          328         
249          247         
249          207         
249          245         
249          243         
249          253         
249          223         
249          295         
249          244         
249          360         
249          261         
249          256         
249          259         
249          211         
249          305         
249          203         
544          542         
97           165         
97           88          
97           99          
97           111         
97           69          
97           295         
97           98          
97           76          
97           82          
97           106         
97           87          
97           46          
97           92          
97           95          
97           105         
97           91          
97           110         
97           96          
293          292         
452          360         
452          451         
452          508         
452          442         
469          468         
469          453         
469          470         
223          147         
223          271         
223          194         
223          313         
223          199         
223          205         
223          140         
223          257         
223          300         
223          152         
223          139         
223          207         
223          233         
223          295         
223          244         
223          214         
223          222         
223          230         
223          221         
223          186         
223          225         
223          259         
223          224         
223          334         
223          197         
223          242         
223          237         
223          353         
223          227         
223          281         
223          229         
223          208         
223          203         
223          165         
223          138         
223          331         
223          144         
223          200         
223          282         
223          333         
223          219         
223          357         
223          307         
223          157         
223          215         
223          239         
223          266         
223          190         
223          328         
223          336         
223          261         
223          297         
223          213         
223          167         
223          198         
223          240         
223          287         
223          236         
223          185         
223          256         
223          141         
223          251         
223          216         
223          241         
223          318         
223          442         
223          191         
223          187         
223          272         
223          268         
223          38          
223          260         
223          280         
223          275         
223          201         
223          254         
223          253         
223          343         
223          234         
223          360         
223          212         
223          243         
223          332         
223          195         
223          277         
223          196         
223          217         
223          220         
223          312         
223          250         
223          283         
223          292         
223          184         
223          142         
223          232         
223          206         
223          273         
223          209         
223          172         
223          421         
223          247         
223          36          
223          258         
223          245         
223          299         
223          180         
223          263         
223          284         
223          298         
223          226         
223          311         
223          235         
223          267         
223          274         
223          211         
223          264         
223          303         
223          181         
223          246         
223          432         
295          337         
295          233         
295          271         
295          356         
295          194         
295          370         
295          199         
295          140         
295          152         
295          340         
295          139         
295          173         
295          245         
295          424         
295          246         
295          230         
295          301         
295          259         
295          334         
295          237         
295          305         
295          208         
295          203         
295          165         
295          331         
295          144         
295          339         
295          200         
295          308         
295          338         
295          377         
295          357         
295          414         
295          291         
295          266         
295          328         
295          261         
295          297         
295          95          
295          167         
295          236         
295          171         
295          290         
295          420         
295          155         
295          375         
295          216         
295          241         
295          318         
295          442         
295          372         
295          352         
295          342         
295          272         
295          306         
295          260         
295          105         
295          262         
295          302         
295          423         
295          347         
295          170         
295          253         
295          343         
295          360         
295          345         
295          243         
295          332         
295          207         
295          341         
295          217         
295          250         
295          164         
295          300         
295          344         
295          172         
295          421         
295          247         
295          299         
295          298         
295          296         
295          244         
295          349         
295          330         
295          267         
295          369         
295          303         
295          181         
295          432         
295          422         
649          641         
649          648         
649          652         
107          98          
107          106         
319          320         
319          322         
319          318         
82           80          
82           83          
82           71          
82           98          
82           46          
82           79          
82           58          
82           81          
82           101         
82           91          
82           96          
424          429         
424          342         
424          495         
424          561         
424          377         
424          344         
424          414         
424          350         
424          434         
424          275         
424          421         
424          525         
424          423         
424          473         
424          622         
424          574         
424          513         
424          387         
424          508         
424          428         
424          360         
424          427         
424          503         
424          528         
424          332         
424          349         
424          425         
424          522         
424          422         
424          442         
88           87          
88           105         
162          165         
162          157         
162          161         
162          156         
162          160         
162          170         
114          115         
222          233         
222          244         
222          216         
222          245         
222          203         
427          360         
427          349         
427          421         
131          132         
230          165         
230          331         
230          233         
230          200         
230          250         
230          232         
230          257         
230          300         
230          328         
230          247         
230          261         
230          297         
230          245         
230          253         
230          244         
230          360         
230          243         
230          259         
230          241         
230          432         
230          318         
503          507         
503          506         
503          429         
503          527         
503          560         
503          498         
503          513         
503          421         
503          491         
503          574         
503          561         
503          306         
503          357         
503          502         
503          436         
503          505         
503          300         
503          465         
503          525         
503          473         
503          554         
503          508         
503          360         
503          504         
503          499         
503          500         
503          528         
503          423         
503          522         
503          575         
503          565         
503          529         
503          515         
503          501         
503          442         
382          383         
382          442         
150          165         
150          139         
150          157         
150          140         
150          144         
150          172         
150          152         
150          194         
221          220         
221          232         
221          209         
221          257         
221          233         
221          219         
59           61          
59           60          
153          152         
110          80          
110          99          
110          98          
110          111         
110          138         
96           87          
96           98          
96           95          
96           105         
186          194         
186          187         
437          453         
437          470         
437          436         
437          421         
437          360         
437          432         
437          444         
437          447         
437          442         
620          621         
99           111         
99           101         
99           98          
99           100         
99           87          
99           46          
99           92          
166          165         
166          144         
166          257         
166          152         
166          164         
166          167         
166          170         
112          115         
112          113         
477          479         
477          476         
477          538         
477          474         
477          508         
477          484         
477          454         
477          390         
477          483         
143          144         
224          232         
224          257         
224          233         
224          203         
334          372         
334          366         
334          147         
334          339         
334          368         
334          491         
334          333         
334          338         
334          370         
334          344         
334          357         
334          486         
334          367         
334          465         
334          377         
334          109         
334          257         
334          380         
334          172         
334          300         
334          328         
334          336         
334          340         
334          320         
334          343         
334          170         
334          173         
334          298         
334          387         
334          244         
334          360         
334          365         
334          301         
334          311         
334          332         
334          349         
334          375         
334          330         
334          314         
334          216         
334          341         
334          515         
334          335         
334          322         
334          318         
485          515         
485          486         
527          542         
527          526         
638          637         
638          632         
638          631         
638          635         
242          235         
242          232         
242          259         
242          233         
242          244         
242          328         
242          247         
242          250         
242          261         
242          245         
242          318         
242          243         
352          421         
352          360         
352          331         
352          508         
352          300         
352          328         
352          356         
352          341         
352          261         
352          432         
352          322         
352          422         
352          170         
352          318         
352          442         
594          554         
594          586         
594          607         
594          590         
594          597         
594          442         
594          616         
594          591         
480          489         
480          533         
480          508         
480          421         
480          360         
480          432         
0            2           
0            652         
3            4           
3            2           
92           45          
92           80          
92           44          
92           144         
92           76          
92           98          
92           87          
92           46          
92           101         
92           105         
92           91          
92           79          
156          165         
156          158         
156          157         
156          144         
156          170         
156          154         
156          159         
156          164         
156          160         
156          169         
156          152         
156          155         
156          161         
395          360         
395          508         
395          421         
395          328         
395          261         
395          442         
582          515         
582          554         
582          585         
582          486         
582          591         
176          372         
176          173         
176          337         
176          177         
176          311         
176          174         
176          175         
176          178         
176          370         
647          641         
647          648         
161          165         
161          158         
161          157         
161          211         
161          159         
161          160         
461          453         
461          470         
461          331         
461          458         
461          454         
461          459         
461          444         
461          463         
614          616         
614          586         
614          591         
183          229         
183          227         
183          184         
288          287         
288          289         
288          328         
288          398         
288          292         
288          313         
533          494         
533          453         
533          532         
533          513         
533          569         
533          492         
533          457         
533          561         
533          546         
533          540         
533          534         
533          493         
533          470         
533          538         
533          489         
533          508         
533          360         
533          537         
533          539         
533          554         
533          536         
533          528         
533          522         
533          607         
533          548         
533          529         
533          572         
533          626         
533          571         
309          328         
309          260         
309          311         
553          552         
553          540         
553          508         
553          554         
553          575         
553          579         
553          537         
553          561         
137          165         
137          139         
137          135         
137          132         
137          138         
137          136         
506          507         
506          540         
506          513         
506          522         
506          508         
506          421         
506          360         
506          518         
506          423         
506          442         
228          227         
228          229         
228          257         
144          165         
144          168         
144          147         
144          130         
144          151         
144          138         
144          164         
144          149         
144          328         
144          157         
144          140         
144          257         
144          98          
144          152         
144          170         
144          139         
144          142         
144          160         
144          244         
144          132         
144          185         
144          148         
144          123         
144          141         
144          145         
144          146         
144          154         
144          111         
144          172         
144          233         
464          468         
464          458         
464          470         
464          463         
651          652         
573          574         
573          586         
13           14          
524          508         
524          522         
524          442         
35           34          
35           442         
419          360         
419          421         
451          257         
451          421         
451          360         
451          297         
451          450         
451          442         
87           84          
87           85          
87           91          
87           106         
87           98          
87           73          
87           69          
87           86          
87           81          
87           95          
87           105         
46           45          
46           44          
46           41          
46           98          
46           81          
46           39          
46           57          
46           106         
589          607         
589          590         
589          442         
589          588         
589          591         
457          468         
457          453         
457          331         
457          456         
457          508         
457          489         
457          449         
457          561         
457          447         
457          423         
457          442         
219          211         
219          245         
219          209         
219          257         
219          233         
219          220         
219          244         
219          328         
219          250         
219          207         
219          218         
219          203         
219          597         
219          199         
219          243         
570          574         
570          586         
570          538         
570          563         
570          474         
570          508         
570          575         
570          565         
570          590         
2            5           
448          445         
448          454         
448          380         
448          381         
448          447         
448          442         
587          586         
587          591         
486          508         
486          368         
486          465         
486          366         
486          515         
486          500         
486          442         
414          298         
414          360         
414          421         
414          341         
414          442         
391          390         
415          312         
415          508         
415          421         
557          540         
557          554         
557          556         
557          508         
307          328         
307          229         
307          331         
307          297         
133          132         
648          652         
648          650         
648          641         
648          645         
109          105         
109          95          
109          170         
609          542         
609          489         
609          508         
609          617         
609          586         
609          602         
609          613         
609          607         
609          591         
609          360         
609          605         
609          610         
609          554         
609          526         
609          616         
609          442         
101          98          
101          118         
101          106         
239          257         
239          233         
239          245         
471          360         
471          508         
471          473         
471          421         
266          259         
266          257         
266          233         
266          200         
266          297         
443          442         
443          444         
98           165         
98           81          
98           91          
98           118         
98           95          
98           106         
98           80          
98           105         
98           100         
190          205         
190          232         
190          331         
190          257         
190          233         
190          244         
190          328         
190          261         
190          203         
190          318         
328          147         
328          233         
328          271         
328          356         
328          194         
328          313         
328          199         
328          205         
328          269         
328          362         
328          140         
328          257         
328          300         
328          152         
328          398         
328          139         
328          351         
328          355         
328          387         
328          244         
328          246         
328          354         
328          301         
328          259         
328          229         
328          353         
328          305         
328          281         
328          335         
328          208         
328          203         
328          326         
328          165         
328          331         
328          200         
328          282         
328          308         
328          333         
328          338         
328          377         
328          357         
328          350         
328          434         
328          336         
328          327         
328          265         
328          261         
328          297         
328          371         
328          473         
328          287         
328          508         
328          171         
328          420         
328          375         
328          256         
328          314         
328          216         
328          241         
328          318         
328          442         
328          372         
328          366         
328          187         
328          342         
328          272         
328          268         
328          491         
328          306         
328          260         
328          436         
328          275         
328          380         
328          302         
328          278         
328          423         
328          347         
328          170         
328          310         
328          370         
328          254         
328          253         
328          358         
328          343         
328          234         
328          360         
328          340         
328          373         
328          243         
328          332         
328          277         
328          207         
328          322         
328          341         
328          217         
328          368         
328          429         
328          324         
328          329         
328          312         
328          250         
328          283         
328          292         
328          344         
328          431         
328          232         
328          273         
328          172         
328          421         
328          247         
328          245         
328          299         
328          320         
328          263         
328          513         
328          284         
328          298         
328          226         
328          311         
328          235         
328          413         
328          296         
328          330         
328          267         
328          274         
328          264         
328          369         
328          303         
328          181         
328          432         
328          321         
328          422         
336          360         
336          515         
336          331         
336          232         
336          261         
8            9           
8            5           
568          569         
459          468         
459          453         
459          470         
459          458         
459          579         
459          403         
459          463         
459          460         
459          408         
459          442         
401          402         
261          191         
261          331         
261          233         
261          271         
261          272         
261          200         
261          250         
261          421         
261          491         
261          333         
261          357         
261          298         
261          260         
261          232         
261          262         
261          273         
261          257         
261          247         
261          300         
261          265         
261          207         
261          297         
261          320         
261          263         
261          245         
261          254         
261          283         
261          253         
261          432         
261          244         
261          360         
261          246         
261          296         
261          311         
261          264         
261          243         
261          332         
261          256         
261          259         
261          267         
261          277         
261          241         
261          341         
261          208         
261          203         
261          318         
297          331         
297          147         
297          233         
297          200         
297          283         
297          421         
297          298         
297          232         
297          303         
297          257         
297          300         
297          247         
297          245         
297          299         
297          343         
297          253         
297          276         
297          508         
297          244         
297          360         
297          269         
297          296         
297          301         
297          243         
297          332         
297          349         
297          435         
297          353         
297          341         
297          318         
390          393         
390          389         
390          388         
390          418         
390          392         
390          484         
547          318         
547          540         
547          554         
547          556         
547          508         
213          215         
213          211         
213          233         
213          214         
213          216         
213          212         
213          197         
213          207         
213          203         
213          243         
467          468         
467          354         
467          458         
371          300         
371          373         
371          356         
371          398         
371          370         
600          540         
600          607         
600          617         
600          586         
600          602         
600          554         
600          599         
600          621         
600          508         
600          590         
600          442         
600          588         
600          591         
106          108         
106          148         
106          70          
106          118         
106          81          
106          95          
106          105         
592          508         
592          590         
592          442         
592          591         
468          453         
468          470         
468          331         
468          351         
468          360         
468          447         
468          458         
80           78          
80           123         
80           81          
80           71          
80           79          
240          257         
240          244         
240          247         
240          245         
240          243         
287          253         
287          331         
287          232         
287          283         
287          292         
287          318         
287          243         
44           45          
44           115         
44           41          
44           38          
44           130         
44           40          
44           39          
44           57          
236          233         
236          232         
236          237         
602          607         
602          601         
602          591         
238          257         
238          237         
508          351         
508          490         
508          502         
508          541         
508          505         
508          465         
508          552         
508          493         
508          514         
508          574         
508          605         
508          556         
508          354         
508          500         
508          528         
508          607         
508          575         
508          353         
508          565         
508          331         
508          560         
508          495         
508          561         
508          377         
508          546         
508          525         
508          473         
508          523         
508          420         
508          539         
508          536         
508          497         
508          512         
508          479         
508          375         
508          522         
508          517         
508          516         
508          509         
508          529         
508          511         
508          501         
508          442         
508          494         
508          489         
508          491         
508          591         
508          436         
508          510         
508          579         
508          542         
508          423         
508          554         
508          563         
508          360         
508          521         
508          518         
508          499         
508          332         
508          548         
508          515         
508          507         
508          617         
508          429         
508          476         
508          498         
508          492         
508          540         
508          421         
508          487         
508          513         
508          538         
508          434         
508          537         
508          504         
508          555         
508          274         
508          572         
508          422         
508          590         
386          385         
523          522         
171          165         
171          363         
171          377         
171          173         
171          298         
171          172         
171          169         
171          332         
171          160         
171          370         
171          167         
171          170         
171          622         
290          272         
290          360         
290          259         
290          300         
420          360         
420          489         
420          331         
420          421         
420          354         
420          423         
420          318         
420          432         
365          360         
365          366         
136          132         
444          445         
444          375         
444          458         
444          441         
444          463         
444          447         
444          408         
444          442         
496          495         
539          554         
539          561         
539          540         
536          546         
536          360         
536          489         
536          492         
536          538         
536          625         
536          607         
536          513         
536          542         
536          537         
536          554         
536          591         
155          165         
155          157         
155          154         
155          160         
155          167         
57           58          
497          360         
185          165         
185          298         
185          232         
185          233         
185          200         
185          207         
185          203         
185          167         
185          170         
185          199         
479          554         
479          373         
479          591         
50           51          
50           47          
375          372         
375          408         
375          356         
375          421         
375          377         
375          344         
375          402         
375          458         
375          257         
375          300         
375          380         
375          170         
375          473         
375          360         
375          373         
375          447         
375          332         
375          441         
375          322         
375          422         
375          341         
375          442         
522          507         
522          560         
522          498         
522          491         
522          561         
522          505         
522          525         
522          473         
522          574         
522          513         
522          563         
522          360         
522          521         
522          518         
522          578         
522          528         
522          517         
522          575         
522          565         
522          559         
595          590         
256          233         
256          312         
256          250         
256          188         
256          232         
256          262         
256          257         
256          275         
256          421         
256          152         
256          245         
256          258         
256          320         
256          167         
256          254         
256          207         
256          244         
256          243         
256          259         
256          195         
256          237         
256          227         
256          450         
256          321         
256          203         
256          318         
256          442         
385          370         
385          442         
83           81          
83           126         
517          515         
141          165         
141          138         
141          140         
141          233         
141          244         
141          152         
14           27          
14           5           
14           30          
14           12          
14           9           
14           24          
14           15          
314          360         
314          421         
314          312         
314          354         
314          313         
314          311         
314          320         
314          318         
251          257         
251          250         
60           81          
182          165         
182          216         
182          181         
182          160         
182          180         
182          318         
216          165         
216          217         
216          233         
216          324         
216          200         
216          250         
216          283         
216          292         
216          338         
216          370         
216          205         
216          215         
216          273         
216          257         
216          300         
216          247         
216          207         
216          245         
216          180         
216          198         
216          253         
216          387         
216          244         
216          360         
216          243         
216          332         
216          322         
216          259         
216          229         
216          211         
216          277         
216          181         
216          246         
216          241         
216          321         
216          203         
216          318         
516          554         
516          515         
111          257         
111          138         
111          152         
111          69          
241          165         
241          245         
241          257         
241          332         
241          300         
241          360         
241          247         
241          200         
241          250         
241          233         
241          244         
241          243         
241          318         
241          253         
529          607         
596          597         
596          617         
596          526         
596          591         
601          607         
601          597         
601          591         
501          360         
501          442         
501          421         
526          607         
526          542         
526          422         
526          442         
126          125         
126          118         
126          250         
626          625         
626          623         
626          624         
626          607         
626          627         
626          591         
318          217         
318          368         
318          331         
318          233         
318          324         
318          329         
318          312         
318          421         
318          282         
318          491         
318          283         
318          292         
318          313         
318          357         
318          253         
318          260         
318          232         
318          262         
318          273         
318          257         
318          245         
318          265         
318          320         
318          423         
318          347         
318          400         
318          332         
318          355         
318          311         
318          360         
318          525         
318          299         
318          354         
318          244         
318          264         
318          243         
318          351         
318          180         
318          181         
318          246         
318          281         
318          250         
318          321         
318          322         
318          422         
318          326         
318          300         
318          442         
442          384         
442          351         
442          354         
442          490         
442          269         
442          362         
442          458         
442          257         
442          300         
442          403         
442          400         
442          574         
442          445         
442          173         
442          605         
442          556         
442          460         
442          528         
442          585         
442          438         
442          607         
442          305         
442          417         
442          331         
442          408         
442          561         
442          377         
442          357         
442          434         
442          397         
442          525         
442          473         
442          372         
442          491         
442          591         
442          436         
442          579         
442          542         
442          380         
442          549         
442          610         
442          423         
442          347         
442          359         
442          410         
442          554         
442          360         
442          499         
442          332         
442          618         
442          548         
442          364         
442          515         
442          450         
442          322         
442          341         
442          617         
442          586         
442          429         
442          498         
442          34          
442          588         
442          540         
442          402         
442          273         
442          421         
442          381         
442          320         
442          616         
442          513         
442          298         
442          441         
442          537         
442          449         
442          447         
442          404         
442          555         
442          330         
442          435         
442          303         
442          621         
442          439         
442          321         
442          422         
442          590         
494          360         
494          489         
494          493         
372          331         
372          383         
372          356         
372          370         
372          377         
372          402         
372          403         
372          300         
372          380         
372          398         
372          360         
372          373         
372          404         
372          332         
372          454         
489          470         
489          492         
489          490         
489          487         
489          421         
489          542         
489          493         
489          513         
489          433         
489          276         
489          360         
489          463         
489          412         
489          432         
366          367         
366          465         
366          368         
366          360         
366          515         
366          340         
366          343         
191          207         
191          232         
191          259         
191          233         
191          197         
191          200         
191          203         
191          199         
633          632         
633          631         
633          635         
187          188         
187          232         
187          233         
187          194         
210          195         
210          247         
210          257         
210          211         
634          618         
634          632         
634          635         
634          622         
30           27          
30           28          
30           24          
30           31          
30           34          
30           29          
116          115         
12           5           
12           9           
342          332         
342          360         
342          343         
342          300         
342          421         
342          344         
342          341         
272          360         
272          259         
272          257         
272          233         
272          271         
272          300         
272          245         
272          244         
272          274         
272          243         
268          331         
268          232         
268          257         
268          247         
26           27          
38           21          
38           41          
38           280         
38           5           
38           283         
38           39          
491          574         
491          360         
491          331         
491          421         
491          357         
472          473         
566          561         
566          575         
566          565         
306          360         
306          300         
51           47          
149          165         
149          148         
149          244         
149          152         
149          250         
407          574         
407          408         
407          402         
591          617         
591          584         
591          597         
591          615         
591          513         
591          616         
591          588         
591          540         
591          586         
591          613         
591          621         
591          579         
591          542         
591          610         
591          619         
591          574         
591          554         
591          593         
591          550         
591          581         
591          599         
591          537         
591          590         
591          605         
591          585         
591          576         
591          555         
591          580         
591          618         
591          607         
591          604         
591          565         
591          622         
591          515         
591          583         
363          458         
363          364         
363          354         
363          338         
363          370         
260          360         
260          232         
260          331         
260          259         
260          215         
260          257         
260          247         
260          244         
260          206         
260          245         
260          203         
188          257         
188          194         
436          360         
436          331         
436          421         
436          432         
262          245         
262          257         
262          244         
262          247         
262          341         
262          243         
378          377         
280          282         
280          360         
280          250         
280          432         
280          281         
280          283         
24           515         
24           27          
24           28          
24           73          
24           31          
24           34          
24           29          
24           33          
23           21          
275          257         
275          233         
275          245         
275          244         
275          300         
275          243         
579          460         
579          580         
579          513         
579          590         
579          632         
579          554         
579          586         
542          586         
542          422         
542          554         
542          607         
542          605         
542          194         
542          105         
542          617         
542          95          
542          538         
542          588         
135          132         
135          130         
380          370         
380          377         
380          422         
380          332         
380          383         
380          373         
380          356         
380          421         
380          360         
380          381         
380          447         
380          341         
201          205         
201          259         
201          233         
201          197         
201          200         
201          207         
201          203         
201          199         
29           27          
29           28          
29           31          
29           34          
302          300         
302          301         
302          370         
302          341         
549          550         
169          165         
169          344         
169          170         
610          590         
610          515         
278          360         
278          284         
278          331         
278          277         
278          283         
278          423         
423          331         
423          324         
423          300         
423          431         
423          421         
423          493         
423          360         
423          354         
423          296         
423          412         
423          432         
423          422         
347          360         
347          421         
347          432         
347          311         
170          165         
170          168         
170          356         
170          344         
170          172         
170          167         
170          139         
170          173         
170          298         
170          332         
170          296         
170          341         
310          257         
310          311         
310          312         
310          354         
310          313         
115          41          
115          129         
115          128         
115          130         
115          175         
115          108         
115          127         
254          360         
254          253         
254          257         
254          233         
254          247         
254          300         
254          250         
254          245         
254          244         
254          421         
254          243         
564          563         
253          331         
253          233         
253          250         
253          283         
253          292         
253          421         
253          298         
253          232         
253          273         
253          257         
253          247         
253          300         
253          245         
253          207         
253          226         
253          244         
253          360         
253          246         
253          354         
253          311         
253          243         
253          259         
253          229         
253          282         
253          353         
253          181         
253          267         
410          360         
410          421         
623          624         
623          588         
623          590         
358          360         
358          298         
358          331         
358          421         
358          373         
358          356         
358          422         
343          332         
343          360         
343          349         
343          300         
343          344         
343          341         
554          617         
554          548         
554          588         
554          546         
554          621         
554          552         
554          574         
554          513         
554          540         
554          537         
554          605         
554          556         
554          585         
554          576         
554          555         
554          618         
554          607         
554          575         
554          565         
554          515         
554          590         
563          574         
563          560         
563          538         
563          575         
563          513         
563          565         
563          561         
563          528         
234          165         
234          205         
234          235         
234          232         
234          331         
234          257         
234          233         
234          244         
234          247         
234          207         
234          245         
234          203         
234          243         
409          408         
428          360         
428          421         
360          147         
360          233         
360          271         
360          356         
360          194         
360          490         
360          313         
360          370         
360          269         
360          362         
360          505         
360          458         
360          257         
360          300         
360          465         
360          493         
360          400         
360          351         
360          355         
360          246         
360          354         
360          500         
360          301         
360          528         
360          259         
360          305         
360          453         
360          331         
360          361         
360          495         
360          308         
360          333         
360          377         
360          357         
360          487         
360          350         
360          434         
360          291         
360          613         
360          525         
360          473         
360          340         
360          373         
360          518         
360          353         
360          499         
360          243         
360          332         
360          277         
360          359         
360          515         
360          411         
360          322         
360          341         
360          217         
360          507         
360          429         
360          324         
360          498         
360          250         
360          492         
360          283         
360          574         
360          431         
360          540         
360          232         
360          273         
360          172         
360          421         
360          514         
360          320         
360          513         
360          298         
360          433         
360          276         
360          311         
360          537         
360          413         
360          296         
360          244         
360          463         
360          349         
360          330         
360          412         
360          267         
360          274         
360          303         
360          432         
360          422         
212          215         
212          211         
212          233         
212          197         
212          214         
212          207         
212          203         
212          243         
373          331         
373          356         
373          370         
373          426         
373          377         
373          402         
373          362         
373          398         
373          381         
373          404         
373          332         
373          454         
373          399         
373          422         
632          635         
632          630         
632          637         
632          631         
584          574         
584          583         
584          586         
518          421         
551          550         
499          421         
416          426         
416          417         
33           31          
33           34          
204          203         
345          344         
345          349         
345          341         
17           16          
243          165         
243          217         
243          331         
243          233         
243          292         
243          250         
243          282         
243          194         
243          283         
243          313         
243          199         
243          205         
243          235         
243          172         
243          232         
243          215         
243          273         
243          257         
243          247         
243          300         
243          180         
243          245         
243          139         
243          432         
243          244         
243          246         
243          200         
243          264         
243          332         
243          267         
243          259         
243          229         
243          211         
243          207         
243          181         
243          227         
243          341         
243          195         
243          208         
243          203         
332          331         
332          356         
332          421         
332          338         
332          370         
332          344         
332          257         
332          300         
332          320         
332          432         
332          173         
332          311         
332          296         
332          301         
332          244         
332          181         
332          341         
332          322         
332          422         
392          393         
148          95          
148          250         
85           95          
85           157         
85           105         
652          650         
652          641         
652          645         
606          607         
606          605         
580          586         
580          621         
580          581         
580          590         
195          205         
195          211         
195          173         
195          257         
195          233         
195          197         
195          200         
195          207         
195          196         
195          203         
195          199         
618          617         
618          621         
618          590         
618          555         
618          616         
548          540         
548          607         
548          561         
277          284         
277          257         
277          300         
484          474         
484          483         
454          445         
454          453         
454          470         
454          456         
454          476         
454          404         
454          458         
364          370         
394          393         
559          561         
559          560         
559          575         
515          368         
515          617         
515          586         
515          28          
515          561         
515          362         
515          465         
515          500         
515          585         
515          513         
583          574         
583          578         
583          586         
196          211         
196          197         
196          207         
196          203         
450          292         
450          257         
322          331         
322          324         
322          308         
322          283         
322          421         
322          300         
322          320         
322          430         
322          226         
322          330         
322          323         
322          321         
322          326         
69           73          
69           95          
69           105         
69           68          
341          339         
341          356         
341          164         
341          421         
341          344         
341          269         
341          257         
341          300         
341          340         
341          173         
341          298         
341          301         
341          349         
341          435         
341          167         
341          422         
571          572         
217          232         
217          257         
217          233         
217          300         
217          181         
217          245         
217          244         
217          370         
507          513         
168          165         
168          181         
368          354         
617          586         
617          616         
617          574         
617          550         
617          599         
617          605         
617          597         
617          585         
617          576         
617          607         
617          575         
617          621         
617          590         
586          607         
586          569         
586          561         
586          588         
586          581         
586          621         
586          622         
586          574         
586          599         
586          590         
586          605         
586          585         
586          576         
586          577         
586          575         
586          616         
586          565         
429          434         
429          331         
429          421         
429          422         
28           635         
28           27          
28           31          
28           34          
474          470         
474          538         
608          607         
324          330         
324          331         
324          421         
324          283         
329          326         
329          327         
329          331         
615          616         
312          257         
312          282         
312          421         
312          292         
312          354         
312          313         
312          311         
312          320         
151          152         
34           408         
34           31          
34           403         
34           152         
250          257         
250          233         
250          282         
250          283         
250          232         
250          273         
250          247         
250          300         
250          118         
250          245         
250          180         
250          263         
250          244         
250          246         
250          259         
250          229         
250          211         
250          181         
250          432         
164          165         
164          257         
164          152         
164          160         
164          167         
283          257         
283          331         
283          233         
283          292         
283          232         
283          245         
283          284         
283          276         
283          244         
283          311         
283          282         
283          281         
292          331         
292          233         
292          313         
292          257         
292          320         
292          311         
292          354         
292          244         
292          282         
292          281         
255          257         
16           21          
344          349         
344          356         
344          574         
431          331         
431          300         
431          432         
588          540         
588          607         
588          599         
588          590         
184          229         
142          132         
142          140         
540          561         
540          541         
540          513         
540          537         
540          556         
540          555         
540          575         
540          565         
540          590         
636          635         
402          460         
402          377         
402          298         
402          408         
402          458         
402          403         
402          404         
402          453         
402          398         
402          400         
635          637         
635          631         
232          331         
232          233         
232          200         
232          282         
232          357         
232          235         
232          245         
232          303         
232          273         
232          209         
232          257         
232          265         
232          299         
232          263         
232          226         
232          244         
232          208         
232          296         
232          264         
232          267         
232          225         
232          259         
232          207         
232          353         
232          281         
232          229         
232          203         
619          621         
206          205         
206          203         
206          207         
273          331         
273          244         
273          181         
273          245         
209          220         
209          200         
21           18          
21           19          
172          165         
172          173         
172          140         
172          160         
172          370         
172          167         
172          300         
421          351         
421          356         
421          490         
421          362         
421          257         
421          300         
421          465         
421          354         
421          301         
421          528         
421          305         
421          453         
421          331         
421          495         
421          308         
421          377         
421          434         
421          525         
421          473         
421          359         
421          411         
421          574         
421          320         
421          513         
421          430         
421          311         
421          413         
421          349         
421          330         
421          435         
421          412         
421          274         
421          432         
421          321         
421          422         
45           41          
247          264         
247          298         
247          245         
247          257         
247          244         
247          246         
247          211         
247          181         
247          233         
36           37          
36           27          
258          259         
258          257         
258          300         
514          513         
642          641         
299          331         
299          264         
299          300         
299          311         
299          244         
320          331         
320          313         
320          377         
320          257         
320          311         
320          359         
320          354         
320          321         
180          165         
180          179         
180          181         
180          200         
180          207         
180          160         
263          331         
616          607         
616          590         
616          555         
616          613         
622          458         
622          537         
622          621         
622          422         
418          417         
158          157         
158          159         
158          160         
158          152         
513          331         
513          495         
513          537         
513          575         
513          422         
284          285         
284          282         
298          165         
298          331         
298          271         
298          356         
298          370         
298          300         
298          244         
298          296         
298          208         
433          432         
538          537         
538          470         
538          607         
276          233         
276          244         
430          432         
49           47          
226          257         
226          331         
226          229         
226          225         
599          574         
599          590         
599          575         
599          598         
599          565         
599          597         
599          621         
599          576         
311          331         
311          351         
311          313         
311          257         
311          244         
311          354         
311          282         
311          303         
311          281         
311          321         
311          422         
441          370         
441          300         
537          575         
537          605         
537          607         
537          470         
537          590         
537          561         
537          422         
178          173         
9            5           
9            10          
9            7           
449          447         
597          607         
597          105         
413          412         
413          300         
413          432         
296          331         
447          453         
105          125         
105          104         
105          91          
105          95          
105          84          
105          76          
105          73          
39           41          
39           40          
404          331         
404          458         
404          403         
404          398         
404          377         
404          408         
463          470         
463          331         
463          453         
463          458         
576          574         
576          577         
576          621         
576          575         
576          569         
576          561         
576          565         
6            5           
577          621         
349          350         
349          473         
132          139         
132          130         
132          138         
132          134         
555          556         
555          590         
330          370         
330          331         
412          432         
412          411         
267          233         
267          331         
267          244         
267          245         
274          331         
274          259         
274          432         
274          300         
211          233         
211          197         
211          200         
211          199         
211          205         
211          215         
211          257         
211          207         
211          245         
211          244         
211          214         
211          259         
211          208         
211          203         
70           71          
264          235         
264          331         
264          233         
264          244         
264          245         
369          173         
369          300         
369          398         
369          338         
369          370         
303          331         
303          257         
303          354         
303          300         
181          165         
181          233         
181          338         
181          370         
181          257         
181          300         
181          207         
181          245         
181          244         
181          203         
32           31          
621          607         
621          590         
621          585         
432          331         
432          453         
432          194         
432          300         
432          411         
432          244         
160          165         
160          167         
160          157         
160          140         
160          154         
160          152         
160          159         
572          569         
321          257         
321          354         
645          646         
422          331         
422          356         
422          377         
422          458         
422          400         
422          354         
40           41          
193          194         
590          624         
590          605         
590          556         
590          585         
590          607         
590          575         
643          641         
41           130         
41           42          
147          165         
147          138         
147          233         
147          244         
384          383         
456          458         
351          331         
351          354         
351          313         
233          165         
233          331         
233          271         
233          197         
233          194         
233          300         
233          199         
233          205         
233          235         
233          215         
233          257         
233          198         
233          245         
233          139         
233          244         
233          246         
233          208         
233          259         
233          207         
233          140         
233          229         
233          225         
233          200         
233          281         
233          203         
233          282         
271          259         
271          257         
271          300         
271          245         
271          244         
202          203         
10           27          
383          377         
383          398         
383          370         
197          257         
197          245         
197          200         
197          207         
197          203         
197          199         
356          331         
356          377         
356          434         
356          354         
569          565         
569          561         
569          528         
194          165         
194          245         
194          257         
194          192         
194          244         
194          229         
81           73          
313          331         
313          257         
313          355         
313          354         
313          244         
313          282         
313          281         
370          331         
370          338         
370          377         
370          337         
370          397         
370          300         
370          398         
370          396         
370          403         
370          173         
370          387         
370          335         
91           95          
426          354         
199          257         
199          259         
199          205         
199          244         
199          200         
199          207         
199          203         
199          198         
48           47          
205          200         
205          300         
205          235         
205          257         
205          207         
205          244         
205          259         
205          203         
269          257         
18           5           
362          331         
362          458         
362          300         
140          165         
140          130         
140          257         
140          139         
140          244         
140          138         
140          152         
140          167         
458          453         
458          331         
458          377         
458          403         
458          470         
458          408         
458          460         
257          300         
257          152         
257          139         
257          173         
257          207         
257          244         
257          214         
257          246         
257          354         
257          301         
257          225         
257          259         
257          282         
257          237         
257          227         
257          281         
257          229         
257          203         
257          165         
257          331         
257          200         
257          333         
257          357         
257          350         
257          235         
257          291         
257          167         
257          245         
5            7           
639          640         
300          331         
300          339         
300          308         
300          338         
300          357         
300          350         
300          139         
300          173         
300          398         
300          333         
300          305         
300          301         
300          244         
300          259         
300          152         
300          411         
465          331         
403          377         
403          453         
403          460         
403          331         
403          398         
403          411         
403          408         
152          165         
152          167         
152          139         
152          159         
152          138         
398          338         
398          408         
398          397         
398          399         
640          641         
400          354         
411          453         
574          495         
574          561         
574          473         
574          578         
574          528         
574          575         
574          565         
139          165         
139          130         
139          138         
139          244         
139          245         
470          453         
470          354         
173          174         
173          377         
173          338         
173          165         
173          167         
355          331         
355          354         
129          128         
129          127         
245          165         
245          331         
245          244         
245          246         
245          229         
245          207         
245          227         
245          208         
245          203         
558          560         
558          575         
76           165         
76           74          
630          631         
244          357         
244          165         
244          331         
244          200         
244          235         
244          282         
244          246         
244          138         
244          207         
244          259         
244          225         
244          227         
244          229         
244          208         
244          203         
73           27          
73           95          
214          259         
214          215         
214          408         
246          165         
159          165         
159          157         
605          607         
359          354         
354          331         
354          434         
354          353         
354          282         
460          408         
578          473         
528          561         
528          575         
528          495         
528          565         
528          473         
545          546         
225          229         
259          337         
259          338         
259          215         
259          203         
229          227         
326          327         
607          561         
607          604         
575          560         
575          561         
575          565         
146          165         
282          331         
282          281         
641          646         
641          650         
353          331         
154          165         
565          561         
305          331         
281          331         
208          200         
208          203         
208          207         
203          165         
203          200         
203          198         
203          207         
203          215         
165          130         
165          138         
165          333         
165          157         
165          145         
165          207         
165          167         
453          331         
453          408         
138          145         
138          130         
138          123         
562          561         
331          308         
331          377         
331          357         
331          434         
331          327         
331          333         
27           95          
408          377         
560          495         
560          561         
200          198         
200          207         
495          473         
338          337         
377          473         
157          145         
215          207         
397          396         
207          198         
