0       13.7251       0.0192476    
1       55.2766       0.0276975    
2       91.3983       0.0338675    
3       16.644        0.105087     
4       44.3122       0.127176     
5       11.8554       0.13896      
6       9.96015       0.162636     
7       12.3083       0.171483     
8       36.4411       0.172724     
9       10.1489       0.178088     
10      6.95746       0.180842     
11      6.19636       0.271821     
12      4.99202       0.293714     
13      13.0649       0.321287     
14      24.4117       0.336896     
15      5.35771       0.34842      
16      17.5708       0.380178     
17      39.8757       0.428255     
18      17.6747       0.431496     
19      1.97713       0.473542     
20      30.3102       0.491637     
21      24.6608       0.496731     
22      7.30093       0.497272     
23      5.25667       0.506267     
24      26.9004       0.557257     
25      19.6931       0.584497     
26      1.81266       0.592874     
27      16.0998       0.61339      
28      4.93335       0.632207     
29      26.1968       0.632942     
30      4.04489       0.63403      
31      26.1975       0.634264     
32      6.80426       0.657705     
33      23.8081       0.684448     
34      17.0044       0.685987     
35      11.7004       0.691929     
36      9.74372       0.77432      
37      15.6572       0.779176     
38      13.8096       0.789011     
39      6.00858       0.809019     
40      7.4089        0.852291     
41      14.0628       0.86613      
42      17.5605       0.887963     
43      9.98882       0.893748     
44      8.91524       0.897324     
45      39.9964       0.907257     
46      16.5806       0.91008      
47      10.0542       0.911361     
48      12.167        0.930529     
49      0.525348      0.93193      
50      5.7594        0.950824     
51      0.492807      0.951325     
52      3.0799        0.954011     
53      5.06482       0.980853     
54      8.06655       0.982722     
55      10.0883       0.985316     
56      12.8886       1.01287      
57      10.1964       1.01527      
58      0.740202      1.0895       
59      0.513392      1.09006      
60      0.419915      1.091        
61      11.1699       1.09109      
62      0.624268      1.09245      
63      3.10683       1.09488      
64      13.4511       1.11889      
65      3.34715       1.14573      
66      3.40817       1.146        
67      2.15128       1.20371      
68      8.1656        1.20848      
69      8.32084       1.21046      
70      7.07161       1.21312      
71      37.5664       1.27463      
72      15.2088       1.28983      
73      2.83214       1.37227      
74      11.7137       1.37401      
75      17.7723       1.39437      
76      9.22507       1.46196      
77      7.46111       1.49397      
78      7.29495       1.4988       
79      0.511495      1.51007      
80      22.0159       1.51011      
81      4.50994       1.53211      
82      19.6686       1.5464       
83      23.2775       1.54688      
84      15.1766       1.55251      
85      9.80277       1.58713      
86      18.6642       1.64513      
87      20.9142       1.64861      
88      2.05859       1.67842      
89      62.1277       1.71657      
90      60.223        1.73094      
91      0.462455      1.73986      
92      24.4619       1.75939      
93      21.9667       1.76613      
94      21.809        1.76987      
95      12.0147       1.78358      
96      2.54553       1.79838      
97      3.97847       1.82331      
98      15.0483       1.85964      
99      20.8975       1.85975      
100     15.306        1.89958      
101     16.4789       1.90326      
102     26.8921       1.93105      
103     26.838        1.93255      
104     16.546        1.95494      
105     10.7543       1.98668      
106     10.9514       2.04146      
107     5.33101       2.06459      
108     4.49086       2.06501      
109     5.40714       2.0726       
110     0.411803      2.07261      
111     6.02367       2.09233      
112     21.2155       2.09532      
113     1.64604       2.11653      
114     22.5332       2.12472      
115     19.299        2.13633      
116     19.3264       2.13765      
117     8.7339        2.18307      
118     3.32214       2.19828      
119     3.97096       2.19833      
120     6.83383       2.22235      
121     9.8968        2.2314       
122     19.1827       2.23265      
123     13.002        2.23344      
124     16.3872       2.24344      
125     13.7035       2.26219      
126     0.442576      2.28013      
127     39.6923       2.28296      
128     4.19103       2.28884      
129     12.1123       2.31083      
130     46.7039       2.31843      
131     17.4946       2.3196       
132     6.74506       2.33811      
133     6.61608       2.33882      
134     1.83154       2.34196      
135     1.95319       2.3427       
136     12.1923       2.36264      
137     7.96919       2.37657      
138     8.04011       2.39629      
139     8.08259       2.39997      
140     4.57972       2.41976      
141     10.5495       2.42348      
142     13.2685       2.44759      
143     6.317         2.45252      
144     2.04407       2.46443      
145     4.26826       2.46459      
146     7.57028       2.4763       
147     10.1221       2.56648      
148     13.0311       2.57994      
149     9.24963       2.63046      
150     7.46602       2.65002      
151     8.89243       2.6504       
152     1.31275       2.65087      
153     6.9975        2.69405      
154     6.85076       2.70877      
155     4.2745        2.71133      
156     2.42687       2.7278       
157     10.5016       2.73148      
158     3.07482       2.73433      
159     2.80782       2.74052      
160     9.68901       2.74276      
161     0.481869      2.74355      
162     3.08023       2.74642      
163     4.07622       2.75399      
164     0.794698      2.77338      
165     17.6618       2.77428      
166     0.943718      2.77641      
167     2.46599       2.78695      
168     0.623388      2.78724      
169     2.99793       2.79783      
170     0.678535      2.79802      
171     3.16585       2.83259      
172     0.666615      2.83624      
173     5.00118       2.83688      
174     0.932675      2.83809      
175     6.02521       2.84817      
176     0.494074      2.85478      
177     13.4895       2.85523      
178     2.28556       2.86577      
179     6.63407       2.8671       
180     3.97799       2.88706      
181     2.7423        2.88749      
182     0.647844      2.9006       
183     5.46843       2.90123      
184     2.09958       2.90308      
185     3.24617       2.90944      
186     6.24781       2.91014      
187     7.65722       2.92081      
188     2.51657       2.92236      
189     0.649014      2.93689      
190     7.04765       2.93692      
191     0.786147      2.947        
192     6.53313       2.94802      
193     16.3175       2.96583      
194     0.527034      3.04414      
195     11.1575       3.04476      
196     2.95111       3.04702      
197     18.1178       3.08139      
198     6.08336       3.09979      
199     28.3329       3.10635      
200     8.35989       3.11414      
201     1.87765       3.11733      
202     5.68596       3.11998      
203     3.22761       3.14274      
204     2.98675       3.14649      
205     8.99215       3.14701      
206     9.30853       3.15111      
207     3.08632       3.15713      
208     10.5165       3.19196      
209     3.9931        3.22366      
210     1.04092       3.23546      
211     0.924727      3.23804      
212     0.798904      3.24122      
213     0.668054      3.24431      
214     0.605921      3.24605      
215     64.9793       3.24626      
216     0.62098       3.24809      
217     3.84589       3.25185      
218     0.856659      3.2559       
219     2.32451       3.277        
220     0.524594      3.27729      
221     2.16793       3.2888       
222     2.16787       3.28881      
223     4.41015       3.31861      
224     10.8157       3.31976      
225     2.52269       3.34124      
226     12.8639       3.34576      
227     2.23081       3.34662      
228     2.61164       3.35094      
229     0.404303      3.369        
230     3.76981       3.36904      
231     0.954355      3.36996      
232     5.78114       3.3804       
233     4.49018       3.38069      
234     3.74026       3.4602       
235     3.68616       3.46089      
236     2.43549       3.47709      
237     0.515826      3.48311      
238     19.2596       3.48461      
239     17.008        3.49809      
240     15.5987       3.50628      
241     0.816779      3.52733      
242     3.79504       3.52744      
243     4.79158       3.52817      
244     6.03616       3.54799      
245     6.92502       3.54845      
246     14.0074       3.57679      
247     3.44459       3.59572      
248     10.3817       3.62246      
249     13.14         3.62364      
250     1.32307       3.63183      
251     51.299        3.64822      
252     3.75443       3.6483       
253     1.31195       3.65916      
254     24.3514       3.66353      
255     24.5175       3.66649      
256     5.06428       3.67419      
257     18.6081       3.69475      
258     19.6431       3.70281      
259     13.6835       3.70724      
260     1.14109       3.71334      
261     11.7496       3.72482      
262     23.4933       3.73305      
263     7.62499       3.74799      
264     4.59545       3.76393      
265     7.31557       3.78515      
266     18.8581       3.79308      
267     26.2161       3.81986      
268     7.97806       3.83873      
269     6.07391       3.86009      
270     10.4536       3.88787      
271     0.752251      3.95899      
272     8.18264       3.959        
273     8.56602       3.98175      
274     12.5376       4.0076       
275     5.05421       4.0135       
276     21.1797       4.01824      
277     0.571394      4.02026      
278     14.9683       4.04238      
279     2.18284       4.09043      
280     6.51556       4.09089      
281     1.95522       4.09131      
282     4.37114       4.09283      
283     9.31584       4.09707      
284     5.36924       4.10593      
285     7.78367       4.11999      
286     30.9068       4.13807      
287     0.731527      4.13862      
288     6.9648        4.15682      
289     1.75577       4.18116      
290     1.70664       4.18131      
291     2.40505       4.18307      
292     0.663278      4.19274      
293     5.34058       4.19311      
294     0.849794      4.21605      
295     0.421799      4.21716      
296     10.2485       4.21736      
297     0.588398      4.21819      
298     0.994204      4.21935      
299     2.63191       4.27039      
300     2.47867       4.27204      
301     0.418285      4.27223      
302     2.64373       4.27405      
303     14.7263       4.30268      
304     15.0379       4.35549      
305     20.5111       4.35695      
306     2.17601       4.39636      
307     2.40629       4.40515      
308     6.29701       4.41437      
309     20.5459       4.42665      
310     21.3847       4.43312      
311     25.5913       4.43463      
312     4.91213       4.43707      
313     61.8122       4.44664      
314     7.87824       4.45683      
315     6.45007       4.47272      
316     5.59023       4.47666      
317     5.60621       4.49271      
318     4.11298       4.49505      
319     8.97094       4.50767      
320     11.0694       4.53258      
321     12.2068       4.54101      
322     8.6288        4.56885      
323     5.57864       4.58698      
324     1.96005       4.59674      
325     19.8071       4.59831      
326     10.5465       4.60698      
327     5.27359       4.72723      
328     7.36441       4.72846      
329     2.22334       4.75892      
330     4.26705       4.75997      
331     14.278        4.76108      
332     5.06209       4.767        
333     20.4868       4.79021      
334     17.7702       4.88277      
335     1.8161        4.88372      
336     1.9547        4.92306      
337     10.978        4.96249      
338     70.4713       4.96762      
339     109.997       4.9807       
340     7.13524       4.98894      
341     46.7058       5.00026      
342     6.97016       5.0072       
343     7.89081       5.00788      
344     17.3162       5.01193      
345     10.63         5.01589      
346     7.31813       5.03224      
347     3.30421       5.05438      
348     16.9861       5.07866      
349     16.135        5.08905      
350     20.5531       5.09123      
351     4.73819       5.11005      
352     3.94211       5.14722      
353     61.7256       5.16703      
354     14.381        5.20244      
355     37.4058       5.20564      
356     36.2599       5.23147      
357     17.999        5.24577      
358     38.6397       5.25379      
359     16.7167       5.25585      
360     51.293        5.2787       
361     0.404389      5.32236      
362     9.59556       5.32286      
363     4.23343       5.33199      
364     4.67435       5.35807      
365     16.8005       5.38792      
366     14.9717       5.39448      
367     13.3164       5.44151      
368     12.3909       5.44706      
369     16.7639       5.50034      
370     17.794        5.50436      
371     28.9754       5.51292      
372     9.3819        5.5376       
373     7.64988       5.54447      
374     102.067       5.56922      
375     20.9181       5.65921      
376     15.8658       5.69219      
377     0.424894      5.69243      
378     9.15178       5.77762      
379     37.4645       5.79935      
380     17.5168       5.80111      
381     14.2105       5.80713      
382     9.99241       5.80744      
383     16.3971       5.82621      
384     0.230816      5.82667      
385     18.5427       5.83886      
386     17.5434       5.84312      
387     16.6248       5.85396      
388     17.9918       5.91133      
389     8.48755       5.94016      
390     18.8618       5.96053      
391     10.1554       5.98668      
392     110.662       5.98902      
393     10.025        6.0143       
394     18.2184       6.04868      
395     11.2508       6.05279      
396     0.576924      6.08247      
397     10.8836       6.084        
398     5.28408       6.08691      
399     1.90584       6.09509      
400     7.30912       6.11308      
401     13.4557       6.11409      
402     10.132        6.12826      
403     7.51187       6.13061      
404     15.4365       6.16141      
405     5.08345       6.16596      
406     37.0728       6.22047      
407     55.29         6.2518       
