159          169         
159          158         
277          291         
277          312         
277          292         
277          272         
277          274         
277          244         
277          279         
277          332         
277          288         
277          256         
277          210         
277          238         
277          278         
277          275         
277          273         
277          252         
277          276         
277          257         
277          295         
181          187         
181          179         
181          190         
181          180         
181          184         
20           65          
20           24          
20           18          
20           22          
20           16          
99           105         
99           97          
99           92          
99           90          
99           103         
99           82          
99           124         
99           80          
99           1           
99           104         
99           87          
99           98          
99           91          
272          271         
272          1           
272          237         
272          261         
272          260         
272          369         
272          230         
272          236         
272          332         
272          256         
272          388         
272          202         
272          257         
136          41          
136          125         
136          128         
136          137         
136          135         
70           135         
70           343         
70           33          
70           72          
70           210         
70           37          
70           115         
70           257         
70           42          
189          187         
189          190         
29           27          
29           21          
29           31          
29           46          
29           372         
29           28          
29           39          
29           41          
29           30          
29           378         
29           32          
29           24          
29           38          
29           22          
29           395         
29           25          
29           16          
29           12          
29           40          
29           35          
29           106         
29           388         
29           37          
29           34          
29           8           
117          113         
117          147         
117          114         
117          135         
31           395         
31           16          
31           388         
31           28          
31           110         
174          173         
221          219         
221          237         
221          232         
221          236         
221          230         
221          222         
221          210         
221          223         
221          220         
221          257         
376          369         
376          210         
376          388         
114          113         
114          112         
114          72          
114          115         
250          251         
250          252         
141          143         
141          142         
141          140         
141          133         
192          191         
391          395         
391          4           
391          13          
391          385         
391          360         
391          339         
391          343         
391          388         
391          386         
391          362         
391          387         
391          390         
391          352         
391          380         
391          356         
391          384         
391          389         
391          383         
391          392         
391          393         
205          210         
383          390         
383          1           
383          385         
383          343         
383          388         
383          386         
383          384         
383          387         
383          332         
383          382         
383          380         
383          365         
383          321         
383          389         
383          357         
383          42          
383          381         
255          261         
255          258         
255          268         
255          260         
255          244         
255          369         
255          253         
255          299         
255          256         
255          254         
255          245         
255          8           
255          257         
255          263         
257          258         
257          224         
257          233         
257          266         
257          236         
257          204         
257          274         
257          210         
257          237         
257          263         
257          198         
257          271         
257          276         
257          312         
257          260         
257          369         
257          230         
257          262         
257          223         
257          275         
257          245         
257          273         
257          259         
257          270         
257          209         
257          195         
257          251         
257          265         
257          295         
257          280         
257          202         
257          267         
257          253         
257          269         
257          268         
257          244         
257          256         
257          238         
257          261         
180          182         
180          179         
363          395         
363          4           
363          348         
363          358         
363          350         
363          339         
363          343         
363          369         
363          362         
363          67          
363          349         
363          365         
363          1           
363          361         
363          388         
363          333         
363          5           
363          323         
198          210         
198          202         
198          199         
198          195         
41           42          
41           36          
41           28          
41           153         
41           65          
41           39          
41           68          
41           135         
41           26          
41           38          
41           105         
41           1           
41           25          
41           150         
41           12          
41           51          
41           43          
41           40          
41           35          
41           106         
41           111         
41           128         
41           388         
41           37          
41           87          
41           152         
314          343         
314          302         
314          305         
314          316         
314          312         
330          1           
330          350         
330          346         
330          371         
330          343         
330          388         
330          362         
330          365         
330          332         
330          382         
330          339         
330          333         
330          396         
330          384         
330          337         
330          381         
330          335         
330          329         
92           97          
92           91          
92           89          
92           103         
92           110         
92           102         
92           77          
92           88          
92           75          
92           81          
92           104         
92           87          
92           98          
92           93          
92           90          
281          280         
91           105         
91           97          
91           90          
91           103         
91           68          
91           69          
91           67          
91           82          
91           80          
91           1           
91           89          
91           104         
91           87          
91           98          
91           126         
346          1           
346          350         
346          345         
346          334         
346          343         
346          369         
346          362         
346          365         
346          332         
346          347         
346          339         
346          333         
346          342         
346          396         
346          388         
346          337         
346          344         
346          335         
346          371         
260          258         
260          274         
260          210         
260          263         
260          312         
260          256         
260          369         
260          230         
260          262         
260          259         
260          245         
260          273         
260          237         
260          270         
260          253         
260          202         
260          267         
260          269         
260          234         
260          244         
260          261         
343          394         
343          293         
343          344         
343          358         
343          360         
343          4           
343          298         
343          354         
343          310         
343          350         
343          352         
343          364         
343          1           
343          384         
343          302         
343          368         
343          336         
343          378         
343          356         
343          369         
343          33          
343          191         
343          349         
343          319         
343          370         
343          309         
343          297         
343          351         
343          327         
343          325         
343          337         
343          361         
343          357         
343          42          
343          329         
343          395         
343          374         
343          348         
343          372         
343          385         
343          16          
343          253         
343          342         
343          362         
343          12          
343          326         
343          339         
343          332         
343          340         
343          295         
343          296         
343          347         
343          328         
343          299         
343          335         
343          312         
343          333         
343          345         
343          334         
343          388         
343          386         
343          365         
343          377         
343          382         
343          380         
343          338         
343          341         
343          359         
343          371         
343          292         
343          331         
343          366         
343          2           
343          381         
343          316         
343          396         
369          394         
369          4           
369          18          
369          298         
369          42          
369          372         
369          358         
369          350         
369          352         
369          27          
369          364         
369          341         
369          373         
369          384         
369          28          
369          39          
369          263         
369          5           
369          368         
369          312         
369          14          
369          33          
369          67          
369          26          
369          370         
369          24          
369          351         
369          313         
369          317         
369          337         
369          357         
369          0           
369          395         
369          3           
369          374         
369          1           
369          13          
369          16          
369          253         
369          9           
369          342         
369          362         
369          12          
369          295         
369          310         
369          299         
369          11          
369          6           
369          333         
369          371         
369          345         
369          244         
369          388         
369          378         
369          365         
369          377         
369          398         
369          10          
369          324         
369          34          
369          366         
369          8           
369          2           
369          316         
369          367         
369          396         
218          217         
218          210         
230          231         
230          253         
230          237         
230          270         
230          244         
230          195         
230          256         
230          210         
230          238         
230          235         
230          245         
230          202         
230          268         
230          229         
67           4           
67           18          
67           90          
67           69          
67           82          
67           27          
67           28          
67           75          
67           89          
67           65          
67           14          
67           50          
67           5           
67           3           
67           26          
67           68          
67           76          
67           349         
67           139         
67           88          
67           395         
67           1           
67           9           
67           12          
67           110         
67           11          
67           397         
67           66          
67           388         
67           389         
67           77          
67           10          
67           34          
262          261         
262          258         
262          263         
308          312         
308          306         
308          290         
308          305         
308          297         
308          302         
241          240         
370          4           
370          1           
370          350         
370          312         
370          362         
370          365         
370          339         
370          364         
370          388         
370          396         
370          384         
370          337         
370          11          
370          371         
88           4           
88           90          
88           103         
88           76          
88           82          
88           77          
88           1           
88           396         
88           89          
88           87          
88           98          
88           110         
88           66          
309          312         
309          316         
309          305         
309          297         
309          295         
309          310         
309          302         
223          224         
223          237         
223          204         
223          210         
351          1           
351          350         
351          312         
351          362         
351          365         
351          332         
351          352         
351          339         
351          333         
351          388         
351          384         
351          337         
275          273         
275          274         
245          258         
245          202         
245          237         
245          244         
245          261         
245          256         
245          210         
245          263         
57           4           
57           56          
57           1           
57           52          
57           33          
57           58          
57           45          
57           53          
273          270         
273          244         
273          274         
273          210         
273          202         
273          267         
246          240         
246          247         
113          112         
113          116         
113          72          
113          108         
113          115         
113          106         
49           48          
207          210         
315          395         
315          316         
329          344         
329          332         
329          339         
329          337         
395          394         
395          18          
395          390         
395          352         
395          28          
395          384         
395          39          
395          5           
395          3           
395          24          
395          0           
395          317         
395          2           
395          1           
395          16          
395          9           
395          387         
395          12          
395          339         
395          396         
395          310         
395          101         
395          393         
395          11          
395          6           
395          397         
395          269         
395          388         
395          311         
395          382         
395          380         
395          10          
395          34          
395          324         
287          291         
287          289         
287          288         
155          150         
155          156         
155          157         
155          153         
155          152         
155          154         
348          344         
348          336         
348          345         
348          338         
13           27          
13           1           
13           18          
13           16          
13           12          
13           28          
13           24          
13           0           
13           14          
13           11          
270          258         
270          276         
270          252         
270          244         
270          261         
270          274         
270          210         
270          199         
270          195         
270          263         
270          202         
306          312         
306          304         
306          307         
306          305         
306          303         
306          311         
306          295         
306          313         
306          302         
306          316         
209          210         
321          372         
321          16          
321          322         
321          332         
321          204         
321          210         
321          285         
321          240         
321          39          
321          6           
321          373         
321          320         
170          168         
170          169         
170          165         
307          302         
307          305         
307          312         
51           52          
51           17          
51           45          
51           43          
51           54          
51           46          
51           50          
51           53          
379          380         
326          328         
326          362         
326          325         
326          331         
167          168         
167          169         
167          165         
80           90          
80           52          
80           147         
80           82          
80           108         
80           81          
80           78          
80           148         
80           89          
80           79          
80           119         
80           1           
80           107         
80           55          
80           53          
80           77          
80           104         
80           144         
80           87          
80           109         
102          105         
102          135         
102          139         
102          128         
102          89          
102          104         
102          87          
102          98          
286          291         
286          289         
286          297         
286          312         
286          295         
19           18          
295          312         
295          293         
295          298         
295          327         
295          288         
295          274         
295          302         
295          276         
295          291         
295          350         
295          305         
295          296         
295          337         
295          319         
295          339         
295          297         
295          310         
295          299         
295          388         
295          311         
295          292         
295          294         
166          168         
166          169         
166          165         
185          187         
185          184         
211          210         
106          105         
106          25          
106          135         
106          129         
106          87          
202          201         
202          258         
202          200         
202          210         
202          197         
202          195         
202          234         
202          237         
202          229         
202          244         
202          203         
202          194         
202          256         
202          199         
55           56          
55           52          
55           54          
55           89          
55           87          
335          333         
335          336         
335          345         
335          388         
335          362         
335          332         
335          339         
335          344         
335          342         
335          337         
335          350         
111          103         
111          128         
111          97          
111          121         
111          135         
111          108         
111          89          
111          87          
111          98          
111          110         
111          112         
182          193         
48           56          
48           24          
48           21          
48           46          
48           47          
48           65          
269          237         
269          261         
269          263         
269          267         
269          11          
145          105         
145          144         
145          125         
145          128         
145          135         
145          147         
145          146         
145          133         
145          143         
145          65          
145          87          
268          271         
268          258         
268          237         
268          261         
268          256         
268          210         
268          235         
268          263         
268          267         
334          210         
334          333         
334          337         
244          258         
244          237         
244          312         
244          204         
244          256         
244          210         
244          238         
244          263         
244          261         
388          365         
388          377         
388          8           
388          18          
388          360         
388          387         
388          352         
388          364         
388          384         
388          65          
388          39          
388          5           
388          368         
388          349         
388          24          
388          0           
388          317         
388          357         
388          2           
388          1           
388          25          
388          362         
388          12          
388          393         
388          11          
388          66          
388          392         
388          386         
388          332         
388          382         
388          380         
388          10          
388          34          
388          394         
388          4           
388          358         
388          390         
388          3           
388          378         
388          356         
388          33          
388          26          
388          296         
388          337         
388          27          
388          374         
388          385         
388          16          
388          347         
388          339         
388          396         
388          310         
388          35          
388          299         
388          397         
388          333         
388          389         
388          398         
388          371         
388          331         
388          381         
388          344         
388          312         
388          298         
388          42          
388          341         
388          372         
388          28          
388          350         
388          345         
120          121         
120          119         
120          129         
120          127         
365          4           
365          358         
365          364         
365          384         
365          5           
365          368         
365          350         
365          33          
365          337         
365          361         
365          357         
365          1           
365          362         
365          12          
365          339         
365          396         
365          11          
365          333         
365          332         
365          371         
365          366         
365          367         
377          3           
377          1           
377          358         
377          350         
377          362         
377          12          
377          398         
377          341         
377          396         
377          296         
377          337         
377          357         
377          11          
377          2           
72           42          
72           84          
72           96          
72           74          
72           95          
72           71          
72           73          
72           115         
72           94          
95           94          
95           96          
121          128         
121          135         
121          123         
121          122         
121          124         
121          144         
121          129         
121          130         
121          142         
121          65          
121          143         
121          127         
121          134         
121          126         
121          149         
121          104         
256          271         
256          258         
256          237         
256          261         
256          252         
256          253         
256          8           
256          263         
54           56          
54           52          
54           42          
54           43          
54           34          
54           39          
54           53          
238          237         
238          210         
359          339         
359          362         
359          358         
359          350         
199          201         
199          200         
199          196         
199          210         
199          195         
199          240         
199          197         
142          135         
142          140         
142          144         
142          143         
248          247         
248          249         
87           4           
87           90          
87           103         
87           100         
87           42          
87           82          
87           124         
87           75          
87           81          
87           65          
87           18          
87           78          
87           101         
87           86          
87           26          
87           89          
87           135         
87           76          
87           139         
87           133         
87           127         
87           105         
87           97          
87           1           
87           107         
87           110         
87           66          
87           85          
87           125         
87           146         
87           77          
87           122         
87           104         
87           144         
87           98          
87           93          
87           109         
8            394         
8            35          
8            28          
8            372         
8            305         
8            16          
8            17          
8            316         
8            313         
8            12          
8            7           
8            317         
8            39          
8            312         
8            6           
45           56          
45           18          
45           52          
45           36          
45           44          
45           43          
45           65          
45           47          
45           14          
45           50          
109          1           
109          107         
109          135         
109          133         
109          108         
323          302         
323          305         
323          312         
323          324         
201          200         
293          312         
258          234         
258          237         
258          261         
258          253         
258          210         
258          259         
258          263         
258          267         
227          228         
227          226         
18           4           
18           21          
18           36          
18           27          
18           28          
18           7           
18           65          
18           14          
18           56          
18           26          
18           24          
18           22          
18           1           
18           12          
18           339         
18           396         
18           11          
18           10          
18           392         
90           85          
90           97          
90           103         
90           100         
90           110         
90           76          
90           82          
90           77          
90           1           
90           89          
90           101         
90           93          
90           98          
360          4           
360          310         
360          333         
360          350         
360          386         
360          362         
360          339         
360          344         
360          340         
360          371         
360          390         
360          361         
360          367         
236          237         
236          210         
236          235         
100          101         
100          97          
327          337         
327          312         
327          350         
147          81          
147          128         
147          89          
147          135         
147          146         
147          129         
147          148         
147          144         
190          62          
190          193         
190          179         
190          187         
387          4           
387          1           
387          385         
387          389         
387          384         
387          390         
204          176         
204          237         
204          210         
353          350         
353          356         
353          354         
353          305         
353          352         
353          384         
352          331         
352          358         
352          312         
352          354         
352          372         
352          364         
352          344         
352          384         
352          336         
352          345         
352          357         
352          42          
352          1           
352          16          
352          362         
352          12          
352          339         
352          396         
352          393         
352          350         
352          397         
352          333         
352          332         
352          382         
352          380         
352          356         
352          392         
168          176         
168          160         
168          158         
168          161         
168          169         
168          163         
168          164         
168          165         
274          312         
274          298         
274          305         
274          289         
274          310         
274          267         
364          1           
364          350         
364          312         
364          339         
364          384         
364          332         
364          333         
364          12          
364          396         
364          362         
364          337         
364          356         
206          210         
140          143         
140          135         
235          271         
235          237         
235          332         
148          128         
148          149         
148          135         
384          390         
384          354         
384          350         
384          26          
384          389         
384          357         
384          42          
384          1           
384          385         
384          362         
384          12          
384          339         
384          393         
384          397         
384          333         
384          386         
384          332         
384          382         
384          380         
384          356         
384          392         
384          381         
65           4           
65           21          
65           83          
65           42          
65           36          
65           124         
65           89          
65           28          
65           39          
65           134         
65           130         
65           127         
65           26          
65           56          
65           135         
65           126         
65           76          
65           139         
65           77          
65           24          
65           105         
65           1           
65           12          
65           15          
65           14          
65           128         
65           396         
65           40          
65           101         
65           110         
65           66          
65           125         
65           131         
65           34          
65           104         
65           144         
65           98          
65           122         
39           27          
39           42          
39           35          
39           26          
39           24          
39           38          
39           1           
39           25          
39           16          
39           12          
39           396         
39           40          
39           46          
39           28          
39           37          
78           4           
78           1           
78           133         
78           77          
78           53          
154          152         
154          118         
154          153         
154          157         
213          210         
63           61          
63           193         
63           64          
63           62          
239          240         
5            4           
5            1           
5            9           
5            10          
5            12          
5            11          
5            2           
368          1           
368          339         
368          371         
368          396         
123          128         
123          135         
123          124         
123          61          
123          149         
176          178         
176          175         
176          179         
176          194         
176          177         
176          382         
176          191         
176          210         
176          195         
176          197         
176          173         
219          210         
183          184         
226          228         
318          1           
318          319         
318          312         
318          332         
135          81          
135          69          
135          82          
135          124         
135          129         
135          143         
135          134         
135          101         
135          130         
135          127         
135          68          
135          126         
135          83          
135          139         
135          133         
135          137         
135          105         
135          107         
135          104         
135          138         
135          118         
135          110         
135          125         
135          128         
135          132         
135          146         
135          131         
135          122         
135          144         
135          98          
17           312         
17           16          
17           389         
17           43          
279          210         
32           28          
32           25          
32           12          
32           35          
191          382         
191          381         
172          169         
172          173         
349          119         
349          333         
349          350         
349          362         
349          339         
349          337         
139          128         
139          124         
139          138         
139          130         
139          127         
133          105         
133          125         
133          128         
133          261         
133          146         
133          26          
133          130         
133          144         
133          134         
289          291         
289          290         
289          288         
24           4           
24           21          
24           27          
24           28          
24           25          
24           14          
24           30          
24           26          
24           22          
24           1           
24           16          
24           12          
24           11          
24           34          
64           61          
64           193         
64           58          
64           62          
0            1           
0            16          
0            12          
0            398         
0            396         
0            11          
0            2           
313          312         
313          305         
313          10          
313          317         
313          302         
317          27          
317          312         
317          316         
317          299         
317          11          
240          282         
240          242         
240          243         
361          4           
361          1           
361          358         
361          350         
361          362         
361          332         
361          339         
361          333         
361          337         
357          4           
357          1           
357          385         
357          331         
357          339         
357          332         
357          362         
357          333         
357          381         
357          337         
357          350         
216          210         
216          215         
149          97          
149          124         
149          104         
2            3           
2            1           
2            396         
2            10          
2            11          
105          103         
105          82          
105          124         
105          81          
105          127         
105          107         
105          118         
105          85          
105          125         
105          128         
105          131         
105          104         
105          144         
105          98          
105          122         
97           89          
97           103         
97           108         
97           77          
97           68          
97           75          
97           81          
97           101         
97           110         
97           98          
1            4           
1            52          
1            390         
1            42          
1            82          
1            27          
1            28          
1            75          
1            25          
1            81          
1            14          
1            86          
1            33          
1            76          
1            50          
1            26          
1            389         
1            337         
1            374         
1            385         
1            371         
1            362         
1            12          
1            3           
1            332         
1            396         
1            110         
1            101         
1            393         
1            11          
1            66          
1            85          
1            350         
1            382         
1            77          
1            34          
1            392         
1            381         
25           27          
25           28          
25           16          
25           37          
25           23          
25           42          
25           21          
25           26          
25           35          
25           12          
25           34          
25           46          
25           22          
150          152         
150          153         
150          157         
107          108         
59           61          
59           58          
59           62          
9            3           
9            76          
9            10          
9            12          
9            11          
60           61          
362          394         
362          328         
362          344         
362          358         
362          354         
362          11          
362          341         
362          336         
362          33          
362          337         
362          42          
362          374         
362          385         
362          312         
362          342         
362          12          
362          339         
362          332         
362          396         
362          299         
362          350         
362          333         
362          345         
362          382         
362          356         
362          371         
362          331         
362          366         
362          381         
362          367         
12           4           
12           42          
12           372         
12           27          
12           14          
12           33          
12           26          
12           374         
12           16          
12           396         
12           11          
12           6           
12           397         
12           380         
12           10          
12           366         
319          237         
319          312         
319          261         
319          332         
265          261         
265          210         
265          280         
265          263         
169          160         
169          161         
169          171         
169          162         
169          164         
169          165         
138          124         
138          128         
340          344         
340          336         
340          345         
340          342         
340          347         
340          339         
340          341         
340          337         
340          338         
118          128         
118          193         
118          58          
118          124         
118          61          
118          127         
115          112         
115          116         
46           52          
46           42          
46           43          
46           47          
46           53          
101          125         
101          62          
101          129         
101          82          
101          77          
101          131         
101          128         
101          74          
101          98          
101          130         
220          210         
393          4           
393          42          
393          382         
393          396         
393          392         
393          390         
267          266         
267          237         
267          261         
267          210         
267          263         
11           394         
11           4           
11           27          
11           28          
11           14          
11           3           
11           316         
11           26          
11           339         
11           396         
11           6           
11           398         
11           10          
11           34          
11           367         
184          179         
184          187         
184          186         
85           82          
355          354         
125          128         
125          126         
125          146         
125          124         
125          129         
125          143         
125          130         
125          127         
128          103         
128          89          
128          69          
128          124         
128          129         
128          132         
128          134         
128          130         
128          127         
128          68          
128          126         
128          119         
128          110         
128          146         
128          131         
128          77          
128          104         
128          144         
128          98          
280          263         
280          302         
66           4           
66           26          
62           193         
62           58          
62           61          
62           152         
112          108         
392          4           
392          42          
392          382         
386          385         
386          389         
386          380         
386          339         
386          381         
386          390         
194          210         
194          195         
58           305         
58           36          
58           61          
58           40          
58           310         
58           38          
332          358         
332          354         
332          271         
332          336         
332          33          
332          337         
332          339         
332          350         
332          333         
332          356         
332          371         
332          331         
332          381         
311          312         
311          316         
311          305         
311          339         
311          310         
382          350         
382          339         
382          42          
382          380         
382          333         
382          390         
382          381         
382          337         
380          385         
380          339         
380          356         
380          389         
380          390         
380          42          
380          381         
10           3           
10           27          
10           28          
37           42          
37           36          
37           43          
37           28          
37           40          
37           35          
37           38          
325          331         
34           4           
34           56          
34           26          
34           28          
292          312         
292          291         
292          297         
104          103         
104          89          
104          82          
104          124         
104          81          
104          98          
104          134         
104          127         
151          152         
151          153         
366          358         
366          350         
366          367         
152          153         
93           98          
93           75          
367          333         
367          358         
367          350         
367          339         
394          312         
394          16          
394          316         
394          305         
394          396         
4            52          
4            390         
4            42          
4            82          
4            14          
4            3           
4            33          
4            76          
4            26          
4            389         
4            27          
4            374         
4            339         
4            396         
4            310         
4            28          
4            398         
4            77          
200          210         
200          195         
224          210         
358          333         
358          350         
358          339         
358          354         
358          356         
358          337         
390          397         
390          385         
390          339         
390          14          
390          389         
354          397         
354          345         
354          312         
354          305         
354          356         
69           68          
69           126         
69           43          
69           81          
84           83          
303          302         
303          305         
303          304         
82           75          
82           81          
82           98          
124          126         
124          122         
124          144         
124          134         
124          127         
108          81          
210          233         
210          266         
210          193         
210          263         
210          197         
210          271         
210          232         
210          217         
210          214         
210          208         
210          276         
210          237         
210          195         
210          251         
210          61          
210          228         
210          253         
210          252         
210          203         
210          234         
210          222         
210          212         
210          261         
129          126         
129          131         
129          98          
129          132         
129          110         
129          143         
129          134         
129          130         
129          127         
132          110         
132          130         
7            36          
7            6           
81           26          
81           89          
81           98          
81           53          
322          6           
187          179         
187          186         
187          188         
143          144         
143          263         
263          214         
263          261         
263          264         
263          259         
263          253         
263          252         
197          196         
197          195         
134          127         
50           52          
50           42          
50           43          
50           53          
130          126         
130          119         
130          131         
130          110         
130          98          
130          127         
127          126         
127          131         
127          103         
127          98          
291          290         
291          288         
291          299         
56           52          
68           126         
68           43          
336          350         
336          312         
336          345         
336          342         
336          344         
336          339         
336          333         
336          371         
336          337         
336          341         
336          338         
232          237         
232          233         
378          16          
378          371         
378          372         
378          396         
378          35          
378          6           
356          333         
356          312         
356          16          
356          345         
356          372         
356          350         
126          131         
33           374         
33           52          
33           42          
33           396         
290          288         
305          312         
305          298         
305          302         
305          316         
305          300         
305          297         
305          310         
305          203         
305          304         
305          301         
305          324         
164          163         
164          165         
26           42          
26           28          
26           14          
26           27          
26           43          
26           389         
196          195         
375          374         
259          261         
160          161         
160          165         
195          193         
296          350         
296          312         
296          297         
296          337         
337          344         
337          312         
337          42          
337          341         
337          374         
337          342         
337          297         
337          339         
337          347         
337          299         
337          350         
337          333         
337          345         
337          371         
337          331         
337          338         
337          381         
337          396         
38           52          
38           36          
38           44          
38           43          
38           28          
38           40          
38           35          
188          193         
22           16          
22           28          
22           35          
338          345         
338          342         
338          344         
338          339         
338          333         
338          341         
27           28          
27           14          
374          350         
374          312         
374          339         
374          333         
374          316         
237          261         
237          234         
237          253         
385          339         
385          389         
385          42          
385          381         
16           372         
16           373         
16           15          
16           30          
16           396         
16           35          
16           6           
16           397         
253          312         
253          252         
253          261         
23           389         
342          347         
342          345         
342          341         
342          339         
342          344         
342          371         
225          228         
347          344         
347          345         
347          339         
347          396         
157          156         
157          153         
297          298         
297          350         
297          312         
297          316         
297          339         
297          310         
297          299         
297          302         
284          283         
284          282         
284          285         
43           44          
43           52          
43           42          
43           36          
43           28          
43           40          
43           53          
339          328         
339          344         
339          341         
339          302         
339          316         
339          312         
339          310         
339          299         
339          350         
339          333         
339          345         
339          371         
339          331         
339          381         
339          396         
179          178         
396          42          
396          372         
396          310         
396          299         
396          371         
40           52          
40           42          
40           36          
40           44          
40           28          
310          298         
310          304         
310          302         
310          312         
35           30          
35           42          
35           36          
35           372         
162          165         
110          75          
110          76          
110          77          
110          103         
110          89          
110          98          
299          350         
299          312         
299          288         
53           52          
53           389         
6            372         
6            312         
6            316         
6            373         
333          344         
333          312         
333          350         
333          345         
333          331         
252          251         
252          312         
234          261         
234          193         
304          312         
304          302         
146          144         
389          381         
44           36          
77           98          
77           76          
77           103         
77           75          
77           89          
371          372         
371          350         
371          373         
331          328         
331          350         
301          302         
98           103         
98           75          
98           89          
381          42          
381          350         
165          161         
165          163         
324          312         
103          89          
344          345         
344          341         
344          350         
312          298         
312          300         
312          302         
312          316         
312          288         
312          350         
312          345         
52           36          
52           42          
298          350         
298          302         
298          276         
42           28          
193          261         
193          61          
36           28          
300          302         
341          345         
341          350         
75           76          
372          373         
28           30          
28           76          
350          345         
261          264         
