0       14.6686       0.0144259    
1       18.148        0.0229944    
2       5.44625       0.0249724    
3       4.31585       0.0408544    
4       12.3764       0.0439252    
5       5.69452       0.0477296    
6       7.2115        0.0482905    
7       8.70964       0.0490773    
8       3.80843       0.0605773    
9       7.30969       0.065015     
10      13.0794       0.0734111    
11      4.85422       0.0809828    
12      13.7796       0.0827164    
13      43.7648       0.0937701    
14      24.5642       0.0965828    
15      2.80363       0.0966226    
16      28.3361       0.09787      
17      21.1223       0.0984281    
18      18.7039       0.112173     
19      18.2263       0.136026     
20      19.1549       0.139425     
21      20.0784       0.143929     
22      15.7072       0.165415     
23      11.3996       0.175063     
24      6.15763       0.185743     
25      26.5919       0.188522     
26      14.6844       0.198945     
27      8.75388       0.201222     
28      25.8836       0.221977     
29      16.2351       0.22623      
30      15.0528       0.243798     
31      12.8422       0.258451     
32      23.4437       0.27436      
33      23.248        0.277518     
34      31.0611       0.277696     
35      5.79857       0.285103     
36      12.2445       0.285203     
37      2.7589        0.29318      
38      1.56848       0.296716     
39      5.11509       0.29701      
40      45.4891       0.31539      
41      2.12746       0.315629     
42      32.8834       0.322997     
43      16.981        0.323739     
44      21.7562       0.351377     
45      0.354533      0.362439     
46      45.7898       0.363265     
47      22.7921       0.369091     
48      34.7045       0.373828     
49      9.77296       0.379864     
50      43.8088       0.408687     
51      18.6236       0.42845      
52      0.2596        0.437824     
53      430.52        0.440792     
54      19.6789       0.449247     
55      17.0589       0.457738     
56      19.0741       0.461932     
57      31.3436       0.462607     
58      9.38925       0.464554     
59      10.1692       0.478689     
60      2.20348       0.487505     
61      12.727        0.507204     
62      17.4398       0.518414     
63      21.8944       0.520666     
64      32.7051       0.525602     
65      103.021       0.525903     
66      384.359       0.52679      
67      47.531        0.533137     
68      1.16904       0.537744     
69      8.92069       0.545422     
70      31.1426       0.561938     
71      1.75478       0.56263      
72      9.55601       0.58967      
73      12.702        0.59095      
74      1.29899       0.603167     
75      0.327588      0.603184     
76      12.4657       0.608315     
77      10.5931       0.611108     
78      8.00554       0.625143     
79      14.0277       0.639096     
80      6.68144       0.666394     
81      12.6567       0.666963     
82      27.156        0.668085     
83      19.0727       0.669067     
84      3.44521       0.675991     
85      2.38371       0.679493     
86      7.57743       0.68724      
87      10.3166       0.688105     
88      8.48208       0.688768     
89      8.21178       0.703745     
90      71.6209       0.705959     
91      14.3508       0.706701     
92      19.5797       0.708202     
93      36.1366       0.71145      
94      11.4919       0.717263     
95      0.360386      0.717546     
96      7.4429        0.731802     
97      22.3814       0.760053     
98      1.36328       0.773511     
99      23.853        0.773695     
100     13.0902       0.800162     
101     18.9919       0.804526     
102     62.7734       0.824991     
103     20.594        0.825511     
104     0.250783      0.849442     
105     572.791       0.851746     
106     55.3473       0.873968     
107     44.2861       0.87891      
108     16.0508       0.880194     
109     12.2985       0.880669     
110     19.5308       0.885877     
111     0.336149      0.886712     
112     2.94331       0.88866      
113     31.2951       0.895824     
114     9.42068       0.900285     
115     74.9368       0.910255     
116     5.31292       0.918253     
117     4.18046       0.92289      
118     6.09348       0.925626     
119     4.86008       0.932056     
120     9.35849       0.942077     
121     2.15347       0.942401     
122     11.5241       0.946078     
123     1.84488       0.957766     
124     4.91244       0.960028     
125     12.9018       0.96062      
126     5.98901       0.962946     
127     0.367405      0.963063     
128     11.3201       0.969712     
129     11.2792       0.979847     
130     9.30776       0.988204     
131     6.50981       0.990034     
132     2.14289       0.990884     
133     6.3027        0.994946     
134     2.08414       0.994981     
135     9.24861       1.00143      
136     17.4704       1.00336      
137     28.693        1.00511      
138     9.24991       1.01931      
139     26.3789       1.02306      
140     12.4649       1.02556      
141     10.8268       1.04299      
142     2.33496       1.05116      
143     6.24839       1.05234      
144     6.34952       1.05269      
145     3.76595       1.05278      
146     13.7501       1.07166      
147     62.1327       1.08604      
148     28.8782       1.08633      
149     13.2027       1.11193      
150     5.95113       1.12098      
151     17.9664       1.12371      
152     8.5983        1.12749      
153     4.76942       1.12832      
154     11.7849       1.14463      
155     5.15805       1.15674      
156     16.4144       1.16194      
157     6.59224       1.16229      
158     6.2703        1.16333      
159     3.68976       1.16339      
160     4.60879       1.16421      
161     3.22684       1.16643      
162     3.04405       1.16808      
163     14.5829       1.18076      
164     13.8519       1.18295      
165     20.6891       1.21067      
166     22.638        1.21358      
167     11.6457       1.21591      
168     2.96384       1.21941      
169     2.96899       1.22751      
170     23.593        1.2457       
171     21.9453       1.24771      
172     0.524209      1.24864      
173     3.94139       1.26807      
174     11.3424       1.26891      
175     24.3166       1.27877      
176     10.0172       1.27902      
177     3.41897       1.29922      
178     14.3958       1.30199      
179     17.6582       1.32232      
180     17.673        1.32399      
181     10.7551       1.3431       
182     244.222       1.349        
183     35.6389       1.35706      
184     10.9152       1.36063      
185     8.33765       1.37748      
186     12.9191       1.38692      
187     9.72206       1.3983       
188     8.54349       1.41956      
189     10.7224       1.42003      
190     2.6085        1.42175      
191     60.7904       1.448        
192     22.9727       1.46481      
193     26.6669       1.47031      
194     2.28857       1.47702      
195     0.403495      1.47706      
196     1.61764       1.48153      
197     2.48627       1.48197      
198     1.3459        1.48222      
199     2.40733       1.48345      
200     8.56046       1.48407      
201     2.27882       1.48651      
202     25.8984       1.51358      
203     42.1397       1.51363      
204     10.269        1.51485      
205     8.80866       1.53011      
206     7.72988       1.53164      
207     5.80623       1.53225      
208     0.638411      1.55026      
209     5.97316       1.55046      
210     0.637712      1.55066      
211     8.56808       1.56494      
212     10.4496       1.56684      
213     17.2462       1.57656      
214     6.49294       1.58037      
215     7.29477       1.58159      
216     3.23158       1.58439      
217     13.2453       1.59422      
218     6.04183       1.6064       
219     123.406       1.6274       
220     20.5497       1.63039      
221     1.86376       1.64672      
222     0.907568      1.6497       
223     71.6092       1.65037      
224     277.738       1.65096      
225     9.95878       1.65568      
226     30.413        1.65907      
227     90.275        1.66085      
228     12.9892       1.6649       
229     16.6215       1.67176      
230     3.47399       1.67339      
231     0.712606      1.67728      
232     1.58607       1.68094      
233     12.768        1.68176      
234     3.19415       1.68398      
235     2.7537        1.6864       
236     0.976877      1.68886      
237     1.42139       1.6926       
238     1.262         1.69378      
239     17.4431       1.6948       
240     5.9571        1.69745      
241     12.9428       1.70992      
242     11.2826       1.72055      
243     23.5921       1.74151      
244     18.8628       1.74353      
245     14.188        1.74407      
246     10.3124       1.75606      
247     9.52937       1.79469      
248     15.3709       1.80416      
249     11.1741       1.82178      
250     5.87615       1.82913      
251     7.36222       1.82969      
252     7.27914       1.82992      
253     5.35376       1.83069      
254     5.97015       1.83166      
255     2.66749       1.83265      
256     3.01048       1.83398      
257     1.92506       1.8346       
258     12.9332       1.84024      
259     13.9553       1.86298      
260     20.1821       1.90141      
261     13.1668       1.90224      
262     66.2474       1.90547      
263     33.9165       1.90727      
264     0.776606      1.91175      
265     0.598402      1.93111      
266     6.26835       1.93127      
267     11.6566       1.94624      
268     3.22881       1.94628      
269     6.26801       1.95601      
270     0.720768      1.95899      
271     30.615        1.96012      
272     0.317286      1.96026      
273     3.13705       1.97585      
274     8.10483       1.97625      
275     32.643        1.98528      
276     19.1468       1.98539      
277     16.9171       1.99643      
278     15.7868       1.99667      
279     28.7866       1.99848      
280     25.9406       2.00421      
281     4.81844       2.0106       
282     6.98601       2.01699      
283     9.52001       2.02779      
284     34.6046       2.02885      
285     10.091        2.03658      
286     135.076       2.04743      
287     15.1612       2.05712      
288     17.2339       2.0584       
289     2.82778       2.06228      
290     24.6484       2.08074      
291     2.04618       2.10289      
292     3.06082       2.10332      
293     11.3966       2.10618      
294     5.46398       2.10948      
295     1.42151       2.10971      
296     3.93282       2.11054      
297     17.1823       2.12339      
298     3.97372       2.13485      
299     5.27175       2.13527      
300     2.00381       2.17389      
301     24.8318       2.17488      
302     13.4236       2.18142      
303     2.53123       2.19095      
304     5.10925       2.19524      
305     2.4064        2.19829      
306     109.248       2.19851      
307     0.55305       2.20049      
308     1.61025       2.21262      
309     28.7288       2.21314      
310     4.80329       2.21663      
311     2.50663       2.22439      
312     5.30754       2.22449      
313     4.45475       2.22822      
314     3.44738       2.23028      
315     11.1259       2.23129      
316     5.10021       2.23425      
317     5.44148       2.2438       
318     4.11238       2.24763      
319     13.9493       2.25081      
320     0.581822      2.25588      
321     37.1774       2.25681      
322     0.42959       2.25726      
323     8.23767       2.26288      
324     6.44544       2.27077      
325     5.24548       2.27335      
326     4.78732       2.2772       
327     2.99813       2.27732      
328     8.13198       2.28177      
329     9.30482       2.29646      
330     0.486973      2.31104      
331     5.32426       2.31115      
332     0.666214      2.31134      
333     10.3318       2.31781      
334     17.9378       2.32262      
335     4.29232       2.3228       
336     4.3355        2.32604      
337     16.7753       2.32716      
338     3.59446       2.33445      
339     7.7823        2.33497      
340     18.2652       2.35055      
341     23.7638       2.35526      
342     125.57        2.35649      
343     2.84215       2.35774      
344     0.617213      2.36111      
345     0.640871      2.36146      
346     0.69927       2.36194      
347     0.771572      2.36271      
348     0.823467      2.36336      
349     0.888962      2.36417      
350     2.54856       2.36578      
351     5.73189       2.37707      
352     5.66778       2.38496      
353     5.61853       2.39371      
354     14.0966       2.417        
355     8.49234       2.41736      
356     17.2906       2.4183       
357     0.388471      2.42674      
358     71.0254       2.42773      
359     11.9488       2.43368      
360     11.9269       2.43571      
361     30.6913       2.43882      
362     17.1639       2.43922      
363     23.2458       2.44005      
364     2.05705       2.44879      
365     12.7131       2.45773      
366     11.023        2.46143      
367     5.57979       2.46151      
368     4.86368       2.465        
369     2.24417       2.46507      
370     2.73171       2.46656      
371     2.50237       2.46818      
372     4.34679       2.47856      
373     3.46996       2.47913      
374     7.67764       2.48032      
375     7.19932       2.48325      
376     11.9986       2.48424      
377     8.85522       2.48427      
378     8.32661       2.48615      
379     4.75777       2.4921       
380     0.616897      2.49225      
381     8.73851       2.49729      
382     12.6942       2.49876      
383     4.05559       2.5013       
384     5.61089       2.50674      
385     14.5797       2.5213       
386     19.6768       2.52607      
387     14.6249       2.52709      
388     5.78894       2.52936      
389     81.5205       2.54132      
390     10.4272       2.54262      
391     25.1428       2.5505       
392     4.79553       2.55126      
393     9.41467       2.56887      
394     9.52201       2.58363      
395     33.8215       2.58765      
396     8.74202       2.58973      
397     5.29091       2.58995      
398     12.0909       2.60062      
399     5.24525       2.60636      
400     4.87517       2.6105       
401     12.3208       2.61069      
402     11.2025       2.61221      
403     2.07048       2.61401      
404     10.3219       2.61963      
405     10.4262       2.65056      
406     32.5111       2.66955      
407     17.0899       2.67195      
408     12.8075       2.68301      
409     10.1709       2.68585      
410     4.2904        2.70695      
411     0.658003      2.70857      
412     2.22303       2.70927      
413     21.125        2.70941      
414     0.620667      2.71007      
415     13.824        2.7155       
416     2.35256       2.71608      
417     5.52502       2.72561      
418     7.61502       2.72598      
419     5.19593       2.73141      
420     9.17755       2.73334      
421     9.71049       2.73503      
422     0.930877      2.74554      
423     37.0948       2.7496       
424     29.2458       2.74989      
425     9.6285        2.78314      
426     0.668297      2.78329      
427     5.30082       2.794        
428     10.8498       2.79427      
429     16.9602       2.80906      
430     9.29739       2.81166      
431     1.73329       2.81417      
432     8.15591       2.81482      
433     11.7803       2.81989      
434     0.310844      2.81996      
435     0.789851      2.82038      
436     4.66385       2.82533      
437     7.19754       2.82583      
438     5.72704       2.82603      
439     5.88951       2.82698      
440     7.40176       2.82704      
441     3.70033       2.82762      
442     4.84934       2.87265      
443     4.88933       2.87275      
444     4.59021       2.88296      
445     8.48515       2.88296      
446     4.52931       2.8904       
447     6.86012       2.89118      
448     5.02719       2.91231      
449     0.364942      2.91235      
450     4.70102       2.91369      
451     3.9188        2.92182      
452     3.16108       2.92248      
453     3.15786       2.92287      
454     2.88611       2.92408      
455     1.55072       2.9289       
456     4.14024       2.93076      
457     0.330466      2.93151      
458     0.173116      2.93171      
459     22.9624       2.93176      
460     0.329804      2.93194      
461     0.559345      2.93232      
462     0.636896      2.93256      
463     0.852467      2.93283      
464     6.07116       2.95843      
465     0.63611       2.95847      
466     5.30419       2.96507      
467     0.550358      2.96511      
468     6.69039       2.97476      
469     3.69301       2.97535      
470     14.6151       2.97898      
471     2.65258       2.97996      
472     7.97663       2.9811       
473     5.67315       2.98236      
474     8.16238       2.98608      
475     2.8794        2.99147      
476     0.680178      2.99263      
477     0.482129      2.99291      
478     2.57488       2.99338      
479     17.6126       2.99339      
480     0.768412      2.99415      
481     0.338561      3.01553      
482     8.45944       3.01562      
483     3.56032       3.01619      
484     3.20662       3.02537      
485     0.379831      3.0254       
486     2.84586       3.02662      
487     0.93226       3.02941      
488     17.8945       3.03025      
489     16.7666       3.03887      
490     2.44771       3.03986      
491     11.4585       3.03991      
492     4.88669       3.04397      
493     2.28636       3.04742      
494     11.476        3.04754      
495     12.6885       3.04758      
496     0.809728      3.04901      
497     1.59247       3.05249      
498     0.337676      3.05251      
499     4.9229        3.05398      
500     4.35846       3.06148      
501     16.399        3.06558      
502     17.7098       3.06573      
503     15.5141       3.1071       
504     14.1159       3.13484      
505     0.721254      3.14035      
506     0.445482      3.14108      
507     41.7767       3.14157      
508     0.276326      3.14181      
509     3.18109       3.14259      
510     0.749574      3.14345      
511     1.04453       3.14443      
512     1.24129       3.14509      
513     3.76174       3.16023      
514     11.1322       3.16098      
515     5.28064       3.16274      
516     0.934642      3.16958      
517     2.9712        3.17089      
518     18.6719       3.17099      
519     6.50548       3.17194      
520     3.13816       3.17361      
521     6.80595       3.17685      
522     0.549256      3.17705      
523     2.30635       3.17771      
524     3.18008       3.18119      
525     3.76612       3.18186      
526     2.72334       3.18287      
527     3.93855       3.18351      
528     3.7833        3.18446      
529     5.65129       3.20385      
530     2.37461       3.20426      
531     9.75823       3.20724      
532     6.17362       3.20762      
533     3.32438       3.21392      
534     0.267921      3.21395      
535     4.57257       3.21444      
536     6.5314        3.22425      
537     0.380637      3.22436      
538     9.89544       3.22599      
539     2.41808       3.22606      
540     11.6538       3.24289      
541     9.01612       3.2443       
542     0.341248      3.2445       
543     1.83124       3.24734      
544     28.3363       3.24823      
545     1.66879       3.2485       
546     3.32217       3.24941      
547     4.65505       3.25258      
548     7.9215        3.26326      
549     6.76832       3.26439      
550     0.365166      3.2645       
551     9.85745       3.27844      
552     8.32713       3.28018      
553     6.89135       3.28902      
554     22.9835       3.29209      
555     1.32544       3.29296      
556     1.31306       3.29312      
557     5.20803       3.29477      
558     4.29497       3.31745      
559     0.375554      3.31749      
560     1.46781       3.31788      
561     6.11658       3.32239      
562     0.622931      3.32243      
563     7.05093       3.36522      
564     9.00367       3.36602      
565     0.345986      3.36617      
566     5.0117        3.37564      
567     8.31196       3.37712      
568     2.76556       3.37776      
569     2.04511       3.37929      
570     2.20605       3.38168      
571     2.22898       3.38271      
572     18.8388       3.3892       
573     75.8318       3.3911       
574     0.485411      3.39291      
575     0.56493       3.3934       
576     0.7079        3.39467      
577     2.71779       3.39727      
578     9.28062       3.39752      
579     5.30115       3.39978      
580     3.84597       3.40815      
581     5.37657       3.40816      
582     3.4855        3.41145      
583     8.54609       3.43012      
584     6.90972       3.43059      
585     6.89834       3.43083      
586     9.99956       3.44042      
587     1.74157       3.45643      
588     0.272127      3.45644      
589     6.30536       3.45746      
590     20.3307       3.46732      
591     2.12495       3.47265      
592     0.398227      3.47404      
593     18.9492       3.47442      
594     3.24375       3.47458      
595     5.89991       3.4772       
596     2.23825       3.47802      
597     0.332165      3.47806      
598     2.75278       3.49822      
599     0.375955      3.49824      
600     1.48753       3.5072       
601     5.30314       3.50734      
602     0.417933      3.50933      
603     24.1563       3.50947      
604     21.6366       3.53164      
605     12.5152       3.53671      
606     0.49273       3.56089      
607     82.8046       3.56132      
608     14.7052       3.57621      
609     14.6637       3.57646      
610     16.9277       3.57702      
611     1.23761       3.58167      
612     0.331526      3.58169      
613     1.55796       3.58659      
614     0.335785      3.5866       
615     8.98652       3.5965       
616     45.9241       3.60054      
617     0.348483      3.60101      
618     15.2924       3.60995      
619     27.681        3.61051      
620     9.59572       3.61173      
621     10.8184       3.62406      
622     7.00494       3.63852      
623     3.01814       3.64234      
624     1.93104       3.6443       
625     2.61539       3.64586      
626     0.177602      3.64807      
627     29.4843       3.64816      
628     6.05569       3.64974      
629     6.9603        3.65146      
630     6.97223       3.6516       
631     14.4117       3.65788      
632     40.1619       3.66261      
633     4.20827       3.66341      
634     17.1927       3.66949      
635     3.09533       3.66953      
636     1.42636       3.67098      
637     3.32608       3.67348      
638     6.19197       3.67834      
639     1.57171       3.6803       
640     1.65802       3.68152      
641     34.4736       3.68238      
642     4.57254       3.68722      
643     4.36362       3.69137      
644     0.341455      3.69345      
645     34.267        3.69395      
646     15.2642       3.69636      
647     11.551        3.69831      
648     4.85339       3.70925      
649     4.6664        3.71546      
650     9.20469       3.71637      
651     25.0395       3.72461      
652     3.8296        3.74497      
653     7.97948       3.74699      
654     6.73656       3.7619       
655     12.6491       3.76672      
656     4.89744       3.7668       
657     33.5035       3.79024      
658     4.49174       3.79413      
659     15.1028       3.8161       
660     0.554052      3.82589      
661     4.6497        3.82599      
662     0.518679      3.8261       
663     1.02243       3.82654      
664     1.34101       3.82683      
665     2.53965       3.84364      
666     4.76167       3.84587      
667     32.9073       3.84996      
668     21.248        3.85257      
669     12.1265       3.85375      
670     15.4729       3.86122      
671     2.80239       3.86159      
672     19.9033       3.86953      
673     4.88006       3.87684      
674     9.53879       3.88126      
675     3.51226       3.88422      
676     4.39921       3.88427      
677     1.01609       3.88836      
678     11.3033       3.88864      
679     6.29133       3.88876      
680     2.16695       3.89271      
681     9.81212       3.89333      
682     4.88223       3.9041       
683     3.07657       3.90635      
684     12.3287       3.90776      
685     7.73836       3.90819      
686     2.56366       3.91394      
687     7.38155       3.91421      
688     36.936        3.94299      
689     18.4497       3.97174      
690     5.07319       3.98272      
691     10.2733       3.98355      
692     3.61813       3.99246      
693     6.49414       3.9936       
694     4.84532       4.0055       
695     9.93197       4.00567      
696     1.06604       4.01269      
697     13.1848       4.01793      
698     33.7529       4.02037      
699     10.094        4.02139      
700     33.766        4.02224      
701     61.5649       4.02578      
702     1.64191       4.03175      
703     17.0821       4.03952      
704     9.17348       4.05019      
705     42.3008       4.05451      
706     3.82568       4.06355      
707     7.97783       4.06526      
708     18.7053       4.07633      
709     8.22094       4.07635      
710     11.646        4.07997      
711     1.50696       4.08024      
712     6.56895       4.08034      
713     15.1386       4.09493      
714     12.0654       4.10619      
715     2.08849       4.11011      
716     1.28354       4.11223      
717     40.4005       4.11691      
718     29.5997       4.11781      
719     24.4263       4.11885      
720     26.8527       4.1205       
721     20.7831       4.12436      
722     21.0052       4.12741      
723     7.22932       4.14833      
724     4.58264       4.15387      
725     28.4685       4.17244      
726     32.7344       4.17377      
727     68.7351       4.17577      
728     3.6116        4.20783      
729     0.4295        4.20787      
730     2.62816       4.21183      
731     6.49506       4.21191      
732     8.30606       4.2375       
733     39.4704       4.23804      
734     2.74459       4.25085      
735     0.191936      4.25153      
736     11.2635       4.25156      
737     9.26974       4.29523      
738     8.99083       4.29614      
739     6.88455       4.29991      
740     10.7936       4.29998      
741     1.44852       4.30139      
742     12.323        4.30476      
743     9.46313       4.30515      
744     12.255        4.30941      
745     10.6306       4.31074      
746     1.60316       4.34728      
747     20.6878       4.35046      
748     1.66981       4.35144      
749     7.07566       4.35358      
750     11.0231       4.35393      
751     6.15259       4.36461      
752     7.25167       4.36582      
753     36.7694       4.39289      
754     19.391        4.4106       
755     43.7816       4.41091      
756     11.7707       4.415        
757     20.0198       4.41592      
758     21.0156       4.41635      
759     8.52397       4.42885      
760     13.6868       4.43484      
761     14.4076       4.44423      
762     11.4074       4.47795      
763     36.154        4.50248      
764     26.6547       4.51125      
765     8.62701       4.52648      
766     26.0508       4.5268       
767     17.8558       4.53057      
768     14.9353       4.53088      
769     21.5673       4.53186      
770     39.2923       4.53282      
771     0.710039      4.53628      
772     11.8547       4.5437       
773     13.6686       4.54524      
774     8.00237       4.54724      
775     8.67762       4.56873      
776     8.50354       4.57731      
777     25.663        4.58544      
778     19.9003       4.59207      
779     5.10676       4.59662      
780     5.06587       4.59681      
781     8.87178       4.59837      
782     6.72974       4.59927      
783     8.22164       4.59933      
784     3.01654       4.60841      
785     10.942        4.61446      
786     21.4756       4.62678      
787     15.0509       4.62936      
788     7.7499        4.63499      
789     4.9089        4.64602      
790     5.56702       4.64724      
791     10.0477       4.65815      
792     5.26972       4.65869      
793     7.51594       4.65943      
794     4.78685       4.66266      
795     3.60462       4.67318      
796     194.306       4.68717      
797     57.9963       4.69177      
798     26.3465       4.69337      
799     24.3724       4.69358      
800     126.962       4.69371      
801     47.086        4.69375      
802     41.0273       4.69692      
803     36.0243       4.72256      
804     23.9606       4.73361      
805     27.1398       4.74088      
806     169.166       4.75625      
807     277.622       4.77352      
808     8.92786       4.78403      
809     28.5324       4.78539      
810     20.7204       4.78937      
811     15.5065       4.7962       
812     3.65678       4.79659      
813     7.16781       4.82071      
814     21.8497       4.83552      
815     44.1298       4.84903      
816     18.187        4.85575      
817     29.9972       4.8574       
818     8.53477       4.89139      
819     13.357        4.91852      
820     93.6135       4.9232       
821     45.2712       4.92382      
822     42.7337       4.92694      
823     109.205       4.93666      
824     32.7996       4.93723      
825     28.0521       4.93875      
826     9.72601       4.94958      
827     10.87         4.96101      
828     3.215         4.97565      
829     14.1986       4.98546      
830     41.6001       4.99351      
831     13.6722       4.99365      
832     106.082       5.03242      
833     21.2011       5.03699      
834     18.1386       5.04775      
835     152.352       5.05114      
836     62.5881       5.05195      
837     47.4396       5.0796       
838     37.4508       5.08863      
839     9.06866       5.08911      
840     5.62834       5.09842      
841     5.1414        5.10723      
842     14.4982       5.12077      
843     11.1009       5.12301      
844     16.2138       5.12651      
845     10.943        5.13951      
846     4.39444       5.14039      
847     10.5532       5.15667      
848     25.2539       5.16009      
849     4.87381       5.17188      
850     23.3313       5.18993      
851     40.5518       5.19051      
852     10.1072       5.20091      
853     124.88        5.20247      
854     17.9615       5.21419      
855     16.1053       5.23952      
856     28.3904       5.24067      
857     14.355        5.2422       
858     32.7542       5.27937      
859     28.8314       5.27955      
860     15.3015       5.28022      
861     23.1598       5.28167      
862     21.5593       5.30505      
863     3.35168       5.30597      
864     8.05436       5.31464      
865     4.66876       5.31675      
866     3.74185       5.3178       
867     3.77903       5.31809      
868     8.54587       5.32011      
869     9.76048       5.32179      
870     12.6625       5.33984      
871     19.9437       5.34301      
872     2.12501       5.34503      
873     41.5354       5.36619      
874     27.0389       5.36756      
875     24.392        5.3696       
876     25.7752       5.38091      
877     16.1654       5.41675      
878     11.2717       5.43952      
879     22.0707       5.44437      
880     17.2604       5.45543      
881     8.86309       5.47134      
882     3.54922       5.47307      
883     11.7096       5.47506      
884     0.774876      5.47536      
885     7.25315       5.47559      
886     6.53368       5.48656      
887     2.99461       5.49269      
888     10.0918       5.49299      
889     8.50132       5.49312      
890     7.74848       5.50042      
891     17.0616       5.50139      
892     31.4265       5.51318      
893     23.595        5.51477      
894     26.2683       5.51565      
895     9.3741        5.52717      
896     1.09433       5.54013      
897     9.28049       5.54081      
898     19.5156       5.56016      
899     11.5795       5.56724      
900     20.9494       5.59788      
901     19.606        5.61777      
902     22.5057       5.61781      
903     15.5249       5.62665      
904     19.7715       5.65305      
905     13.63         5.66385      
906     18.4653       5.66888      
907     12.5939       5.67466      
908     6.65501       5.69618      
909     167.419       5.705        
910     94.027        5.71049      
911     24.1386       5.71052      
912     25.3072       5.71372      
913     16.2927       5.73544      
914     33.0711       5.7678       
915     36.3653       5.76921      
916     8.63051       5.78519      
917     20.8456       5.80139      
918     8.17232       5.80366      
919     56.7174       5.81089      
920     10.701        5.82084      
921     27.6874       5.82218      
922     412.136       5.82775      
923     12.4242       5.85005      
924     89.8817       5.85285      
925     2.26146       5.85779      
926     28.7496       5.8705       
927     10.5566       5.88926      
928     19.8022       5.90397      
929     11.814        5.926        
930     8.95484       5.92929      
931     8.95764       5.93292      
932     7.50762       5.94813      
933     51.204        5.95987      
934     14.4501       5.96202      
935     13.5462       5.96292      
936     96.2601       5.98093      
937     29.8825       5.99006      
938     27.7138       5.99718      
939     20.3937       5.99921      
940     14.4193       6.00085      
941     110.522       6.01005      
942     6.48663       6.02495      
943     15.1413       6.02507      
944     22.7787       6.04656      
945     11.1823       6.0769       
946     15.6151       6.07973      
947     27.3945       6.10071      
948     29.433        6.10582      
949     10.8214       6.11062      
950     10.43         6.13221      
951     1.90289       6.14197      
952     14.7804       6.1441       
953     83.1559       6.1499       
954     9.86055       6.15681      
955     71.6685       6.1595       
956     60.4962       6.16685      
957     15.137        6.16768      
958     12.3042       6.17897      
959     1.77035       6.18615      
960     13.6913       6.19906      
961     35.5663       6.20292      
962     72.743        6.20865      
963     24.991        6.21401      
964     34.8396       6.21827      
965     8.87167       6.23392      
966     44.4815       6.23886      
967     52.902        6.24816      
968     8.76097       6.26988      
969     4.85936       6.27809      
