0       10.454        0.0335493    
1       15.254        0.0407159    
2       0.962949      0.0412436    
3       2.80261       0.0416358    
4       11.0744       0.0427154    
5       13.0938       0.0438355    
6       15.1636       0.0465757    
7       12.7394       0.0498455    
8       4.70167       0.0709027    
9       14.4457       0.0726185    
10      14.4473       0.0749595    
11      20.8424       0.0751409    
12      2.02418       0.0812691    
13      16.3038       0.0820507    
14      11.9955       0.0871416    
15      4.63362       0.094903     
16      4.17538       0.0958016    
17      0.282724      0.0958349    
18      2.04999       0.0962256    
19      0.203848      0.100224     
20      3.05573       0.100232     
21      16.9614       0.104479     
22      30.3617       0.1084       
23      5.68223       0.114637     
24      0.40553       0.114705     
25      8.03709       0.118375     
26      8.24498       0.120097     
27      17.3901       0.128923     
28      6.51044       0.129535     
29      12.3366       0.137546     
30      1.52107       0.157817     
31      0.627206      0.159091     
32      16.7483       0.159381     
33      0.540982      0.159598     
34      28.1227       0.168961     
35      7.24714       0.169233     
36      25.1988       0.28722      
37      3.67946       0.292515     
38      17.4003       0.30403      
39      25.1523       0.321243     
40      13.3849       0.323119     
41      60.0283       0.323556     
42      10.0251       0.32725      
43      2.79431       0.332057     
44      8.95284       0.337589     
45      8.51935       0.339508     
46      6.31473       0.340987     
47      2.51066       0.342864     
48      32.8875       0.346268     
49      10.2233       0.347298     
50      17.0049       0.349693     
51      31.8446       0.350634     
52      4.71213       0.356848     
53      14.7664       0.366929     
54      14.8084       0.367534     
55      25.7228       0.368003     
56      40.6267       0.368193     
57      10.3573       0.372332     
58      10.4137       0.372699     
59      7.47403       0.383757     
60      12.4488       0.405714     
61      9.91824       0.414821     
62      5.79371       0.423147     
63      15.1269       0.425343     
64      1.5881        0.426479     
65      3.28381       0.426725     
66      16.4016       0.439668     
67      7.30098       0.449103     
68      3.07235       0.454188     
69      10.9949       0.454844     
70      18.8516       0.457026     
71      18.8646       0.457087     
72      8.97201       0.457138     
73      13.9961       0.457202     
74      6.54509       0.457577     
75      12.8387       0.468268     
76      19.6118       0.51213      
77      9.99704       0.518607     
78      5.55065       0.521232     
79      0.299823      0.521269     
80      10.1336       0.532586     
81      12.7876       0.533015     
82      8.6663        0.535754     
83      9.04483       0.537794     
84      3.44465       0.55447      
85      0.538525      0.556998     
86      0.412577      0.557811     
87      0.321412      0.558464     
88      145.045       0.558815     
89      0.33516       0.559492     
90      0.443247      0.5602       
91      5.06944       0.569736     
92      8.90657       0.570175     
93      35.8586       0.570289     
94      3.35661       0.594428     
95      11.3631       0.595399     
96      4.59875       0.596565     
97      4.79046       0.605275     
98      2.99506       0.607114     
99      14.248        0.607795     
100     4.27046       0.608764     
101     14.5024       0.609003     
102     11.7529       0.614168     
103     14.0178       0.635238     
104     34.1708       0.638041     
105     4.22231       0.641538     
106     9.84505       0.654255     
107     7.68539       0.654835     
108     3.36386       0.656354     
109     4.3671        0.667022     
110     3.74562       0.669163     
111     9.79568       0.669426     
112     2.88679       0.671075     
113     8.04659       0.674086     
114     6.52024       0.682205     
115     36.8989       0.682614     
116     24.8738       0.686373     
117     15.3394       0.690867     
118     12.0017       0.701235     
119     3.71429       0.704294     
120     8.49015       0.706915     
121     9.29267       0.7074       
122     3.90561       0.71034      
123     5.95513       0.714285     
124     18.371        0.717656     
125     3.21074       0.721552     
126     8.21846       0.723939     
127     7.26255       0.729512     
128     5.49091       0.730309     
129     18.6808       0.730601     
130     16.379        0.738982     
131     14.3355       0.745665     
132     6.68317       0.760292     
133     5.17265       0.768081     
134     14.6778       0.77749      
135     36.2412       0.782666     
136     97.4475       0.788078     
137     0.218973      0.788526     
138     37.5584       0.796609     
139     0.365498      0.797274     
140     5.85151       0.81488      
141     6.44779       0.820401     
142     18.1756       0.821804     
143     3.4028        0.824055     
144     10.7327       0.83321      
145     5.9373        0.839924     
146     17.8063       0.850308     
147     11.7829       0.85514      
148     38.8237       0.868029     
149     17.907        0.868422     
150     5.78187       0.879255     
151     21.0308       0.901343     
152     28.355        0.903194     
153     9.63042       0.914861     
154     35.9169       0.925121     
155     18.5996       0.925262     
156     121.003       0.9298       
157     13.7129       0.934432     
158     15.4824       0.936185     
159     16.439        0.936222     
160     13.435        0.937431     
161     28.8223       0.937831     
162     2.19684       0.943883     
163     3.05774       0.94571      
164     4.55223       0.949948     
165     8.02394       0.95072      
166     3.79196       0.954704     
167     2.35309       0.954839     
168     5.38361       0.959419     
169     4.29046       0.963305     
170     6.46785       0.965501     
171     6.60354       0.966306     
172     6.62092       0.97556      
173     14.5536       0.976105     
174     4.39563       0.984988     
175     2.6502        0.985174     
176     2.75872       0.98556      
177     17.3461       0.992594     
178     11.5999       1.00314      
179     20.5877       1.00359      
180     107.553       1.004        
181     1.84831       1.01105      
182     3.79489       1.01257      
183     20.1281       1.0206       
184     8.02103       1.02891      
185     3.30656       1.03272      
186     11.9471       1.03478      
187     4.08719       1.03549      
188     4.35795       1.04034      
189     5.74385       1.04428      
190     3.9776        1.04681      
191     23.0515       1.04938      
192     7.58983       1.05094      
193     5.22456       1.05467      
194     74.8066       1.0596       
195     9.56428       1.06167      
196     1.77431       1.06379      
197     6.52523       1.06825      
198     13.0546       1.07582      
199     11.1939       1.08172      
200     10.3136       1.08307      
201     4.83685       1.09083      
202     12.0696       1.09806      
203     27.3776       1.10478      
204     11.1049       1.10633      
205     4.5751        1.11645      
206     33.9647       1.12103      
207     23.2615       1.12212      
208     10.1928       1.12501      
209     10.2068       1.12564      
210     17.2078       1.12578      
211     0.922342      1.13229      
212     6.04342       1.13284      
213     35.8736       1.14392      
214     7.58574       1.15231      
215     0.458968      1.16812      
216     13.0647       1.16829      
217     3.31476       1.18566      
218     1.76931       1.1892       
219     6.69792       1.19147      
220     26.0963       1.19182      
221     11.8004       1.19788      
222     4.84128       1.20366      
223     14.5763       1.21761      
224     23.4728       1.22156      
225     0.814267      1.22865      
226     0.785622      1.23003      
227     7.50594       1.23415      
228     6.35719       1.23869      
229     292.62        1.24992      
230     13.2539       1.25164      
231     97.1665       1.25407      
232     141.508       1.25819      
233     30.9386       1.26157      
234     20.4114       1.26236      
235     11.7481       1.27457      
236     10.7867       1.28703      
237     4.33106       1.29341      
238     11.4397       1.29343      
239     2.8513        1.29641      
240     10.3576       1.30069      
241     20.6837       1.30352      
242     10.2532       1.30681      
243     19.6516       1.32655      
244     10.9218       1.34127      
245     5.92686       1.34653      
246     8.43918       1.35668      
247     11.5087       1.3572       
248     32.9674       1.36594      
249     7.04567       1.36988      
250     3.05222       1.38467      
251     51.1369       1.3861       
252     80.9815       1.4038       
253     10.5206       1.40716      
254     4.33098       1.415        
255     14.256        1.44243      
256     26.0754       1.44371      
257     42.1849       1.44385      
258     27.4388       1.4451       
259     31.4632       1.44532      
260     14.7724       1.48471      
261     73.7336       1.50441      
262     1.63557       1.51822      
263     29.1963       1.52093      
264     19.2442       1.52177      
265     2.10191       1.52764      
266     3.16181       1.52864      
267     6.88768       1.53697      
268     2.33837       1.54394      
269     6.23913       1.54423      
270     8.87353       1.55995      
271     12.2415       1.56392      
272     20.9351       1.57436      
273     56.5753       1.57644      
274     3.50169       1.59697      
275     4.61853       1.59746      
276     14.9967       1.61218      
277     17.4875       1.63036      
278     81.4005       1.6366       
279     14.1556       1.64652      
280     3.68519       1.68036      
281     28.407        1.68597      
282     21.4818       1.6872       
283     31.2705       1.71087      
284     11.8742       1.71115      
285     8.3694        1.72444      
286     9.49037       1.73221      
287     7.60396       1.74529      
288     0.320051      1.74535      
289     22.4677       1.75018      
290     0.610428      1.7506       
291     11.9458       1.77281      
292     33.5164       1.77399      
293     13.3105       1.78904      
294     4.47446       1.78944      
295     0.736611      1.80023      
296     10.8887       1.80083      
297     3.12204       1.80115      
298     2.08785       1.80221      
299     9.33544       1.80223      
300     9.26618       1.80823      
301     1.79619       1.81949      
302     1.63954       1.81988      
303     10.3021       1.82068      
304     6.82426       1.82351      
305     4.17723       1.82522      
306     4.92031       1.8256       
307     4.06623       1.8256       
308     5.01917       1.8261       
309     3.2533        1.82674      
310     18.399        1.84833      
311     9.70697       1.86381      
312     19.4217       1.87549      
313     12.3051       1.8898       
314     12.2253       1.89039      
315     9.27003       1.89063      
316     88.7106       1.89291      
317     0.522429      1.90018      
318     13.5775       1.90143      
319     13.6474       1.90169      
320     12.867        1.90409      
321     3.43007       1.91291      
322     27.515        1.91786      
323     15.9484       1.92012      
324     13.2165       1.92273      
325     4.404         1.93708      
326     6.09433       1.94672      
327     25.6433       1.95592      
328     3.62042       1.96586      
329     103.395       1.97488      
330     44.8066       1.97711      
331     7.7343        1.98712      
332     9.53434       1.99645      
333     2.72673       2.00287      
334     671.273       2.00571      
335     5.25129       2.00926      
336     14.192        2.02391      
337     20.2062       2.02686      
338     71.6784       2.02982      
339     18.961        2.03354      
340     284.263       2.03919      
341     22.6907       2.04952      
342     14.1661       2.05358      
343     86.8195       2.05361      
344     22.8553       2.06799      
345     70.0465       2.07394      
346     11.4009       2.07573      
347     15.7162       2.09166      
348     22.7204       2.11503      
349     11.7806       2.12771      
350     15.439        2.14122      
351     4.7933        2.14892      
352     18.6379       2.15633      
353     7.94513       2.16453      
354     7.90645       2.16784      
355     0.268931      2.16789      
356     9.50546       2.17582      
357     1.25928       2.17708      
358     0.279076      2.17709      
359     7.59599       2.19182      
360     20.0665       2.19396      
361     16.9334       2.19403      
362     1.41259       2.20339      
363     1.4124        2.20342      
364     2.56217       2.20941      
365     35.8866       2.21521      
366     25.6616       2.21866      
367     2.84006       2.22096      
368     79.7374       2.23303      
369     12.6524       2.24022      
370     7.45132       2.2447       
371     10.1106       2.25698      
372     20.0977       2.2745       
373     6.77222       2.28399      
374     13.5145       2.29177      
375     12.5433       2.3007       
376     6.80231       2.3103       
377     1.58165       2.31054      
378     27.1073       2.31649      
379     7.41236       2.34553      
380     19.9106       2.35639      
381     58.0288       2.35772      
382     18.67         2.37429      
383     26.7678       2.3754       
384     2.27491       2.38955      
385     44.3253       2.39324      
386     15.21         2.39876      
387     1.45407       2.43676      
388     121.222       2.45489      
389     39.962        2.45793      
390     41.0245       2.46141      
391     59.1998       2.46242      
392     36.1324       2.46533      
393     56.4627       2.46823      
394     7.48547       2.49542      
395     462.587       2.5019       
396     27.8963       2.50912      
397     18.9573       2.51273      
398     466.017       2.53046      
399     41.0422       2.53455      
400     11.5954       2.53505      
401     0.470368      2.54633      
402     26.8639       2.56346      
403     25.7628       2.56547      
404     21.5864       2.56646      
405     62.6619       2.5674       
406     21.4827       2.56917      
407     1.00707       2.57385      
408     16.1687       2.59815      
409     32.8886       2.60172      
410     4.06481       2.62683      
411     8.67901       2.62783      
412     16.2635       2.63921      
413     16.6638       2.643        
414     8.21764       2.64548      
415     26.7465       2.64651      
416     24.853        2.64781      
417     4.90978       2.64876      
418     7.7119        2.65472      
419     9.55416       2.66123      
420     10.5375       2.66424      
421     25.3071       2.66678      
422     10.2904       2.67338      
423     5.17928       2.67735      
424     12.3498       2.68731      
425     20.4614       2.69112      
426     5.92936       2.70832      
427     11.736        2.71254      
428     17.1042       2.72244      
429     15.1413       2.73718      
430     25.6626       2.73938      
431     52.9687       2.74246      
432     4.96729       2.74308      
433     15.3998       2.75422      
434     20.9989       2.76261      
435     15.6214       2.77116      
436     3.69131       2.77904      
437     31.5508       2.79461      
438     20.4609       2.79943      
439     19.1674       2.81122      
440     7.63277       2.81383      
441     15.8219       2.83471      
442     20.4414       2.8351       
443     18.7245       2.85294      
444     32.7347       2.8544       
445     8.68146       2.87443      
446     16.097        2.88111      
447     8.36206       2.89271      
448     10.5291       2.90098      
449     8.84342       2.90928      
450     20.5255       2.92188      
451     62.9775       2.93306      
452     26.7151       2.94503      
453     126.149       2.95249      
454     2.15527       2.95554      
455     3.29131       2.95897      
456     13.7528       2.97211      
457     52.8968       2.97322      
458     27.9759       2.97471      
459     31.2939       2.97907      
460     23.6093       2.97953      
461     16.9418       2.98043      
462     35.6743       2.98261      
463     78.719        3.00294      
464     35.4805       3.00472      
465     19.7766       3.00779      
466     148.454       3.02611      
467     20.8257       3.02754      
468     11.0003       3.03047      
469     10.0271       3.05065      
470     39.8946       3.05244      
471     17.8862       3.06998      
472     7.33701       3.07318      
473     13.3886       3.07459      
474     14.6482       3.07819      
475     3.38151       3.08141      
476     9.6706        3.08715      
477     9.24799       3.0906       
478     11.6236       3.09155      
479     22.712        3.10677      
480     21.3941       3.12515      
481     23.4996       3.13469      
482     15.485        3.15321      
483     19.179        3.16508      
484     15.6823       3.1799       
485     12.9668       3.19992      
486     2.40289       3.21526      
487     15.0499       3.2265       
488     57.7273       3.23733      
489     90.1675       3.23746      
490     33.564        3.25022      
491     20.2342       3.2511       
492     33.218        3.25877      
493     20.4399       3.26687      
494     3.91223       3.27797      
495     13.8016       3.28249      
496     9.0205        3.28967      
497     34.2051       3.30191      
498     16.4113       3.31625      
499     2.48034       3.32324      
500     7.38631       3.32759      
501     436.04        3.33741      
502     13.6881       3.33791      
503     25.694        3.36266      
504     16.744        3.36419      
505     42.7355       3.36914      
506     174.511       3.37168      
507     96.6346       3.37646      
508     94.029        3.38001      
509     27.8871       3.38078      
510     24.653        3.39981      
511     11.0344       3.41344      
512     21.4526       3.42893      
513     12.698        3.45312      
514     31.7337       3.46969      
515     40.4974       3.47242      
516     18.4341       3.47598      
517     84.2873       3.47819      
518     16.5411       3.47869      
519     61.0022       3.4805       
520     2.20686       3.49057      
521     1.6012        3.49138      
522     12.1977       3.50191      
523     2.17505       3.50616      
524     20.3265       3.50625      
525     8.97243       3.51018      
526     16.8948       3.51914      
527     5.13046       3.52194      
528     8.56216       3.52247      
529     4.20032       3.52577      
530     20.6046       3.53588      
531     14.0155       3.53747      
532     5.60595       3.55245      
533     21.0941       3.56567      
534     23.8151       3.57168      
535     13.9702       3.57858      
536     26.9214       3.59366      
537     26.063        3.59821      
538     21.6801       3.59918      
539     11.1271       3.61944      
540     14.5206       3.63588      
541     34.1366       3.64057      
542     34.0251       3.64285      
543     27.2151       3.65141      
544     5.40521       3.65821      
545     2.73843       3.66871      
546     3.9701        3.67066      
547     7.7737        3.67291      
548     8.79331       3.67463      
549     19.2637       3.6807       
550     11.3897       3.6982       
551     15.2896       3.70424      
552     12.2586       3.71707      
553     2.49706       3.72855      
554     28.6933       3.73814      
555     49.2158       3.73891      
556     29.865        3.74761      
557     15.3464       3.76437      
558     31.351        3.76775      
559     3.6886        3.78633      
560     20.0647       3.78757      
561     134.877       3.80495      
562     22.2573       3.80755      
563     16.2021       3.80985      
564     11.6649       3.81879      
565     17.0223       3.82253      
566     6.19374       3.82833      
567     13.986        3.83576      
568     14.3673       3.84217      
569     19.1362       3.85606      
570     29.2345       3.87183      
571     6.86121       3.8851       
572     120.561       3.89144      
573     65.1852       3.89724      
574     33.3924       3.89799      
575     165.547       3.89946      
576     13.5403       3.91285      
577     19.29         3.91296      
578     16.3667       3.91395      
579     7.90255       3.94371      
580     56.4991       3.94495      
581     46.1728       3.94592      
582     23.0053       3.96379      
583     39.6386       3.96607      
584     47.2414       3.97046      
585     5.11373       3.99081      
586     13.8738       3.99914      
587     5.81281       4.0119       
588     44.434        4.02401      
589     14.6042       4.03077      
590     33.0945       4.03737      
591     15.8879       4.04176      
592     50.2508       4.04368      
593     3.04629       4.04983      
594     4.39944       4.05282      
595     15.3779       4.05967      
596     8.45247       4.07379      
597     7.68076       4.07565      
598     2.82401       4.07576      
599     2.77783       4.07633      
600     5.13958       4.07654      
601     9.40196       4.0792       
602     4.55508       4.08948      
603     7.39414       4.09364      
604     37.1668       4.10231      
605     144.639       4.10923      
606     22.3571       4.11879      
607     28.2688       4.12562      
608     23.4248       4.13898      
609     99.6274       4.14143      
610     5.52204       4.15957      
611     1.32818       4.16792      
612     4.59947       4.17014      
613     6.66889       4.17154      
614     7.64135       4.17255      
615     4.30152       4.1726       
616     41.6023       4.17862      
617     104.099       4.19113      
618     18.0231       4.19568      
619     3.99474       4.20041      
620     221.724       4.20527      
621     8.14058       4.20789      
622     8.144         4.21498      
623     15.2742       4.22974      
624     272.35        4.23038      
625     57.6428       4.23343      
626     30.0141       4.24384      
627     178.326       4.2556       
628     13.2899       4.25947      
629     57.5275       4.25951      
630     23.2079       4.26769      
631     42.5775       4.26826      
632     24.9633       4.27043      
633     5.8526        4.28616      
634     1.35226       4.29571      
635     42.0385       4.30172      
636     42.2926       4.30583      
637     24.4292       4.30594      
638     17.6767       4.31074      
639     24.4819       4.3112       
640     12.2056       4.31136      
641     23.4897       4.31156      
642     13.1565       4.31342      
643     24.0222       4.33015      
644     10.3599       4.3498       
645     17.5929       4.35219      
646     27.563        4.35474      
647     44.8356       4.35639      
648     9.06777       4.35662      
649     20.9824       4.36356      
650     13.5291       4.38604      
651     10.3827       4.38636      
652     34.0132       4.39514      
653     8.03916       4.40849      
654     11.6186       4.41458      
655     34.3974       4.42545      
656     12.72         4.44708      
657     7.41683       4.44983      
658     13.3106       4.45007      
659     8.2939        4.45021      
660     12.5432       4.45262      
661     11.7006       4.47207      
662     10.0949       4.4746       
663     14.1256       4.47553      
664     14.5212       4.48222      
665     13.3309       4.50612      
666     27.7641       4.51507      
667     52.0161       4.51715      
668     20.251        4.51763      
669     9.66715       4.52395      
670     13.9323       4.53712      
671     22.125        4.53971      
672     47.3413       4.54198      
673     21.5021       4.54484      
674     51.1585       4.55824      
675     41.5862       4.58303      
676     2.49773       4.58313      
677     28.8423       4.58324      
678     15.0728       4.58971      
679     12.1569       4.60608      
680     8.68655       4.61713      
681     8.34593       4.62218      
682     8.47232       4.62405      
683     12.7577       4.62757      
684     30.3931       4.62811      
685     2.97865       4.63257      
686     8.52222       4.67897      
687     12.3027       4.681        
688     5.25842       4.68114      
689     8.963         4.68158      
690     14.0104       4.68258      
691     16.7589       4.68345      
692     2.11259       4.685        
693     0.897027      4.69219      
694     2.70652       4.69221      
695     8.10513       4.69229      
696     32.4619       4.69326      
697     0.409032      4.69371      
698     0.769782      4.69453      
699     1.02784       4.69525      
700     11.6941       4.70516      
701     0.591558      4.7054       
702     6.25702       4.7072       
703     22.7947       4.75613      
704     3.84973       4.77256      
705     5.59748       4.77346      
706     2.57663       4.77422      
707     0.31193       4.77424      
708     32.9328       4.79305      
709     44.7582       4.79702      
710     36.749        4.79973      
711     0.947654      4.79999      
712     5.01742       4.80447      
713     2.80598       4.80735      
714     34.071        4.81614      
715     23.4379       4.82234      
716     10.6069       4.84021      
717     2.83166       4.84054      
718     15.5844       4.84523      
719     11.787        4.84871      
720     17.6118       4.8488       
721     2.66553       4.85784      
722     4.29206       4.85784      
723     21.0713       4.86335      
724     29.1057       4.87718      
725     29.1103       4.87726      
726     23.7799       4.8786       
727     11.3821       4.89668      
728     16.1372       4.90947      
729     11.8272       4.9113       
730     2.25639       4.91371      
731     51.4291       4.92322      
732     56.6592       4.92463      
733     6.65453       4.92696      
734     10.18         4.92704      
735     88.8992       4.94622      
736     23.4147       4.94763      
737     14.7244       4.96123      
738     43.0012       4.97266      
739     3.4651        4.97357      
740     19.2166       4.9863       
741     16.8039       4.98675      
742     11.8313       5.01704      
743     23.4624       5.03299      
744     1.52412       5.03527      
745     0.238932      5.03528      
746     2.0109        5.03967      
747     0.304653      5.03968      
748     15.8719       5.04928      
749     0.329708      5.04936      
750     8.04757       5.06137      
751     2.36951       5.06648      
752     15.3418       5.06984      
753     54.4154       5.07078      
754     9.97114       5.07093      
755     86.8197       5.07502      
756     0.627714      5.07829      
757     0.741309      5.07917      
758     3.07295       5.08462      
759     6.64092       5.14043      
760     4.44256       5.14046      
761     12.5514       5.1701       
762     4.44931       5.17103      
763     12.3676       5.17177      
764     4.58293       5.18817      
765     14.3581       5.18976      
766     16.1647       5.19379      
767     0.602698      5.19412      
768     21.1949       5.20211      
769     23.3754       5.22706      
770     20.6387       5.23261      
771     15.1292       5.23528      
772     6.72233       5.23786      
773     1.63133       5.23809      
774     11.0112       5.23913      
775     4.80409       5.24005      
776     3.31572       5.24104      
777     5.76797       5.2449       
778     5.49465       5.25021      
779     15.2791       5.25518      
780     4.44612       5.25605      
781     3.71787       5.26124      
782     0.336618      5.26126      
783     0.771602      5.27322      
784     16.6542       5.27443      
785     13.3277       5.27486      
786     4.59691       5.27603      
787     2.20223       5.27947      
788     1.8738        5.28057      
789     17.2168       5.28145      
790     2.9405        5.28158      
791     15.16         5.28215      
792     3.56103       5.28973      
793     22.4676       5.29113      
794     0.73473       5.30373      
795     49.2383       5.30454      
796     4.80691       5.31055      
797     27.2509       5.38295      
798     6.42498       5.4069       
799     4.61368       5.40785      
800     0.331182      5.40789      
801     3.97369       5.40987      
802     4.14666       5.41044      
803     3.87546       5.41599      
804     8.8207        5.41648      
805     7.38042       5.41719      
806     1.27497       5.41721      
807     3.33844       5.42414      
808     0.483784      5.42551      
809     5.03693       5.42561      
810     0.446458      5.4257       
811     2.99172       5.42633      
812     3.05884       5.42641      
813     8.81164       5.43005      
814     7.92426       5.44911      
815     4.71668       5.45374      
816     21.7153       5.45531      
817     9.05574       5.45591      
818     15.7977       5.49293      
819     4.88733       5.5163       
820     7.41386       5.51888      
821     7.4454        5.51908      
822     2.47293       5.53267      
823     0.373442      5.53268      
824     15.3238       5.54086      
825     6.6671        5.54523      
826     41.9453       5.54934      
827     7.89718       5.55408      
828     2.78014       5.55887      
829     11.6879       5.57957      
830     38.9298       5.58386      
831     0.43004       5.58731      
832     0.412317      5.58769      
833     0.392427      5.58802      
834     0.331753      5.5887       
835     0.275761      5.58914      
836     93.3849       5.59024      
837     20.7547       5.59155      
838     14.147        5.5929       
839     12.3903       5.59639      
840     0.8968        5.59931      
841     0.959969      5.59997      
842     2.8009        5.60681      
843     1.0834        5.61399      
844     1.03391       5.61591      
845     3.82355       5.61598      
846     0.849159      5.61764      
847     7.39458       5.61949      
848     0.644085      5.62149      
849     56.147        5.62683      
850     4.43649       5.62702      
851     16.7863       5.62877      
852     96.7448       5.62979      
853     29.2587       5.63194      
854     44.0522       5.63342      
855     8.57309       5.63479      
856     6.16547       5.63588      
857     13.7367       5.64072      
858     1.16528       5.6419       
859     3.88651       5.64494      
860     4.71045       5.65107      
861     5.48206       5.65786      
862     0.133503      5.65787      
863     8.55905       5.66053      
864     2.98101       5.6648       
865     5.20356       5.66689      
866     3.23174       5.66701      
867     3.64667       5.66948      
868     7.47961       5.67479      
869     16.5921       5.67574      
870     3.40852       5.67746      
871     0.383458      5.67752      
872     16.3363       5.68645      
873     18.4183       5.68972      
874     10.146        5.69156      
875     46.4482       5.69598      
876     44.1444       5.69656      
877     6.04222       5.69874      
878     3.3148        5.70171      
879     4.30852       5.70426      
880     4.42852       5.70642      
881     2.19244       5.70832      
882     1.8723        5.71023      
883     0.342913      5.71026      
884     0.860945      5.7104       
885     2.98612       5.71115      
886     17.2185       5.71923      
887     8.51661       5.72041      
888     20.8341       5.7221       
889     0.873868      5.72368      
890     4.51963       5.72578      
891     6.30861       5.72639      
892     3.92496       5.72779      
893     8.9519        5.72833      
894     11.1091       5.75997      
895     12.7037       5.76434      
896     2.22768       5.76833      
897     2.11021       5.76954      
898     3.48226       5.77126      
899     40.3575       5.77222      
900     2.14617       5.77298      
901     0.77984       5.77389      
902     0.819223      5.77876      
903     23.6156       5.78012      
904     11.6584       5.78511      
905     0.588538      5.79781      
906     10.0992       5.79802      
907     0.388971      5.79812      
908     6.12394       5.79954      
909     13.7411       5.81222      
910     6.97274       5.8172       
911     12.1012       5.81803      
912     4.1719        5.81955      
913     3.25014       5.83774      
914     2.62647       5.83897      
915     23.4069       5.83966      
916     0.313944      5.83986      
917     3.21813       5.84039      
918     17.5581       5.86293      
919     8.27838       5.86745      
920     4.78153       5.86765      
921     5.13512       5.89413      
922     29.7931       5.89581      
923     1.70206       5.89754      
924     1.74119       5.8978       
925     3.42233       5.90784      
926     0.227248      5.90895      
927     34.3678       5.9091       
928     4.32589       5.91004      
929     4.05867       5.91214      
930     3.52887       5.91468      
931     4.94656       5.915        
932     0.721019      5.91756      
933     0.612146      5.91797      
934     4.64345       5.91906      
935     40.7122       5.91929      
936     0.484295      5.92007      
937     0.644992      5.92061      
938     1.86551       5.92124      
939     0.750676      5.92158      
940     5.2781        5.92337      
941     6.14882       5.92732      
942     4.91762       5.93476      
943     4.61618       5.93806      
944     10.188        5.94293      
945     0.340575      5.94455      
946     14.3216       5.94471      
947     4.2436        5.94556      
948     2.36178       5.94894      
949     0.312287      5.94895      
950     3.59385       5.96679      
951     5.42253       5.96683      
952     5.25351       5.97451      
953     15.2954       5.97536      
954     5.85851       5.97813      
955     4.41745       5.9793       
956     1.6152        5.98369      
957     4.50007       5.98374      
958     3.53476       5.98411      
959     4.02516       5.98793      
960     1.8687        5.98827      
961     5.93407       5.98872      
962     36.4007       6.03305      
963     5.72857       6.03502      
964     18.3581       6.03538      
965     0.712581      6.04653      
966     8.47707       6.04677      
967     3.1073        6.0477       
968     3.23499       6.05292      
969     4.91039       6.05378      
970     0.395338      6.05382      
971     9.63118       6.05893      
972     4.39319       6.07936      
973     0.934016      6.08031      
974     0.786256      6.08081      
975     2.82227       6.08154      
976     5.09143       6.08162      
977     19.1933       6.08334      
978     19.0355       6.08358      
979     0.549697      6.08476      
980     0.645486      6.0851       
981     6.94453       6.08726      
982     6.87337       6.08737      
983     6.38728       6.08788      
984     0.497117      6.08842      
985     1.68298       6.08917      
986     11.5068       6.08918      
987     1.34766       6.08991      
988     3.58892       6.09094      
989     0.426778      6.09101      
990     2.65412       6.0928       
991     12.6963       6.10006      
992     0.725535      6.10027      
993     5.85523       6.10867      
994     4.00362       6.10907      
995     6.53326       6.12509      
996     2.9273        6.12514      
997     0.642142      6.12806      
998     10.4362       6.12827      
999     0.647604      6.12847      
1000    2.22329       6.13175      
1001    2.32342       6.13287      
1002    5.71164       6.13295      
1003    8.16893       6.13391      
1004    3.52501       6.13415      
1005    0.849708      6.13481      
1006    1.73008       6.13534      
1007    5.98735       6.13596      
1008    0.402936      6.14613      
1009    7.23121       6.14617      
1010    0.729037      6.14632      
1011    1.36708       6.18175      
1012    0.790703      6.18262      
1013    0.512173      6.18295      
1014    0.383834      6.18313      
1015    28.9365       6.18335      
1016    0.425328      6.18354      
1017    0.654649      6.1839       
1018    0.929557      6.18442      
1019    6.4959        6.18727      
1020    5.14307       6.18817      
1021    1.44251       6.18834      
1022    6.4162        6.19257      
1023    2.84908       6.19273      
1024    5.07552       6.19715      
1025    0.440391      6.19718      
1026    7.11798       6.20519      
1027    5.07112       6.20609      
1028    0.230592      6.20611      
1029    3.57004       6.22381      
1030    7.64383       6.22421      
1031    0.305897      6.22428      
1032    7.61413       6.22789      
1033    5.80475       6.22794      
1034    3.37728       6.23312      
1035    0.471057      6.23313      
1036    4.51644       6.23752      
1037    4.52883       6.23757      
1038    7.54523       6.25019      
1039    5.25518       6.25056      
1040    3.46637       6.26013      
1041    4.64017       6.26072      
1042    2.5642        6.26083      
1043    4.77091       6.26096      
1044    4.99458       6.26548      
1045    0.50488       6.2655       
1046    1.90335       6.26989      
1047    0.263462      6.2699       
1048    7.68766       6.27111      
1049    8.63634       6.27319      
1050    0.357688      6.2787       
1051    6.52141       6.27874      
1052    0.34916       6.27879      
