0       0.514082      0.00630621   
1       12.4297       0.00646729   
2       0.692407      0.00677549   
3       5.9134        0.0243852    
4       0.619371      0.0245152    
5       2.61115       0.0295289    
6       0.612953      0.0302588    
7       8.30095       0.0306719    
8       0.722176      0.0311098    
9       4.34826       0.0334401    
10      0.932932      0.0368285    
11      0.383708      0.0373546    
12      9.2333        0.0374671    
13      0.785966      0.0378771    
14      2.74046       0.0482609    
15      2.30594       0.0492729    
16      5.13882       0.0494847    
17      7.30965       0.0623329    
18      6.17152       0.0661338    
19      9.83033       0.068484     
20      10.6435       0.0696927    
21      4.10414       0.0704117    
22      8.23471       0.0732841    
23      3.17909       0.073459     
24      3.95464       0.0755264    
25      11.0808       0.0849013    
26      2.83715       0.0915989    
27      2.25781       0.0928804    
28      3.67933       0.0930456    
29      6.56963       0.112155     
30      3.56422       0.112538     
31      8.96229       0.11347      
32      4.94806       0.13058      
33      6.15007       0.131115     
34      13.2796       0.142387     
35      4.30339       0.144048     
36      31.5482       0.1472       
37      24.4468       0.150408     
38      6.81938       0.156732     
39      11.4993       0.172746     
40      3.48794       0.206615     
41      4.5041        0.206725     
42      14.3366       0.220373     
43      13.2045       0.221553     
44      12.0827       0.222309     
45      16.2717       0.222828     
46      6.29525       0.226663     
47      5.98625       0.241099     
48      1.893         0.244132     
49      0.727894      0.245459     
50      5.58625       0.247534     
51      57.1352       0.249383     
52      0.248491      0.249882     
53      5.7382        0.251442     
54      15.8254       0.263527     
55      7.32819       0.263876     
56      11.9279       0.268335     
57      14.3326       0.27041      
58      10.6508       0.276871     
59      3.21152       0.297334     
60      0.477405      0.297409     
61      39.4457       0.321664     
62      4.74049       0.324379     
63      3.14752       0.32456      
64      68.4641       0.324819     
65      20.5116       0.340918     
66      15.3843       0.343453     
67      3.02159       0.349174     
68      2.42865       0.35309      
69      3.4843        0.356187     
70      3.70852       0.359574     
71      5.13119       0.364716     
72      10.7761       0.377648     
73      5.96158       0.388084     
74      6.84751       0.392192     
75      1.88118       0.392567     
76      13.2895       0.392752     
77      8.48721       0.395587     
78      3.31846       0.409252     
79      4.87244       0.410577     
80      5.14455       0.412486     
81      6.0489        0.42458      
82      14.3348       0.425574     
83      8.03183       0.426588     
84      2.34763       0.435775     
85      38.7452       0.442112     
86      12.5699       0.442878     
87      2.57081       0.449587     
88      7.46142       0.458283     
89      13.7413       0.479315     
90      26.4559       0.480694     
91      9.21123       0.498074     
92      8.06032       0.506689     
93      3.64431       0.518372     
94      4.52427       0.521384     
95      11.3771       0.52186      
96      6.31707       0.540712     
97      14.6845       0.542495     
98      13.907        0.549949     
99      9.30893       0.555186     
100     1.04536       0.592312     
101     0.381941      0.592346     
102     21.6093       0.597933     
103     13.7769       0.598328     
104     12.5959       0.602521     
105     74.8423       0.610743     
106     50.7998       0.611266     
107     0.547574      0.618628     
108     85.0274       0.633751     
109     25.5804       0.635501     
110     24.3913       0.636087     
111     12.5419       0.637219     
112     41.1357       0.660558     
113     15.2303       0.660862     
114     9.94846       0.685207     
115     10.1409       0.695401     
116     13.3682       0.700034     
117     8.38673       0.736652     
118     19.3674       0.750721     
119     12.4638       0.758626     
120     13.071        0.768025     
121     5.68128       0.787087     
122     4.1272        0.787266     
123     8.18181       0.795878     
124     6.08575       0.796042     
125     3.84432       0.800893     
126     5.31532       0.805401     
127     2.09539       0.811859     
128     10.8396       0.816816     
129     15.6039       0.818612     
130     10.2094       0.819682     
131     12.1631       0.845058     
132     28.2587       0.847148     
133     60.5645       0.848432     
134     53.6504       0.851112     
135     30.8431       0.851155     
136     3.50559       0.856907     
137     3.39621       0.865685     
138     4.21258       0.876334     
139     7.24373       0.881706     
140     11.9496       0.882278     
141     4.33949       0.887776     
142     4.02666       0.894387     
143     4.01162       0.895011     
144     0.766199      0.8993       
145     8.45432       0.899835     
146     0.768966      0.900398     
147     3.62031       0.902642     
148     2.19254       0.905265     
149     3.71323       0.906854     
150     4.89323       0.913635     
151     4.89227       0.913694     
152     8.27673       0.922113     
153     17.9801       0.924735     
154     3.34986       0.929877     
155     13.9574       0.934731     
156     5.8841        0.936174     
157     3.65103       0.944579     
158     27.3689       0.945608     
159     4.58642       0.948524     
160     5.88364       0.954344     
161     12.9423       0.968622     
162     6.51615       0.983098     
163     8.62333       0.994946     
164     7.42899       0.99994      
165     2.16918       1.00603      
166     4.12241       1.00936      
167     3.07152       1.01205      
168     4.66529       1.016        
169     10.1823       1.01656      
170     25.8963       1.02582      
171     71.1577       1.02762      
172     13.9709       1.03307      
173     0.775539      1.03643      
174     0.867082      1.03748      
175     7.94262       1.04367      
176     23.5098       1.05347      
177     3.81769       1.07205      
178     34.5549       1.11295      
179     14.8799       1.11341      
180     11.4064       1.13535      
181     7.64099       1.13634      
182     8.74097       1.16126      
183     4.3637        1.18252      
184     16.0346       1.19593      
185     14.8528       1.19796      
186     0.734227      1.20722      
187     0.712225      1.20879      
188     15.4795       1.21753      
189     5.44798       1.21812      
190     14.2824       1.23735      
191     226.098       1.2378       
192     41.9648       1.24579      
193     384.371       1.26591      
194     6.97328       1.28048      
195     10.5264       1.28227      
196     0.671166      1.29267      
197     10.8089       1.30932      
198     27.0982       1.30964      
199     11.895        1.31084      
200     8.23545       1.32817      
201     16.1203       1.33019      
202     3.63011       1.35212      
203     15.3894       1.35495      
204     24.8283       1.35622      
205     10.1545       1.36459      
206     10.1863       1.3663       
207     5.6153        1.37637      
208     10.0901       1.38894      
209     33.8242       1.42358      
210     6.62507       1.46201      
211     10.0799       1.46487      
212     7.87559       1.48006      
213     12.5691       1.48981      
214     2.75617       1.50187      
215     2.77891       1.50687      
216     6.8097        1.51929      
217     11.0969       1.54442      
218     7.39676       1.54474      
219     8.57295       1.54528      
220     9.25314       1.55504      
221     44.4756       1.55513      
222     50.6196       1.58923      
223     10.0791       1.59494      
224     14.4757       1.59608      
225     10.3435       1.61004      
226     8.29272       1.61138      
227     8.81934       1.62472      
228     5.25677       1.63549      
229     0.65823       1.63985      
230     12.5314       1.64757      
231     0.381449      1.65422      
232     0.336732      1.65605      
233     403.512       1.66256      
234     21.2696       1.66766      
235     1.06087       1.67851      
236     21.5028       1.69304      
237     45.4445       1.69972      
238     187.433       1.70787      
239     69.4938       1.71711      
240     17.2521       1.72073      
241     15.7552       1.72952      
242     0.90564       1.73747      
243     0.907504      1.73758      
244     18.2715       1.74505      
245     4.7037        1.7677       
246     30.289        1.76835      
247     20.9411       1.77545      
248     6.71921       1.80173      
249     2.93277       1.83988      
250     7.52377       1.84005      
251     15.547        1.85658      
252     15.5447       1.85677      
253     16.3638       1.86813      
254     9.42775       1.87242      
255     10.8165       1.88887      
256     13.0984       1.90198      
257     2.18497       1.90226      
258     12.6774       1.92485      
259     5.00956       1.93424      
260     11.9808       1.94185      
261     6.64062       1.9431       
262     15.7583       1.96006      
263     6.41737       1.98175      
264     90.1174       1.99423      
265     17.101        2.01737      
266     25.4614       2.0248       
267     22.0749       2.02838      
268     31.7993       2.02936      
269     10.8572       2.04873      
270     32.7966       2.07064      
271     22.4526       2.08077      
272     45.3154       2.08202      
273     5.875         2.08398      
274     9.93455       2.09372      
275     6.86865       2.10091      
276     4.89804       2.10175      
277     3.71114       2.10234      
278     8.1521        2.11509      
279     4.80055       2.11565      
280     5.46283       2.11696      
281     6.83408       2.11732      
282     24.0927       2.13461      
283     15.6165       2.13598      
284     14.7717       2.15387      
285     6.49082       2.15392      
286     29.0348       2.15866      
287     9.92813       2.15965      
288     9.79907       2.18409      
289     14.0924       2.18863      
290     0.290852      2.19682      
291     15.3711       2.19701      
292     21.4729       2.21434      
293     15.1639       2.2162       
294     11.0079       2.23883      
295     7.42844       2.24916      
296     260.923       2.26091      
297     20.7527       2.26099      
298     126.77        2.27551      
299     14.8399       2.28423      
300     15.3278       2.30248      
301     4.07841       2.31008      
302     50.013        2.31235      
303     11.6897       2.32579      
304     12.9006       2.33988      
305     23.2975       2.36187      
306     23.4254       2.37383      
307     13.6136       2.38963      
308     2.34201       2.42586      
309     36.4341       2.43362      
310     13.1639       2.43475      
311     12.8421       2.43824      
312     2.97278       2.43992      
313     10.8792       2.44616      
314     1.78666       2.44714      
315     14.9728       2.48238      
316     9.63766       2.51882      
317     21.5424       2.52028      
318     4.73082       2.52288      
319     7.63816       2.52621      
320     7.52566       2.53988      
321     10.9213       2.55098      
322     10.2773       2.56786      
323     20.745        2.58875      
324     4.80397       2.62202      
325     31.126        2.62391      
326     44.0919       2.62686      
327     37.3115       2.62918      
328     16.0692       2.63016      
329     12.0191       2.66934      
330     2.46667       2.6985       
331     12.3786       2.70545      
332     17.1954       2.70584      
333     15.5501       2.70748      
334     13.9355       2.7078       
335     13.9264       2.70864      
336     35.2057       2.7316       
337     40.7731       2.73243      
338     10.0364       2.73365      
339     12.7641       2.73888      
340     10.6796       2.7394       
341     6.91847       2.7533       
342     5.6426        2.7539       
343     3.92566       2.75589      
344     6.91297       2.76576      
345     2.41344       2.76688      
346     8.36899       2.77624      
347     6.36391       2.78601      
348     54.9824       2.79406      
349     4.81568       2.79529      
350     50.6939       2.81395      
351     21.8864       2.81603      
352     19.4988       2.82093      
353     10.9883       2.85247      
354     16.3291       2.86332      
355     15.4959       2.86665      
356     6.42026       2.89285      
357     2.11771       2.90086      
358     15.3939       2.90491      
359     14.7969       2.90678      
360     359.138       2.93124      
361     33.0843       2.93245      
362     8.78635       2.93714      
363     20.4282       2.93857      
364     9.74569       2.95763      
365     32.5991       2.96095      
366     6.95669       2.98742      
367     4.3411        3.00786      
368     34.1174       3.01149      
369     6.19382       3.02616      
370     198.077       3.03572      
371     19.2814       3.04438      
372     36.9853       3.05116      
373     7.87081       3.06308      
374     1.61263       3.07626      
375     20.445        3.10311      
376     22.7999       3.10347      
377     1.86464       3.12411      
378     12.7918       3.1277       
379     12.2552       3.15072      
380     61.9902       3.15133      
381     99.2252       3.15711      
382     147.388       3.15973      
383     104.343       3.15974      
384     13.7435       3.16718      
385     117.082       3.18172      
386     29.0149       3.22975      
387     21.0052       3.2334       
388     7.52636       3.26145      
389     13.5439       3.2971       
390     36.9168       3.29904      
391     141.116       3.30521      
392     92.2542       3.30766      
393     197.475       3.31523      
394     166.884       3.31905      
395     10.4816       3.32993      
396     195.742       3.33597      
397     17.499        3.35947      
398     5.00959       3.3645       
399     2.07072       3.37493      
400     4.29342       3.38168      
401     1.84938       3.38265      
402     9.68281       3.39296      
403     181.725       3.40268      
404     16.2555       3.41102      
405     8.0255        3.41116      
406     6.06849       3.42985      
407     10.356        3.44518      
408     26.0517       3.46249      
409     98.1928       3.46536      
410     7.72576       3.46587      
411     7.09854       3.47485      
412     5.49481       3.49625      
413     6.15953       3.49727      
414     3.81365       3.5114       
415     13.159        3.51156      
416     2.47982       3.51221      
417     2.59048       3.51685      
418     35.7945       3.53627      
419     7.11763       3.54045      
420     4.90455       3.5559       
421     6.20772       3.56489      
422     6.22932       3.57544      
423     47.3952       3.57981      
424     19.396        3.59261      
425     17.5927       3.61155      
426     60.5827       3.61459      
427     7.53312       3.62612      
428     3.27028       3.63674      
429     34.9669       3.66959      
430     17.322        3.67589      
431     3.2118        3.69857      
432     21.1997       3.72819      
433     69.2417       3.72967      
434     129.685       3.73058      
435     13.8194       3.75729      
436     22.4424       3.78689      
437     56.2573       3.79555      
438     16.1451       3.80723      
439     2.2619        3.80797      
440     3.49057       3.80946      
441     5.8178        3.81086      
442     2.9108        3.81262      
443     4.95916       3.81438      
444     47.0612       3.82657      
445     12.1811       3.83601      
446     13.2258       3.86069      
447     8.75799       3.87382      
448     6.28251       3.88996      
449     9.3241        3.89843      
450     11.7179       3.89948      
451     5.77889       3.90018      
452     2.11219       3.90266      
453     13.3883       3.90306      
454     15.963        3.9214       
455     20.9538       3.92778      
456     13.049        3.94955      
457     21.3722       3.9509       
458     12.3819       3.99888      
459     16.9724       4.01494      
460     14.8256       4.04076      
461     2.19783       4.06809      
462     1.22283       4.07079      
463     9.25206       4.07084      
464     6.0134        4.07335      
465     25.5863       4.07551      
466     0.397696      4.07608      
467     14.8486       4.08048      
468     3.18077       4.08382      
469     2.81939       4.10553      
470     25.7921       4.10803      
471     41.3235       4.11152      
472     14.1931       4.11708      
473     15.0162       4.11815      
474     4.91444       4.12401      
475     2.49689       4.12784      
476     10.3677       4.15028      
477     10.3125       4.15437      
478     9.34119       4.15514      
479     22.5284       4.15545      
480     8.52442       4.16819      
481     18.6625       4.19631      
482     6.77177       4.20604      
483     0.517179      4.2157       
484     23.0646       4.21654      
485     12.3985       4.21861      
486     18.997        4.23445      
487     0.885014      4.27169      
488     17.5479       4.27238      
489     14.6813       4.29517      
490     10.9939       4.30889      
491     9.88148       4.309        
492     26.8168       4.33216      
493     45.8738       4.33805      
494     15.7339       4.34588      
495     7.00237       4.35307      
496     2.76734       4.35779      
497     6.78455       4.36679      
498     7.84717       4.37221      
499     7.93971       4.37306      
500     8.13281       4.40803      
501     2.10564       4.42352      
502     40.1878       4.42817      
503     12.1855       4.43596      
504     49.2442       4.43933      
505     4.39618       4.44859      
506     7.24543       4.45454      
507     4.92601       4.46315      
508     21.2191       4.46365      
509     25.9554       4.47044      
510     11.4219       4.47643      
511     72.864        4.48883      
512     0.246028      4.50801      
513     28.9283       4.50824      
514     2.98522       4.51033      
515     1.79945       4.5299       
516     36.8003       4.53642      
517     27.2438       4.53966      
518     16.5917       4.54395      
519     25.2224       4.54521      
520     6.53401       4.56996      
521     0.661859      4.57302      
522     11.0016       4.57351      
523     16.9977       4.58566      
524     7.52014       4.6171       
525     2.10113       4.61951      
526     3.45241       4.61999      
527     35.6694       4.64812      
528     30.5752       4.64969      
529     5.42128       4.65002      
530     1.11753       4.69077      
531     9.12168       4.69086      
532     22.4449       4.69673      
533     24.5601       4.69947      
534     55.8386       4.70445      
535     8.62777       4.73224      
536     5.38518       4.75022      
537     17.7086       4.75542      
538     3.52236       4.7562       
539     5.28552       4.76139      
540     8.89256       4.76348      
541     1.59952       4.76595      
542     4.71677       4.7661       
543     17.981        4.7844       
544     10.6714       4.81155      
545     2.66669       4.82256      
546     12.5326       4.82993      
547     21.7012       4.83966      
548     30.8914       4.84229      
549     25.7606       4.84231      
550     11.5895       4.85363      
551     43.8799       4.857        
552     1.34687       4.85778      
553     9.67084       4.86945      
554     21.3935       4.86952      
555     19.3803       4.8714       
556     18.5813       4.88549      
557     6.30736       4.90573      
558     10.5874       4.91451      
559     7.86172       4.91602      
560     7.28838       4.92086      
561     8.20144       4.95845      
562     15.2537       4.96864      
563     22.7181       4.97064      
564     48.0232       4.98388      
565     25.2062       4.98533      
566     16.3699       4.98745      
567     12.865        4.98968      
568     15.6768       5.01031      
569     25.3757       5.01142      
570     2.11482       5.01677      
571     16.8632       5.02791      
572     14.8791       5.07111      
573     10.0397       5.07997      
574     71.6714       5.09487      
575     14.6737       5.10013      
576     8.35208       5.10166      
577     7.90954       5.10649      
578     13.1558       5.10746      
579     11.8951       5.10819      
580     11.9012       5.1089       
581     3.2534        5.11372      
582     35.9788       5.13987      
583     4.39767       5.17951      
584     15.8923       5.18015      
585     12.3773       5.18619      
586     4.91637       5.23991      
587     36.6313       5.24178      
588     7.81646       5.2477       
589     20.3546       5.26499      
590     18.5416       5.29325      
591     53.072        5.29983      
592     0.250187      5.30016      
593     11.3158       5.30579      
594     11.1441       5.33518      
595     23.4141       5.33692      
596     37.2448       5.33854      
597     9.48268       5.34036      
598     0.483184      5.35249      
599     11.3131       5.35282      
600     1.70817       5.35343      
601     4.61273       5.35654      
602     5.40021       5.35773      
603     1.61202       5.35821      
604     3.02797       5.38498      
605     4.03793       5.38573      
606     10.3464       5.38667      
607     0.704073      5.38727      
608     2.80904       5.39271      
609     8.29006       5.39334      
610     0.558421      5.39374      
611     2.71769       5.39467      
612     4.7246        5.39873      
613     7.85757       5.39979      
614     7.93541       5.40144      
615     1.72945       5.40213      
616     40.7689       5.42932      
617     27.4037       5.43809      
618     4.40387       5.49916      
619     18.4835       5.50106      
620     0.380007      5.50108      
621     7.32072       5.51972      
622     1.56167       5.52134      
623     0.366863      5.52138      
624     18.2914       5.5274       
625     17.9228       5.56314      
626     0.554072      5.56332      
627     0.29285       5.56848      
628     6.57069       5.56853      
629     4.47616       5.58625      
630     0.880369      5.58737      
631     16.3859       5.58929      
632     4.15015       5.58958      
633     4.67988       5.59305      
634     2.30296       5.60081      
635     7.22967       5.60121      
636     1.89274       5.60171      
637     0.908319      5.60217      
638     18.701        5.62896      
639     3.06408       5.66195      
640     0.429815      5.66199      
641     20.8749       5.67204      
642     17.2029       5.69973      
643     9.00529       5.70154      
644     0.479773      5.70221      
645     12.8431       5.70432      
646     1.21295       5.70473      
647     1.90654       5.70645      
648     6.51749       5.70715      
649     3.32354       5.70833      
650     2.0583        5.71942      
651     11.9763       5.72296      
652     11.1116       5.72401      
653     17.985        5.72548      
654     4.30689       5.72948      
655     6.70308       5.73896      
656     3.75202       5.73919      
657     4.69269       5.75971      
658     24.442        5.77956      
659     12.9096       5.78334      
660     22.402        5.79596      
661     5.07275       5.79677      
662     30.3894       5.79785      
663     36.8947       5.80369      
664     49.2325       5.80536      
665     16.786        5.81125      
666     16.5804       5.81446      
667     5.03878       5.81543      
668     5.89293       5.82848      
669     2.82724       5.83275      
670     2.12275       5.83576      
671     0.29352       5.83579      
672     9.14083       5.84185      
673     24.8333       5.84273      
674     0.667693      5.84437      
675     2.87871       5.84992      
676     19.6256       5.85828      
677     1.44921       5.86429      
678     21.9349       5.86577      
679     6.4925        5.86713      
680     5.65486       5.87256      
681     4.16763       5.87692      
682     2.60546       5.88365      
683     8.01718       5.8905       
684     5.27233       5.8948       
685     2.28805       5.89505      
686     0.829347      5.9001       
687     2.35403       5.90013      
688     4.5426        5.90033      
689     70.9869       5.90124      
690     0.462114      5.90277      
691     0.629369      5.90396      
692     0.788447      5.9062       
693     1.29392       5.91008      
694     12.4614       5.91102      
695     5.70757       5.91878      
696     6.86717       5.91997      
697     24.1928       5.92142      
698     0.589583      5.92269      
699     5.03437       5.93423      
700     10.8051       5.93639      
701     1.89711       5.94179      
702     19.5332       5.94291      
703     3.22234       5.9522       
704     14.0587       5.95298      
705     0.444212      5.95332      
706     3.39316       5.96126      
707     3.51727       5.96314      
708     17.6175       5.96543      
709     3.30728       6.0163       
710     3.26628       6.01639      
711     10.826        6.01914      
712     3.33857       6.01917      
713     3.00911       6.0219       
714     2.77202       6.02363      
715     6.71126       6.02523      
716     6.96932       6.02594      
717     3.00177       6.02856      
718     0.646091      6.04147      
719     6.92393       6.04167      
720     0.657017      6.04186      
721     3.43954       6.04754      
722     4.07466       6.04786      
723     0.271539      6.04793      
724     14.0766       6.08845      
725     9.93047       6.0893       
726     7.91247       6.09043      
727     2.87357       6.09103      
728     4.64617       6.09237      
729     2.29479       6.09512      
730     2.08843       6.09749      
731     2.55991       6.09777      
732     1.80638       6.098        
733     2.31795       6.09852      
734     2.77489       6.10002      
735     15.0297       6.11072      
736     2.72057       6.14951      
737     0.665259      6.15018      
738     12.4162       6.15101      
739     0.0923088     6.15102      
740     3.25927       6.15167      
741     0.717574      6.15237      
742     1.35498       6.15307      
743     2.68357       6.1533       
744     8.8159        6.15916      
745     5.00753       6.18184      
746     1.79848       6.1849       
747     2.06992       6.18654      
748     9.89667       6.18676      
749     2.42696       6.18871      
750     10.1234       6.18951      
751     2.29556       6.19067      
752     13.0066       6.19131      
753     9.27778       6.19304      
754     13.7567       6.19714      
755     0.341856      6.19731      
756     4.44902       6.20819      
757     13.1594       6.2118       
758     0.472634      6.21199      
759     5.53465       6.21859      
760     5.61573       6.21989      
761     8.31026       6.23258      
762     5.67347       6.23474      
763     1.13284       6.24047      
764     3.15522       6.24269      
765     14.2876       6.24315      
766     10.0693       6.24346      
767     1.14382       6.24429      
768     1.97469       6.24547      
769     3.25062       6.26533      
770     0.472734      6.26537      
771     7.64605       6.27125      
772     0.59329       6.27135      
773     0.548087      6.27707      
774     5.56721       6.27726      
775     0.436805      6.27746      
776     2.93229       6.27795      
