46           39          
46           57          
46           38          
46           59          
46           131         
46           68          
46           35          
46           40          
46           136         
46           32          
4            1           
4            11          
4            35          
4            24          
4            16          
4            7           
4            111         
4            2           
4            12          
105          104         
105          106         
105          112         
150          147         
150          27          
143          142         
41           43          
41           39          
41           42          
41           33          
41           38          
41           36          
41           40          
41           37          
42           43          
42           44          
42           39          
42           59          
42           125         
42           38          
42           36          
42           45          
42           37          
42           40          
5            6           
57           70          
57           35          
57           58          
57           55          
57           56          
57           61          
57           75          
57           59          
57           67          
57           68          
57           53          
57           62          
57           54          
57           27          
92           87          
92           93          
92           95          
121          129         
121          125         
121          124         
121          123         
121          128         
121          117         
121          40          
71           70          
119          87          
119          120         
119          106         
119          112         
113          112         
60           59          
90           97          
90           87          
90           91          
0            1           
0            17          
0            145         
0            111         
0            2           
0            135         
53           70          
53           55          
53           29          
53           64          
53           59          
53           51          
53           67          
53           52          
53           15          
53           62          
53           54          
22           24          
22           18          
22           59          
22           23          
22           20          
22           21          
94           87          
94           93          
94           99          
94           95          
63           67          
63           70          
63           61          
63           66          
63           62          
45           40          
45           35          
45           59          
103          104         
103          102         
103          112         
103          106         
12           1           
12           25          
12           11          
12           24          
12           13          
12           16          
12           6           
12           23          
12           7           
12           35          
12           2           
12           87          
110          109         
144          7           
144          145         
79           87          
79           80          
79           67          
104          101         
104          108         
104          107         
104          112         
104          102         
104          135         
104          106         
70           69          
70           75          
70           84          
70           58          
70           72          
70           55          
70           34          
70           66          
70           51          
70           67          
70           68          
70           59          
70           74          
70           73          
70           62          
134          135         
134          145         
14           1           
14           15          
145          1           
145          142         
145          152         
145          141         
145          135         
81           80          
10           11          
24           84          
24           35          
24           27          
24           16          
24           6           
24           23          
24           20          
24           21          
147          11          
147          149         
147          146         
147          106         
147          148         
147          140         
147          125         
147          120         
147          29          
147          112         
147          123         
147          158         
147          129         
147          128         
147          31          
147          124         
147          40          
147          136         
147          27          
141          140         
76           77          
76           59          
114          112         
16           13          
16           29          
16           23          
16           2           
38           36          
38           30          
38           84          
38           39          
38           31          
38           34          
38           33          
38           59          
38           75          
38           131         
38           51          
38           35          
38           47          
38           40          
38           37          
38           32          
51           59          
51           54          
51           50          
115          112         
20           21          
31           25          
31           33          
31           9           
31           29          
31           32          
31           65          
87           1           
87           97          
87           6           
87           89          
87           85          
87           93          
87           65          
87           84          
87           99          
87           86          
87           95          
87           78          
87           35          
87           77          
87           83          
87           88          
87           80          
87           96          
87           27          
9            2           
9            8           
9            30          
9            7           
93           97          
93           95          
37           43          
37           44          
37           39          
37           33          
37           36          
37           35          
37           40          
73           84          
98           97          
109          106         
109          108         
109          107         
109          112         
109          111         
11           13          
11           112         
11           18          
11           27          
11           29          
11           35          
11           2           
17           18          
99           97          
99           100         
99           95          
148          112         
55           54          
125          129         
125          127         
125          39          
125          118         
125          126         
125          123         
125          128         
125          124         
125          117         
125          40          
125          116         
120          136         
120          27          
29           13          
29           30          
29           27          
29           28          
56           67          
34           35          
95           84          
95           89          
95           97          
95           85          
95           100         
78           80          
78           35          
36           43          
36           18          
36           33          
36           35          
36           40          
67           35          
67           58          
67           61          
67           59          
67           66          
67           62          
67           68          
67           54          
67           65          
35           43          
35           1           
35           33          
35           111         
35           39          
35           40          
35           59          
35           32          
2            1           
2            3           
2            6           
2            111         
2            7           
48           47          
40           43          
40           44          
40           30          
40           39          
40           61          
40           123         
40           32          
40           27          
40           50          
19           18          
19           21          
83           82          
83           80          
83           84          
50           49          
50           59          
130          129         
130          131         
75           74          
75           59          
69           59          
58           61          
58           59          
58           27          
118          117         
128          129         
128          106         
128          124         
128          112         
128          123         
128          131         
128          136         
80           84          
80           82          
80           85          
64           65          
137          136         
59           61          
59           68          
59           54          
59           62          
59           49          
59           27          
158          1           
122          124         
122          135         
122          123         
66           68          
66           62          
62           61          
151          153         
96           97          
135          1           
135          112         
135          136         
135          129         
49           54          
49           47          
136          129         
136          131         
136          32          
136          138         
136          124         
27           13          
27           44          
27           25          
27           18          
27           54          
27           28          
27           26          
32           39          
32           33          
1            7           
142          140         
30           33          
30           7           
108          106         
108          112         
139          140         
112          129         
112          123         
112          133         
112          102         
112          116         
112          106         
112          101         
112          124         
112          111         
112          107         
18           13          
18           21          
123          129         
123          131         
123          124         
6            156         
6            7           
133          131         
133          7           
131          129         
131          132         
131          124         
102          106         
102          101         
102          111         
7            8           
116          106         
155          156         
154          153         
21           23          
106          129         
106          101         
106          124         
106          107         
124          129         
156          157         
156          153         
85           84          
68           54          
68           74          
153          152         
74           84          
129          132         
