0       0.638277      0.0          
1       4.31036       0.00137542   
2       0.738894      0.0372839    
3       0.518161      0.0375737    
4       0.208191      0.0379893    
5       14.2168       0.0379997    
6       2.63977       0.0389069    
7       3.60001       0.0414541    
8       1.63963       0.0438061    
9       2.74312       0.0446511    
10      7.94194       0.0448242    
11      3.49666       0.0473021    
12      4.02319       0.0506542    
13      0.485175      0.0507713    
14      6.80872       0.0528319    
15      13.5617       0.0621531    
16      10.7749       0.0775557    
17      0.446178      0.0777223    
18      12.055        0.0824854    
19      0.737634      0.115604     
20      18.3222       0.117495     
21      1.66833       0.11756      
22      12.5432       0.118513     
23      13.8343       0.119929     
24      2.8396        0.121814     
25      7.58662       0.122559     
26      5.11877       0.133101     
27      11.9188       0.140525     
28      14.4654       0.141381     
29      9.00368       0.146855     
30      4.34441       0.174869     
31      13.6675       0.177379     
32      3.2558        0.177808     
33      3.14974       0.179574     
34      2.45637       0.181757     
35      0.445392      0.181824     
36      6.1938        0.185088     
37      3.92398       0.187798     
38      2.73682       0.193697     
39      22.8238       0.193956     
40      8.85472       0.198236     
41      3.91029       0.249644     
42      19.3612       0.249846     
43      7.35639       0.258378     
44      5.83627       0.258708     
45      2.37767       0.264543     
46      6.31074       0.264916     
47      0.542474      0.265168     
48      3.55557       0.269716     
49      4.7482        0.270062     
50      2.22381       0.27079      
51      2.75329       0.310607     
52      0.406899      0.310636     
53      17.1343       0.319202     
54      6.22384       0.334557     
55      3.00406       0.335272     
56      0.807319      0.338093     
57      9.63271       0.339067     
58      1.69203       0.339601     
59      4.23782       0.344332     
60      6.69511       0.345717     
61      0.232026      0.345799     
62      2.95778       0.347311     
63      3.31315       0.351723     
64      4.17391       0.352459     
65      0.216916      0.352576     
66      0.463039      0.355015     
67      0.441059      0.355749     
68      68.5012       0.356015     
69      0.503411      0.356767     
70      0.739505      0.358324     
71      0.869908      0.359007     
72      4.56112       0.375763     
73      1.86009       0.377542     
74      3.44468       0.377925     
75      7.91328       0.388464     
76      4.73584       0.388592     
77      6.02973       0.405846     
78      3.19711       0.406807     
79      2.86186       0.409841     
80      8.78045       0.409905     
81      1.763         0.410703     
82      0.434447      0.429233     
83      13.859        0.429574     
84      4.1947        0.431968     
85      46.141        0.441087     
86      21.8604       0.456507     
87      6.93482       0.460519     
88      10.2927       0.486569     
89      12.5436       0.518182     
90      6.62973       0.519433     
91      6.49937       0.53665      
92      34.6014       0.542066     
93      21.8701       0.543018     
94      13.7854       0.546497     
95      5.11669       0.556404     
96      24.2049       0.557597     
97      9.15471       0.564741     
98      10.2755       0.567023     
99      6.24125       0.571513     
100     0.494432      0.580377     
101     38.2129       0.581408     
102     22.6417       0.588511     
103     15.1496       0.593047     
104     1.65844       0.595447     
105     12.3558       0.603081     
106     4.93556       0.603466     
107     13.7314       0.612005     
108     7.57121       0.624926     
109     3.69609       0.626488     
110     7.19692       0.632661     
111     14.4056       0.642107     
112     3.22274       0.647284     
113     20.4672       0.649029     
114     1.69971       0.649506     
115     4.13027       0.651263     
116     3.29565       0.655251     
117     8.75958       0.655869     
118     6.97812       0.671587     
119     5.849         0.672805     
120     11.7194       0.683403     
121     2.16264       0.69117      
122     2.13615       0.69133      
123     8.46861       0.694506     
124     0.875455      0.709536     
125     17.7061       0.710763     
126     2.14571       0.71112      
127     7.77119       0.713057     
128     2.34622       0.741972     
129     0.37805       0.742001     
130     1.52604       0.747662     
131     0.31532       0.747691     
132     2.37877       0.749628     
133     2.19896       0.751167     
134     32.0293       0.753046     
135     0.249083      0.753192     
136     20.3431       0.759109     
137     8.59508       0.760854     
138     10.5753       0.792588     
139     3.49836       0.792842     
140     1.21056       0.807083     
141     1.80807       0.80865      
142     6.15827       0.808741     
143     4.34223       0.809029     
144     4.34199       0.809047     
145     2.80078       0.809548     
146     4.36458       0.812091     
147     0.561392      0.812355     
148     7.06621       0.813756     
149     12.5134       0.821001     
150     9.36859       0.82365      
151     4.9704        0.838624     
152     2.50749       0.84313      
153     3.35222       0.843238     
154     6.56384       0.847095     
155     3.48844       0.848293     
156     26.8097       0.852858     
157     16.1937       0.854107     
158     4.21634       0.861807     
159     1.79175       0.868438     
160     15.1657       0.870626     
161     9.81493       0.875124     
162     48.2812       0.882182     
163     0.324393      0.882298     
164     15.0688       0.897415     
165     11.1515       0.925935     
166     12.1253       0.929103     
167     30.7562       0.951866     
168     26.7627       0.951937     
169     9.17615       0.956066     
170     9.29897       0.97526      
171     10.8416       0.980871     
172     1.2696        0.981124     
173     7.24207       0.982175     
174     14.8059       0.983373     
175     35.499        0.991328     
176     3.4521        0.994298     
177     7.85512       0.995629     
178     12.9966       1.00474      
179     6.85801       1.01699      
180     12.7766       1.02374      
181     13.9594       1.02629      
182     26.7421       1.0472       
183     38.6778       1.05202      
184     18.7409       1.0547       
185     27.1908       1.06058      
186     3.28946       1.07044      
187     19.3386       1.089        
188     22.5897       1.08967      
189     19.6033       1.09327      
190     7.16634       1.15855      
191     3.81456       1.15912      
192     16.7681       1.16096      
193     0.295292      1.16109      
194     18.9241       1.17649      
195     1.29347       1.20184      
196     26.6974       1.20388      
197     0.767849      1.20449      
198     8.18045       1.245        
199     8.03326       1.24592      
200     12.6654       1.2465       
201     9.10814       1.24784      
202     10.2753       1.24838      
203     13.0701       1.25826      
204     8.30653       1.26007      
205     10.1067       1.27222      
206     10.2222       1.33547      
207     14.3136       1.35067      
208     25.0949       1.35804      
209     22.0854       1.35906      
210     12.7957       1.36105      
211     40.6663       1.36182      
212     14.7941       1.36451      
213     0.360271      1.38083      
214     4.49733       1.38089      
215     3.64531       1.38311      
216     23.0032       1.40599      
217     12.6073       1.41262      
218     9.6658        1.43381      
219     9.37864       1.45554      
220     14.4211       1.46718      
221     9.71905       1.47003      
222     18.4545       1.48543      
223     12.6702       1.48621      
224     7.0932        1.49046      
225     9.97768       1.49114      
226     7.05876       1.50033      
227     16.0899       1.50049      
228     8.00856       1.5086       
229     15.2562       1.52211      
230     49.3202       1.53272      
231     6.83129       1.53561      
232     38.2778       1.53796      
233     22.52         1.53899      
234     22.5574       1.54077      
235     37.3341       1.54512      
236     14.8813       1.548        
237     8.01572       1.57293      
238     4.53737       1.57691      
239     7.90036       1.5782       
240     23.3123       1.59998      
241     30.318        1.61269      
242     19.7005       1.61447      
243     19.6515       1.61621      
244     13.526        1.62822      
245     2.53099       1.62846      
246     11.0425       1.62983      
247     3.88543       1.65862      
248     9.62209       1.66428      
249     9.00203       1.66642      
250     35.9108       1.68925      
251     5.57179       1.70151      
252     8.68956       1.7139       
253     4.26442       1.71615      
254     3.99626       1.71874      
255     8.76509       1.72008      
256     6.16194       1.72234      
257     16.6972       1.72561      
258     17.1352       1.74678      
259     20.2301       1.74682      
260     15.8903       1.76454      
261     42.3532       1.77167      
262     228.72        1.77479      
263     83.5173       1.80004      
264     22.9978       1.80195      
265     115.211       1.81039      
266     149.572       1.81941      
267     122.664       1.82132      
268     118.434       1.82625      
269     32.2292       1.83038      
270     43.1288       1.84377      
271     0.463131      1.84755      
272     8.86036       1.86584      
273     3.80724       1.87472      
274     11.7876       1.89019      
275     13.7849       1.89456      
276     9.28901       1.91721      
277     11.2835       1.92815      
278     22.7986       1.98551      
279     125.181       1.99751      
280     10.8127       1.99857      
281     39.4621       2.00091      
282     58.8939       2.00112      
283     23.6828       2.00405      
284     51.2298       2.00886      
285     42.328        2.02         
286     20.0727       2.02179      
287     21.6032       2.04983      
288     5.88046       2.0631       
289     11.3235       2.074        
290     10.3591       2.09247      
291     7.20668       2.10572      
292     2.40845       2.10573      
293     5.13234       2.10651      
294     6.47043       2.10672      
295     5.8155        2.10685      
296     3.29858       2.10906      
297     8.40466       2.11853      
298     39.0896       2.13136      
299     9.10995       2.1412       
300     16.1688       2.15007      
301     13.1406       2.16648      
302     18.8412       2.17872      
303     13.8763       2.19059      
304     11.2895       2.22197      
305     18.8854       2.22397      
306     11.2554       2.22597      
307     98.9667       2.22609      
308     12.9136       2.22616      
309     25.371        2.23154      
310     7.52065       2.25199      
311     30.4656       2.28164      
312     26.6532       2.2898       
313     19.1373       2.29817      
314     29.5176       2.29856      
315     21.8629       2.2991       
316     10.8596       2.30574      
317     2.22411       2.31222      
318     17.14         2.33464      
319     26.4193       2.35692      
320     20.1752       2.36022      
321     15.1292       2.36028      
322     12.0276       2.39355      
323     2.30373       2.40063      
324     8.93585       2.40306      
325     3.49733       2.40447      
326     6.68609       2.40477      
327     3.01867       2.40849      
328     2.32985       2.40957      
329     13.8364       2.41693      
330     8.32321       2.44847      
331     20.8883       2.46782      
332     25.9676       2.47005      
333     29.5019       2.47197      
334     6.22745       2.4988       
335     10.2573       2.50133      
336     11.9417       2.50167      
337     11.2381       2.51101      
338     9.94177       2.52079      
339     9.57781       2.53184      
340     19.4263       2.53593      
341     29.2883       2.56632      
342     42.1871       2.56697      
343     22.9542       2.57034      
344     19.4532       2.61713      
345     17.2977       2.6241       
346     10.4452       2.63896      
347     16.887        2.65013      
348     8.44371       2.65354      
349     16.5216       2.66689      
350     2.13422       2.67742      
351     16.7569       2.68098      
352     11.1392       2.68844      
353     11.1792       2.69169      
354     12.9061       2.69321      
355     5.96266       2.71229      
356     8.63559       2.72354      
357     20.2003       2.72525      
358     21.4932       2.74632      
359     8.95527       2.76911      
360     22.3958       2.79312      
361     49.8829       2.7966       
362     47.6996       2.80621      
363     153.347       2.82719      
364     10.2879       2.83076      
365     14.1597       2.85412      
366     17.0749       2.85601      
367     9.90871       2.86748      
368     21.6558       2.88212      
369     8.14385       2.88537      
370     396.019       2.89141      
371     12.0729       2.89932      
372     19.5775       2.91432      
373     19.2599       2.94232      
374     27.7942       2.97943      
375     31.1801       2.98203      
376     105.395       2.98457      
377     0.346231      3.01635      
378     11.066        3.01684      
379     10.521        3.02193      
380     91.7369       3.02537      
381     16.1093       3.05709      
382     25.7805       3.05779      
383     12.6643       3.05815      
384     25.7746       3.06195      
385     19.5999       3.08472      
386     1.26773       3.09485      
387     93.3692       3.09945      
388     7.33897       3.10056      
389     53.1873       3.11751      
390     6.62009       3.12557      
391     62.0091       3.12577      
392     57.6786       3.13887      
393     12.4009       3.14028      
394     2.05317       3.15096      
395     29.242        3.16667      
396     14.9294       3.16859      
397     12.7705       3.16915      
398     1.83901       3.17807      
399     62.3746       3.20782      
400     13.3648       3.21315      
401     20.1169       3.24678      
402     18.75         3.25215      
403     7.74837       3.25926      
404     5.9904        3.27003      
405     13.1112       3.27301      
406     17.4676       3.28293      
407     14.8538       3.28778      
408     6.28973       3.29003      
409     10.2286       3.30574      
410     8.7653        3.30643      
411     3.69726       3.31508      
412     8.88736       3.32203      
413     7.49339       3.32423      
414     12.5447       3.32686      
415     13.5666       3.35764      
416     3.04844       3.37029      
417     13.2277       3.38015      
418     13.3071       3.39484      
419     44.6504       3.3973       
420     19.9657       3.39987      
421     16.5442       3.4126       
422     2.24179       3.41676      
423     8.0861        3.44126      
424     8.08198       3.4414       
425     7.09319       3.44208      
426     12.8264       3.45173      
427     30.4407       3.48181      
428     339.775       3.51156      
429     23.9139       3.51181      
430     16.0632       3.51185      
431     38.9428       3.51534      
432     430.29        3.54164      
433     0.458465      3.56168      
434     35.9146       3.57928      
435     33.2843       3.59301      
436     16.4349       3.60418      
437     25.8208       3.6058       
438     10.4543       3.61116      
439     6.28821       3.65153      
440     7.25018       3.663        
441     99.1875       3.7076       
442     21.1691       3.70921      
443     28.1651       3.71059      
444     36.3191       3.7251       
445     27.5502       3.73297      
446     8.9321        3.75877      
447     12.118        3.76014      
448     51.6145       3.76017      
449     2.93374       3.78079      
450     15.1308       3.79923      
451     24.2423       3.81497      
452     37.8673       3.81605      
453     42.421        3.81827      
454     23.8153       3.82101      
455     1.99537       3.82677      
456     4.88104       3.86391      
457     11.0182       3.86574      
458     17.1573       3.87032      
459     13.1664       3.87051      
460     7.41734       3.89491      
461     8.30079       3.89679      
462     15.525        3.90983      
463     27.4383       3.91329      
464     3.78567       3.92072      
465     7.7408        3.95793      
466     18.6055       3.9586       
467     18.6053       3.95866      
468     0.357303      3.98192      
469     9.32688       3.98209      
470     2.54332       3.9825       
471     9.26654       3.99617      
472     2.24726       4.01649      
473     17.115        4.01802      
474     19.4004       4.02432      
475     15.2438       4.04102      
476     6.3796        4.05378      
477     9.19023       4.06705      
478     8.28625       4.06723      
479     16.762        4.06727      
480     23.4983       4.08336      
481     3.13637       4.09157      
482     12.7424       4.09266      
483     1.00086       4.09395      
484     7.07001       4.09444      
485     14.4315       4.10094      
486     24.3207       4.12401      
487     19.508        4.14161      
488     7.19311       4.15273      
489     2.1768        4.15392      
490     4.03226       4.16104      
491     5.16649       4.16169      
492     4.7946        4.16252      
493     1.26919       4.16277      
494     4.52771       4.16358      
495     9.78513       4.16515      
496     1.12232       4.17351      
497     0.77626       4.174        
498     0.568463      4.17428      
499     6.81376       4.17458      
500     0.685741      4.17495      
501     2.40793       4.17612      
502     7.80693       4.19201      
503     0.807949      4.1961       
504     8.40533       4.19677      
505     0.643408      4.19718      
506     2.24364       4.20122      
507     6.44997       4.20177      
508     11.0182       4.20433      
509     6.00527       4.20941      
510     4.8705        4.22175      
511     3.75957       4.23051      
512     5.67786       4.24585      
513     15.136        4.25197      
514     9.62897       4.25733      
515     21.0091       4.25833      
516     13.0534       4.25996      
517     16.9133       4.26924      
518     31.2366       4.27463      
519     9.9867        4.28337      
520     179.751       4.29114      
521     5.79755       4.30752      
522     65.1098       4.31212      
523     6.8465        4.32514      
524     4.50055       4.35022      
525     10.1163       4.35308      
526     50.6586       4.38198      
527     44.7513       4.38276      
528     65.041        4.38587      
529     23.2174       4.38828      
530     45.6977       4.41791      
531     18.3622       4.43349      
532     2.66907       4.45322      
533     8.4615        4.45525      
534     9.93564       4.46638      
535     7.46034       4.46693      
536     8.17607       4.4688       
537     6.62827       4.46964      
538     19.1042       4.47795      
539     5.19422       4.48202      
540     4.26777       4.4836       
541     1.8074        4.48562      
542     6.58805       4.48822      
543     5.25766       4.48838      
544     15.3524       4.48994      
545     1.84294       4.49423      
546     15.1671       4.5059       
547     0.286384      4.50609      
548     9.52018       4.51641      
549     20.7053       4.51953      
550     6.18659       4.52573      
551     12.0571       4.54331      
552     2.4645        4.54902      
553     0.337861      4.54908      
554     5.30805       4.55485      
555     10.3343       4.55965      
556     8.78768       4.56249      
557     5.84734       4.58024      
558     13.0397       4.59732      
559     0.522945      4.61443      
560     488.285       4.61545      
561     8.3401        4.64509      
562     14.5738       4.66548      
563     38.1082       4.66552      
564     19.2918       4.66572      
565     55.7122       4.66714      
566     7.86337       4.67862      
567     11.7792       4.68868      
568     11.6966       4.71744      
569     15.2948       4.72836      
570     16.6313       4.73115      
571     17.9391       4.73222      
572     15.4195       4.75427      
573     14.438        4.75711      
574     9.07448       4.80287      
575     10.4017       4.81452      
576     17.6921       4.84153      
577     11.071        4.87679      
578     12.8239       4.91464      
579     8.5813        4.92079      
580     5.26299       4.93688      
581     12.9237       4.93975      
582     11.8074       4.95512      
583     8.55694       4.96274      
584     6.29004       4.96558      
585     7.29071       4.96667      
586     93.3717       4.97364      
587     12.9309       4.98439      
588     9.50215       4.98493      
589     12.9626       4.98571      
590     13.2784       4.9927       
591     7.78414       4.99609      
592     3.65322       5.02138      
593     11.7158       5.0283       
594     25.7775       5.03862      
595     9.59386       5.04367      
596     1.79579       5.05583      
597     3.56319       5.06205      
598     0.687427      5.06651      
599     7.14461       5.07279      
600     242.997       5.08377      
601     16.9953       5.08913      
602     76.5459       5.09343      
603     82.1005       5.09531      
604     3.0598        5.10312      
605     10.1137       5.12224      
606     2.49671       5.13188      
607     6.68469       5.13248      
608     9.73856       5.13969      
609     8.56592       5.14016      
610     7.03153       5.14959      
611     31.524        5.15166      
612     5.64269       5.15916      
613     0.557993      5.1815       
614     48.4704       5.18356      
615     13.3003       5.18568      
616     2.18516       5.23789      
617     14.4232       5.2393       
618     1.92689       5.2394       
619     9.37655       5.24362      
620     8.60847       5.2889       
621     3.08414       5.28912      
622     18.942        5.30976      
623     4.37479       5.32633      
624     4.3756        5.32639      
625     7.43576       5.34702      
626     4.13469       5.34729      
627     10.5075       5.35796      
628     5.98861       5.36558      
629     13.3285       5.36673      
630     2.31648       5.37789      
631     7.64387       5.37841      
632     17.57         5.38901      
633     12.8027       5.4064       
634     17.9632       5.43072      
635     5.77869       5.44765      
636     16.578        5.46317      
637     108.204       5.47192      
638     31.0103       5.47379      
639     11.1967       5.47838      
640     32.1014       5.47861      
641     13.2501       5.48849      
642     1.72749       5.49472      
643     18.071        5.50581      
644     31.3173       5.50917      
645     12.3292       5.52805      
646     12.3032       5.52936      
647     5.8647        5.54247      
648     16.2503       5.56159      
649     0.639772      5.56211      
650     18.5878       5.57862      
651     16.4185       5.5813       
652     20.7691       5.5826       
653     16.9249       5.61036      
654     4.27294       5.61914      
655     6.02243       5.62248      
656     6.96295       5.62274      
657     2.34458       5.62301      
658     14.3283       5.62512      
659     13.048        5.63452      
660     3.17783       5.6479       
661     8.21726       5.64849      
662     2.94539       5.65942      
663     12.1617       5.66114      
664     1.74709       5.66932      
665     30.4351       5.67014      
666     88.9471       5.68902      
667     15.8249       5.69237      
668     4.83967       5.70706      
669     5.30261       5.72585      
670     14.5002       5.72927      
671     6.74447       5.7309       
672     2.19039       5.74793      
673     5.70852       5.7486       
674     2.05149       5.74874      
675     8.79053       5.76847      
676     6.5453        5.7823       
677     4.97185       5.78831      
678     27.4529       5.79291      
679     0.63853       5.80107      
680     19.3133       5.80247      
681     1.11476       5.80391      
682     1.27526       5.80534      
683     18.4764       5.80548      
684     4.48509       5.82128      
685     0.32888       5.8213       
686     8.197         5.82885      
687     9.78325       5.83836      
688     3.93433       5.84386      
689     5.54036       5.84417      
690     6.38386       5.8506       
691     10.2394       5.85172      
692     7.1573        5.8524       
693     3.46402       5.85687      
694     3.53855       5.86126      
695     4.51536       5.863        
696     11.7894       5.87333      
697     16.9415       5.88329      
698     19.6128       5.8905       
699     5.41647       5.90294      
700     6.30891       5.90542      
701     6.03474       5.92156      
702     7.48616       5.92378      
703     14.4333       5.92456      
704     3.82197       5.92634      
705     14.3339       5.93753      
706     12.465        5.93884      
707     6.61975       5.9462       
708     63.7387       5.97087      
709     9.83593       5.97676      
710     58.9203       5.97814      
711     91.9608       5.97854      
712     15.8165       5.97878      
713     10.8849       5.97913      
714     6.75031       5.9797       
715     15.8705       5.98491      
716     11.5283       5.9895       
717     15.0361       5.99181      
718     2.55582       6.00566      
719     4.71755       6.00785      
720     3.16358       6.00832      
721     6.68532       6.01836      
722     2.49006       6.03332      
723     2.44628       6.03537      
724     0.439454      6.03544      
725     21.6406       6.04166      
726     3.04712       6.04271      
727     5.51322       6.05086      
728     4.39721       6.05276      
729     30.806        6.05403      
730     8.27411       6.05933      
731     7.04827       6.07439      
732     20.2279       6.07587      
733     10.1888       6.07688      
734     8.14077       6.08297      
735     5.15016       6.0841       
736     7.54268       6.09708      
737     3.63416       6.12289      
738     11.1884       6.12314      
739     14.4169       6.14059      
740     4.15808       6.14827      
741     5.98413       6.15144      
742     2.23328       6.15184      
743     2.26089       6.15581      
744     6.60343       6.15858      
745     8.3992        6.15912      
746     6.60109       6.15951      
747     2.64924       6.16097      
748     7.68007       6.17002      
749     8.29101       6.18203      
750     15.1963       6.18646      
751     15.169        6.1875       
752     7.37262       6.1901       
753     5.51575       6.19708      
754     5.58178       6.19754      
755     11.1576       6.19941      
756     10.2042       6.20032      
757     3.95922       6.22322      
758     0.3475        6.22329      
759     1.04983       6.22353      
760     3.62871       6.22895      
761     3.63826       6.22907      
762     3.29368       6.23477      
763     1.64397       6.23506      
764     0.239689      6.23509      
765     0.32698       6.24424      
766     7.54013       6.24445      
767     4.084         6.24474      
768     2.63917       6.2465       
769     0.413014      6.24656      
770     7.72943       6.24983      
771     0.416386      6.25222      
772     2.67582       6.25228      
773     0.423249      6.25235      
774     5.19667       6.27073      
775     0.600179      6.27079      
776     4.4888        6.27617      
777     3.34616       6.27647      
778     0.230598      6.27653      
779     0.773655      6.28219      
780     11.9995       6.28269      
