0       11.1589       0.0163413    
1       26.9392       0.0204415    
2       34.5449       0.021398     
3       20.6762       0.0229131    
4       10.0161       0.0261563    
5       15.8388       0.0617079    
6       19.8203       0.0629183    
7       28.3606       0.0715357    
8       34.1394       0.075829     
9       36.6155       0.0812629    
10      7.17937       0.0839031    
11      0.559644      0.0913105    
12      24.0185       0.0996273    
13      26.8606       0.108426     
14      25.4716       0.121724     
15      482.556       0.122408     
16      507.876       0.136232     
17      57.3914       0.167313     
18      47.892        0.168372     
19      38.8668       0.168793     
20      28.1544       0.17374      
21      0.889652      0.192043     
22      13.3549       0.217148     
23      2.01781       0.223386     
24      9.32747       0.224107     
25      9.31703       0.227155     
26      0.552112      0.227505     
27      9.05757       0.239716     
28      22.0715       0.25574      
29      15.6842       0.272427     
30      11.7821       0.273822     
31      3.52585       0.280302     
32      9.95866       0.292155     
33      30.1853       0.294099     
34      21.0188       0.295316     
35      43.524        0.333682     
36      34.701        0.334858     
37      6.72559       0.345722     
38      2.00395       0.348139     
39      15.389        0.3563       
40      10.0274       0.372111     
41      2.42648       0.377707     
42      33.6334       0.379863     
43      21.9669       0.385868     
44      6.17039       0.387041     
45      21.0892       0.406698     
46      12.8407       0.406828     
47      8.19545       0.407495     
48      4.87822       0.421834     
49      11.6245       0.438415     
50      1.79591       0.444532     
51      30.4866       0.451187     
52      54.6168       0.456146     
53      125.087       0.460734     
54      79.9981       0.466687     
55      34.0526       0.472025     
56      51.1012       0.475335     
57      40.3034       0.480171     
58      1.81665       0.497384     
59      10.0252       0.497439     
60      11.5718       0.505519     
61      8.63121       0.50734      
62      9.58          0.507968     
63      7.85393       0.508867     
64      10.0976       0.511147     
65      23.9745       0.5326       
66      14.6024       0.546988     
67      12.8069       0.574982     
68      19.0318       0.586749     
69      4.15506       0.601296     
70      17.4986       0.602601     
71      1.20227       0.603246     
72      16.3833       0.618693     
73      24.1143       0.636131     
74      59.6325       0.636432     
75      76.5223       0.659119     
76      13.709        0.665329     
77      682.598       0.673247     
78      15.7426       0.685037     
79      3.68737       0.697876     
80      3.64076       0.699545     
81      11.652        0.707826     
82      84.9072       0.715853     
83      7.3861        0.717105     
84      265.257       0.725205     
85      13.7941       0.728157     
86      8.54743       0.739081     
87      12.2757       0.752712     
88      1.69865       0.765108     
89      7.38095       0.765151     
90      8.68304       0.772041     
91      11.6438       0.773881     
92      1.63008       0.784369     
93      34.4878       0.786794     
94      13.6928       0.790133     
95      7.22936       0.790811     
96      47.2824       0.793948     
97      20.4942       0.801726     
98      0.280997      0.801966     
99      17.6667       0.809697     
100     84.4828       0.819379     
101     22.099        0.83383      
102     0.166152      0.857002     
103     23.1413       0.85703      
104     23.4576       0.87118      
105     6.68548       0.880737     
106     23.6844       0.883258     
107     11.0735       0.902195     
108     29.3534       0.905984     
109     13.4551       0.907836     
110     6.0827        0.909519     
111     13.8225       0.918752     
112     5.00532       0.933336     
113     4.10975       0.938801     
114     6.8596        0.939083     
115     8.8109        0.940409     
116     2.43212       0.940859     
117     5.7205        0.943851     
118     18.3332       0.944328     
119     9.39031       0.94641      
120     1.09984       0.946505     
121     10.5979       0.954632     
122     27.103        0.955469     
123     13.4646       0.966695     
124     9.99493       0.969172     
125     10.733        0.973423     
126     6.48854       0.976793     
127     4.22963       0.978556     
128     22.4224       1.00064      
129     12.776        1.01374      
130     25.4139       1.01748      
131     0.953476      1.01889      
132     8.4652        1.03781      
133     24.942        1.04568      
134     5.0521        1.04599      
135     8.37438       1.06884      
136     16.4657       1.07718      
137     32.8946       1.07889      
138     18.7462       1.11058      
139     91.1492       1.11105      
140     13.978        1.12371      
141     17.6642       1.14794      
142     25.8239       1.14949      
143     17.51         1.1662       
144     22.2865       1.16978      
145     23.4795       1.16985      
146     26.0732       1.18861      
147     13.6074       1.22117      
148     2.51539       1.22152      
149     14.7146       1.23273      
150     3.98454       1.2351       
151     20.6363       1.23979      
152     48.2214       1.25102      
153     27.0283       1.25592      
154     4.31325       1.28126      
155     7.2522        1.28401      
156     12.2641       1.28409      
157     12.531        1.30015      
158     42.742        1.30342      
159     19.7722       1.32049      
160     24.3483       1.3392       
161     10.0529       1.33986      
162     11.0687       1.34034      
163     11.3785       1.34828      
164     19.0716       1.36418      
165     11.1527       1.3735       
166     9.18031       1.38263      
167     10.2903       1.39816      
168     11.2838       1.39952      
169     8.27685       1.39966      
170     4.35267       1.41534      
171     18.3814       1.4309       
172     9.86484       1.44908      
173     19.919        1.45507      
174     17.5455       1.45512      
175     15.0024       1.45667      
176     3.55828       1.46396      
177     2.6278        1.46823      
178     2.00541       1.46951      
179     0.936767      1.46971      
180     1.02211       1.46999      
181     8.26491       1.47049      
182     1.31344       1.47144      
183     1.45232       1.47888      
184     10.4461       1.48574      
185     98.7871       1.50103      
186     70.5057       1.50152      
187     37.4797       1.50202      
188     21.9571       1.50358      
189     130.806       1.50605      
190     88.7321       1.51573      
191     289.157       1.51801      
192     7.57528       1.5282       
193     0.667103      1.53426      
194     3.19339       1.53774      
195     6.61542       1.54548      
196     6.63222       1.55197      
197     2.9479        1.55754      
198     2.83615       1.5638       
199     1.53219       1.56864      
200     19.943        1.57111      
201     20.3789       1.57317      
202     11.9592       1.58042      
203     2.51145       1.58116      
204     18.4594       1.60646      
205     12.3028       1.62288      
206     6.54728       1.63306      
207     14.0904       1.63773      
208     22.3458       1.64241      
209     12.8678       1.65448      
210     4.55271       1.66846      
211     0.47417       1.66851      
212     8.8267        1.67333      
213     3.48806       1.70071      
214     20.0055       1.70143      
215     5.75747       1.70956      
216     0.481499      1.70968      
217     24.8419       1.72183      
218     0.133113      1.72481      
219     72.7441       1.72499      
220     17.1769       1.72782      
221     5.57414       1.74693      
222     4.75667       1.75324      
223     10.4128       1.75647      
224     3.87383       1.75809      
225     9.44693       1.75983      
226     4.13485       1.76067      
227     32.2198       1.77722      
228     1.90521       1.78182      
229     3.04878       1.78218      
230     13.0483       1.7879       
231     129.588       1.7896       
232     0.701522      1.79348      
233     5.48715       1.79357      
234     11.8348       1.79861      
235     17.9139       1.81061      
236     13.8337       1.81442      
237     32.9688       1.81813      
238     3.46223       1.83048      
239     23.2785       1.83685      
240     20.9393       1.83706      
241     20.3671       1.84712      
242     18.3195       1.85726      
243     26.78         1.86062      
244     30.4327       1.86077      
245     18.6269       1.87743      
246     32.3975       1.87962      
247     0.567296      1.88105      
248     39.4155       1.88702      
249     6.7407        1.89156      
250     9.16777       1.8998       
251     4.90783       1.90263      
252     7.78885       1.91025      
253     10.13         1.91059      
254     6.10685       1.913        
255     2.9492        1.91341      
256     1.70102       1.91408      
257     4.35688       1.91664      
258     8.5707        1.9245       
259     12.8449       1.93948      
260     6.29936       1.95385      
261     121.829       1.96248      
262     15.2611       1.97194      
263     16.5841       1.97607      
264     12.9581       1.97619      
265     2.22442       2.00622      
266     29.9685       2.00712      
267     25.536        2.01368      
268     2.18767       2.01428      
269     3.28944       2.04989      
270     3.2354        2.05005      
271     3.85441       2.05285      
272     13.0758       2.05309      
273     19.5095       2.06223      
274     7.27008       2.07636      
275     28.7625       2.07952      
276     8.87186       2.08129      
277     22.9362       2.11042      
278     12.8371       2.11976      
279     3.59157       2.1337       
280     10.7005       2.13398      
281     4.99516       2.16829      
282     33.3866       2.17068      
283     2.78486       2.17118      
284     8.25902       2.17626      
285     7.3363        2.18177      
286     3.15566       2.18455      
287     10.6756       2.18478      
288     6.75199       2.1878       
289     10.5879       2.22052      
290     0.387793      2.23994      
291     50.1865       2.24038      
292     16.8052       2.24645      
293     8.70696       2.25627      
294     3.87261       2.26178      
295     7.0994        2.26366      
296     2.34916       2.26433      
297     1.77508       2.26549      
298     2.70124       2.26786      
299     7.79796       2.27078      
300     15.5007       2.27131      
301     0.694285      2.27874      
302     0.54282       2.28         
303     0.413634      2.28081      
304     0.258557      2.28154      
305     127.802       2.28206      
306     7.91824       2.28381      
307     19.5468       2.29575      
308     6.06356       2.29653      
309     10.4699       2.30303      
310     0.488315      2.30328      
311     9.63355       2.30937      
312     4.60326       2.32959      
313     4.37702       2.3338       
314     17.4119       2.34459      
315     80.7232       2.34899      
316     13.08         2.37498      
317     25.3548       2.37646      
318     10.175        2.3814       
319     12.0136       2.38249      
320     17.0711       2.38348      
321     7.36112       2.38557      
322     14.5656       2.38968      
323     6.80461       2.39129      
324     5.20989       2.3921       
325     8.74333       2.3938       
326     4.14667       2.39403      
327     9.32032       2.40017      
328     6.07666       2.40946      
329     6.09168       2.41327      
330     7.05309       2.42232      
331     6.3661        2.42371      
332     2.49528       2.42448      
333     8.14858       2.42751      
334     3.48712       2.42761      
335     6.64224       2.42816      
336     6.91633       2.4295       
337     2.34284       2.43188      
338     10.8437       2.43777      
339     3.72876       2.43874      
340     20.0835       2.44325      
341     11.4578       2.44552      
342     19.0888       2.46675      
343     85.2922       2.47045      
344     33.045        2.47319      
345     8.26553       2.474        
346     26.6313       2.47825      
347     9.03519       2.48436      
348     10.0087       2.49145      
349     11.9901       2.49579      
350     7.62492       2.50583      
351     8.71355       2.51707      
352     11.4154       2.52854      
353     19.4524       2.53051      
354     11.3741       2.53067      
355     38.5056       2.53295      
356     17.3828       2.53477      
357     18.5764       2.53535      
358     25.8777       2.5412       
359     26.414        2.55295      
360     29.9234       2.55447      
361     10.4982       2.5579       
362     7.34184       2.56996      
363     5.25499       2.58179      
364     18.1941       2.58719      
365     7.03701       2.58791      
366     22.5167       2.59828      
367     4.06321       2.59928      
368     16.9469       2.5998       
369     12.1585       2.60423      
370     13.9748       2.6137       
371     0.80445       2.64728      
372     0.254707      2.64808      
373     31.6407       2.64828      
374     4.53675       2.64873      
375     14.9254       2.69269      
376     10.0034       2.69381      
377     43.3262       2.70444      
378     0.528721      2.70459      
379     10.0629       2.71917      
380     0.508122      2.71929      
381     19.7316       2.73479      
382     0.768503      2.74091      
383     13.3858       2.74202      
384     12.0285       2.74246      
385     2.13124       2.74258      
386     4.36323       2.74595      
387     8.80791       2.7468       
388     7.18943       2.74686      
389     5.67063       2.74701      
390     3.5723        2.74772      
391     2.25273       2.7749       
392     3.70937       2.77623      
393     6.82157       2.77633      
394     5.32355       2.77644      
395     7.18          2.77734      
396     0.422726      2.7775       
397     2.36189       2.77853      
398     3.12137       2.78152      
399     3.24406       2.7818       
400     0.401326      2.80336      
401     6.63075       2.80342      
402     0.985349      2.80365      
403     5.5634        2.80838      
404     0.530704      2.80841      
405     5.19199       2.81332      
406     0.482734      2.81335      
407     5.92839       2.81803      
408     3.85915       2.81825      
409     1.14768       2.83166      
410     0.78974       2.83216      
411     0.574516      2.83247      
412     0.503613      2.83262      
413     0.257835      2.83303      
414     25.6085       2.83314      
415     0.308795      2.83345      
416     4.71724       2.83396      
417     7.32032       2.84963      
418     5.5324        2.85389      
419     3.54334       2.85397      
420     0.400647      2.85947      
421     6.36131       2.85953      
422     0.390944      2.85958      
423     5.08362       2.88538      
424     0.187041      2.88541      
425     8.84045       2.88609      
426     0.566608      2.89685      
427     11.16         2.89686      
428     2.94834       2.91489      
429     0.702112      2.91557      
430     19.0558       2.91629      
431     0.63381       2.91701      
432     2.21074       2.91742      
433     2.22093       2.91904      
434     2.61379       2.9213       
435     8.20141       2.92208      
436     16.7551       2.92505      
437     8.00783       2.92507      
438     4.12269       2.92595      
439     4.62536       2.92805      
440     8.47795       2.92845      
441     7.398         2.93372      
442     0.49763       2.93381      
443     3.39291       2.9522       
444     20.4236       2.95274      
445     0.497399      2.95307      
446     9.98291       2.95802      
447     0.378981      2.95811      
448     2.39457       2.96727      
449     2.23116       2.96812      
450     1.23605       2.96824      
451     4.90533       2.96935      
452     18.0992       2.9704       
453     0.386688      2.97058      
454     0.295796      2.97596      
455     3.51152       2.97598      
456     20.9865       2.98481      
457     14.4164       2.98616      
458     0.347485      2.98646      
459     10.3852       3.00569      
460     3.29522       3.01106      
461     16.9207       3.01187      
462     15.6518       3.01242      
463     3.25391       3.02246      
464     8.82406       3.02262      
465     1.93018       3.02342      
466     5.25306       3.02531      
467     11.4159       3.0413       
468     14.1661       3.04155      
469     0.447825      3.04482      
470     0.275683      3.04525      
471     41.4074       3.04548      
472     0.173534      3.04551      
473     0.428093      3.04598      
474     0.588407      3.04639      
475     0.775873      3.04693      
476     21.6325       3.06048      
477     0.395605      3.07698      
478     5.36704       3.07706      
479     3.46126       3.07764      
480     6.52492       3.07861      
481     3.11423       3.08403      
482     3.94227       3.08627      
483     12.511        3.08636      
484     2.39348       3.08725      
485     3.55811       3.09892      
486     8.53385       3.09926      
487     5.91001       3.11314      
488     5.74439       3.11697      
489     33.7465       3.11859      
490     13.1634       3.1293       
491     2.13825       3.14644      
492     11.1478       3.14654      
493     1.56891       3.14764      
494     3.35498       3.14862      
495     8.63792       3.1487       
496     3.14057       3.15579      
497     10.2423       3.15708      
498     2.71385       3.15748      
499     1.28053       3.15824      
500     4.36388       3.17738      
501     8.64173       3.17764      
502     9.95947       3.18208      
503     9.9321        3.18293      
504     2.71511       3.18795      
505     1.07525       3.18804      
506     4.20407       3.18824      
507     4.47912       3.20463      
508     24.2897       3.20628      
509     0.821765      3.20666      
510     28.7168       3.20751      
511     4.17892       3.20841      
512     0.765297      3.2096       
513     2.53718       3.21834      
514     0.342883      3.21835      
515     6.01849       3.22327      
516     0.512372      3.22332      
517     5.1543        3.22746      
518     3.74966       3.22823      
519     0.299273      3.22826      
520     7.55325       3.28077      
521     5.46906       3.28102      
522     4.88348       3.29664      
523     0.29883       3.2967       
524     20.1165       3.30078      
525     4.43643       3.30548      
526     13.9601       3.30748      
527     85.0592       3.30797      
528     6.49727       3.30892      
529     0.576379      3.31061      
530     0.717502      3.31135      
531     0.877422      3.31224      
532     0.381049      3.31895      
533     7.38242       3.31907      
534     0.384823      3.31919      
535     3.44591       3.3402       
536     4.4473        3.34084      
537     8.44978       3.34499      
538     1.40616       3.34697      
539     7.76831       3.34714      
540     0.610447      3.35144      
541     20.4856       3.35218      
542     29.6018       3.35637      
543     0.475536      3.35684      
544     6.80619       3.36722      
545     5.38984       3.36789      
546     3.81202       3.37236      
547     6.82705       3.40103      
548     9.44999       3.40236      
549     0.488053      3.40256      
550     7.67937       3.40752      
551     0.34187       3.4076       
552     6.44414       3.41148      
553     23.193        3.4196       
554     72.9895       3.42174      
555     6.19949       3.42228      
556     7.76203       3.42245      
557     10.7435       3.45717      
558     22.7227       3.45718      
559     15.6715       3.45756      
560     11.4942       3.47678      
561     12.1785       3.48674      
562     1.89636       3.49603      
563     0.318129      3.49604      
564     1.32059       3.50094      
565     0.302927      3.50096      
566     6.13608       3.50321      
567     17.3572       3.50599      
568     50.8138       3.50892      
569     17.8796       3.51727      
570     14.431        3.51761      
571     0.309711      3.52405      
572     34.3446       3.52439      
573     0.435942      3.5251       
574     32.3037       3.53172      
575     43.8281       3.53676      
576     0.518964      3.53785      
577     3.13261       3.54153      
578     14.4555       3.55242      
579     0.537791      3.5528       
580     11.9797       3.5561       
581     14.9308       3.55753      
582     5.75241       3.56927      
583     19.9517       3.5706       
584     4.70964       3.57221      
585     9.04512       3.57681      
586     6.97573       3.58189      
587     6.59272       3.58344      
588     2.34765       3.58446      
589     27.558        3.5859       
590     1.85313       3.5864       
591     1.93764       3.58766      
592     2.10705       3.58873      
593     7.03927       3.59343      
594     11.4322       3.59486      
595     3.16056       3.60037      
596     4.17368       3.60248      
597     18.0433       3.60309      
598     0.233543      3.60319      
599     6.11645       3.60676      
600     3.02507       3.61928      
601     34.6948       3.61981      
602     4.85663       3.6223       
603     7.0822        3.63853      
604     16.6701       3.64045      
605     4.15316       3.64119      
606     14.1539       3.65998      
607     7.77551       3.67704      
608     32.0051       3.67882      
609     6.24082       3.69255      
610     18.7975       3.69358      
611     0.304623      3.69375      
612     11.4657       3.69812      
613     36.0149       3.70411      
614     2.72789       3.70449      
615     7.42903       3.71641      
616     6.60799       3.72651      
617     16.1701       3.72754      
618     5.43413       3.7304       
619     0.562478      3.73851      
620     4.05828       3.7386       
621     0.493553      3.73868      
622     1.15277       3.73901      
623     1.81945       3.73975      
624     12.9005       3.74901      
625     5.19903       3.75019      
626     14.9539       3.75446      
627     22.4928       3.75526      
628     0.849012      3.75745      
629     21.1668       3.76176      
630     12.5439       3.76237      
631     5.37425       3.77428      
632     1.80565       3.77442      
633     12.725        3.77673      
634     2.78396       3.77775      
635     3.63272       3.79031      
636     15.1027       3.79049      
637     2.81699       3.84284      
638     0.735683      3.84867      
639     13.0181       3.85178      
640     39.4654       3.85256      
641     44.4356       3.85304      
642     4.65995       3.87227      
643     1.99353       3.87338      
644     13.959        3.87942      
645     12.9407       3.88019      
646     0.791415      3.88594      
647     10.9723       3.88816      
648     4.07758       3.88995      
649     43.4848       3.89145      
650     65.0732       3.89403      
651     9.42687       3.89914      
652     5.56362       3.89938      
653     19.6142       3.91705      
654     9.75987       3.92625      
655     12.9309       3.93494      
656     27.3651       3.93696      
657     0.634274      3.93792      
658     2.07799       3.94071      
659     4.71161       3.94586      
660     46.577        3.95595      
661     22.5738       3.95795      
662     17.5176       3.95818      
663     12.6664       3.96189      
664     21.5239       3.98011      
665     1.65951       3.98764      
666     9.13611       3.98777      
667     13.4503       3.98898      
668     27.3767       3.99733      
669     4.2437        3.99861      
670     30.1379       4.00169      
671     32.4568       4.01073      
672     48.1406       4.01194      
673     81.4744       4.01945      
674     27.1818       4.03689      
675     27.2112       4.03744      
676     14.7887       4.0608       
677     0.778849      4.06121      
678     8.62918       4.10167      
679     4.04053       4.10172      
680     8.18757       4.12943      
681     0.626826      4.12952      
682     11.345        4.14538      
683     9.16956       4.14668      
684     19.213        4.16923      
685     9.37798       4.17088      
686     2.55035       4.17692      
687     23.0075       4.1786       
688     41.0925       4.2022       
689     12.6724       4.20322      
690     8.87637       4.22276      
691     11.6676       4.22279      
692     7.80624       4.22336      
693     12.4923       4.22343      
694     7.69926       4.22511      
695     8.63198       4.22628      
696     2.10755       4.22843      
697     2.09005       4.2478       
698     25.172        4.25024      
699     15.884        4.2548       
700     35.0909       4.25567      
701     10.3688       4.28108      
702     10.8788       4.28559      
703     14.0578       4.2869       
704     8.48151       4.29834      
705     19.5036       4.3025       
706     44.2021       4.31301      
707     20.6182       4.31996      
708     9.62466       4.32361      
709     8.92246       4.33768      
710     23.929        4.34912      
711     12.5856       4.35304      
712     12.5015       4.36044      
713     14.9097       4.36166      
714     5.76951       4.36632      
715     8.93527       4.36861      
716     24.2042       4.36979      
717     22.3108       4.37046      
718     52.7085       4.37824      
719     59.8452       4.3783       
720     44.9571       4.38276      
721     26.1837       4.38292      
722     9.40322       4.40505      
723     29.6381       4.41479      
724     31.8804       4.42334      
725     33.9395       4.42449      
726     29.6163       4.44221      
727     26.4555       4.44626      
728     16.9249       4.44707      
729     5.51154       4.45077      
730     8.6186        4.46829      
731     4.55789       4.46988      
732     4.74444       4.47683      
733     6.8594        4.48299      
734     53.6353       4.50102      
735     26.5703       4.5013       
736     51.5778       4.50377      
737     42.4677       4.51949      
738     12.7237       4.5278       
739     150.162       4.54482      
740     12.1009       4.5594       
741     28.7639       4.56123      
742     205.899       4.56337      
743     32.8147       4.56575      
744     185.373       4.56784      
745     16.0159       4.57625      
746     18.8398       4.57642      
747     4.89676       4.59688      
748     15.4598       4.61361      
749     4.66882       4.61412      
750     9.3411        4.61619      
751     37.0138       4.63751      
752     24.6682       4.63944      
753     17.9861       4.66079      
754     7.23231       4.66123      
755     7.26502       4.67126      
756     0.700201      4.67819      
757     6.68807       4.68384      
758     9.28215       4.68586      
759     6.37073       4.68688      
760     13.9768       4.68726      
761     288.212       4.68794      
762     6.14384       4.69097      
763     11.5187       4.6997       
764     4.58794       4.71431      
765     28.1306       4.72242      
766     13.2196       4.72295      
767     49.7993       4.72778      
768     55.7219       4.76618      
769     17.3781       4.77073      
770     51.2333       4.77519      
771     113.503       4.78431      
772     10.8657       4.79467      
773     32.2754       4.82108      
774     23.4343       4.82483      
775     35.1297       4.83201      
776     20.1127       4.85019      
777     45.5253       4.85126      
778     5.2238        4.85973      
779     127.706       4.86524      
780     32.3363       4.87356      
781     7.38921       4.87649      
782     2.24243       4.8868       
783     6.61617       4.8869       
784     2.49795       4.88724      
785     4.26862       4.88794      
786     7.1228        4.88872      
787     7.13186       4.88874      
788     15.2073       4.90331      
789     29.6106       4.90545      
790     159.49        4.91974      
791     108.038       4.92367      
792     17.1383       4.92751      
793     15.3635       4.92787      
794     12.7918       4.92801      
795     15.0144       4.94184      
796     62.8215       4.95482      
797     20.5413       4.96024      
798     18.8365       4.96336      
799     6.7062        4.98521      
800     43.5392       5.01697      
801     32.422        5.01718      
802     31.3455       5.01798      
803     38.9839       5.01823      
804     0.829706      5.02441      
805     151.513       5.07295      
806     33.798        5.08059      
807     14.0492       5.08143      
808     15.9493       5.08144      
809     29.3097       5.08678      
810     53.3474       5.11491      
811     9.74917       5.11907      
812     23.6316       5.14438      
813     22.693        5.14974      
814     11.6121       5.15737      
815     49.1657       5.16627      
816     11.0184       5.19189      
817     11.0032       5.19983      
818     36.6998       5.20598      
819     25.9098       5.21695      
820     15.115        5.23981      
821     23.1013       5.24746      
822     26.3723       5.25633      
823     4.99108       5.27572      
824     21.055        5.27721      
825     5.09442       5.28049      
826     4.80385       5.29835      
827     9.47416       5.29913      
828     9.04888       5.30143      
829     1.66437       5.30272      
830     14.6608       5.30457      
831     3.56472       5.30595      
832     1.77104       5.30651      
833     18.3103       5.31656      
834     12.5525       5.32145      
835     7.59548       5.33863      
836     14.6286       5.34728      
837     27.7409       5.34883      
838     3.80056       5.36448      
839     14.3313       5.36613      
840     20.3577       5.37125      
841     11.3827       5.37297      
842     8.74204       5.3892       
843     1.96706       5.39192      
844     36.3654       5.39781      
845     6.16752       5.40004      
846     32.8234       5.40215      
847     20.6014       5.42074      
848     31.5156       5.42307      
849     17.8391       5.42481      
850     17.0276       5.43028      
851     28.6788       5.4516       
852     22.0305       5.46938      
853     71.6507       5.47693      
854     1.80404       5.47945      
855     1.91037       5.48239      
856     13.6296       5.49658      
857     61.1112       5.51932      
858     17.4185       5.52006      
859     21.5024       5.52527      
860     21.6764       5.54257      
861     38.5396       5.55073      
862     198.79        5.55158      
863     11.7114       5.56825      
864     20.6869       5.58419      
865     3.66623       5.59349      
866     30.9409       5.60329      
867     18.2137       5.62668      
868     19.8201       5.6424       
869     467.271       5.65215      
870     13.5623       5.66271      
871     15.7928       5.67904      
872     15.4245       5.69132      
873     90.3817       5.69434      
874     17.9677       5.70391      
875     19.8798       5.71796      
876     0.56433       5.71879      
877     16.0497       5.73624      
878     25.1815       5.74807      
879     35.0587       5.74829      
880     21.9215       5.75734      
881     45.2469       5.76207      
882     18.8212       5.76706      
883     15.7617       5.76904      
884     139.863       5.78524      
885     1.43684       5.78593      
886     24.3896       5.80488      
887     105.508       5.80957      
888     7.35299       5.82459      
889     34.579        5.82711      
890     9.94442       5.83313      
891     8.36409       5.84905      
892     22.5012       5.86321      
893     8.93935       5.87078      
894     10.4819       5.87431      
895     34.0392       5.88473      
896     25.5185       5.88771      
897     8.93074       5.90403      
898     33.2727       5.90914      
899     17.546        5.91289      
900     2.63396       5.93281      
901     15.3372       5.93687      
902     36.1266       5.94656      
903     28.55         5.95155      
904     48.907        5.95225      
905     25.302        5.95239      
906     14.0102       5.96404      
907     14.74         5.96967      
908     2.35906       5.97154      
909     98.1909       6.01386      
910     14.2163       6.02504      
911     22.3616       6.02652      
912     107.379       6.02655      
913     97.7155       6.03003      
914     21.4139       6.03764      
915     21.2108       6.0666       
916     25.8164       6.06958      
917     8.79418       6.08527      
918     3.52551       6.09253      
919     14.0098       6.10209      
920     11.5927       6.11131      
921     9.0587        6.11869      
922     6.85936       6.12036      
923     7.53225       6.12058      
924     12.642        6.12682      
925     3.15132       6.12943      
926     14.3331       6.1302       
927     11.5668       6.1388       
928     12.8783       6.14874      
929     14.8862       6.15309      
930     28.4903       6.16021      
931     22.4584       6.17265      
932     3.23938       6.18607      
933     20.1784       6.19904      
934     17.3188       6.20125      
935     13.5355       6.22279      
936     67.5518       6.22549      
937     59.2882       6.22665      
938     15.5887       6.23427      
939     3.16548       6.24427      
940     100.72        6.26935      
941     7.51889       6.27         
942     17.913        6.27057      
