0       4.67558       0.0083392    
1       0.346611      0.0122066    
2       18.5974       0.0124606    
3       0.219439      0.0125652    
4       3.98296       0.0154448    
5       6.34884       0.0161029    
6       12.4554       0.0171351    
7       13.008        0.0230677    
8       10.743        0.0239516    
9       6.22365       0.0256224    
10      7.49117       0.0366269    
11      5.03177       0.0370684    
12      14.654        0.0416636    
13      14.8157       0.0924756    
14      1.759         0.0925515    
15      2.50043       0.0945472    
16      8.99824       0.0952462    
17      2.70406       0.0971624    
18      10.5316       0.10327      
19      22.316        0.105446     
20      7.62752       0.106871     
21      1.93309       0.109854     
22      2.21174       0.110737     
23      17.9425       0.129629     
24      6.80075       0.137854     
25      5.02235       0.138086     
26      8.472         0.165515     
27      2.99103       0.165776     
28      0.569593      0.172845     
29      15.3988       0.172936     
30      6.87454       0.184959     
31      3.87277       0.190834     
32      4.06253       0.191536     
33      0.415913      0.191643     
34      5.10821       0.196631     
35      3.94931       0.196863     
36      6.07891       0.203187     
37      0.593593      0.203354     
38      3.01792       0.208887     
39      3.06795       0.209597     
40      0.333148      0.209666     
41      11.1266       0.211764     
42      1.71141       0.212087     
43      3.57507       0.213328     
44      8.68539       0.227484     
45      4.97362       0.228229     
46      0.77631       0.239059     
47      0.626999      0.240284     
48      66.7416       0.240767     
49      0.668157      0.241855     
50      0.843024      0.242827     
51      2.15247       0.258269     
52      2.09425       0.258382     
53      6.20632       0.259998     
54      6.81883       0.260868     
55      21.5283       0.27811      
56      3.07871       0.278599     
57      2.14853       0.291277     
58      10.916        0.291307     
59      8.39163       0.295843     
60      6.22884       0.297952     
61      0.520831      0.29817      
62      4.97084       0.30721      
63      10.5316       0.309831     
64      3.74416       0.310842     
65      16.146        0.325772     
66      17.2394       0.326842     
67      5.11732       0.336739     
68      0.515674      0.336846     
69      10.06         0.344645     
70      8.1629        0.381981     
71      3.02102       0.389413     
72      8.84753       0.389447     
73      3.98888       0.40424      
74      3.51694       0.407317     
75      6.07595       0.413607     
76      6.76751       0.415603     
77      28.108        0.419033     
78      1.3302        0.419502     
79      13.648        0.426216     
80      22.4407       0.428118     
81      21.2476       0.429527     
82      20.7657       0.431364     
83      0.700408      0.432121     
84      5.29324       0.434908     
85      23.4847       0.439771     
86      5.49637       0.443483     
87      10.6571       0.444228     
88      14.4558       0.445948     
89      0.565136      0.446853     
90      9.28794       0.46147      
91      10.397        0.464675     
92      32.7136       0.467201     
93      0.207423      0.467407     
94      8.17598       0.470389     
95      6.78661       0.490948     
96      13.5786       0.494701     
97      11.6419       0.49866      
98      19.866        0.501827     
99      4.51151       0.508165     
100     4.5383        0.508477     
101     4.61225       0.508798     
102     2.66755       0.533593     
103     0.707183      0.535384     
104     17.2709       0.53725      
105     14.4882       0.537462     
106     5.86158       0.583462     
107     2.14292       0.585038     
108     0.621281      0.587167     
109     29.8894       0.588282     
110     2.31431       0.588362     
111     3.99003       0.590919     
112     13.0338       0.596925     
113     8.80631       0.604645     
114     7.69264       0.607607     
115     9.31255       0.648753     
116     30.3995       0.669837     
117     17.132        0.671096     
118     7.84027       0.671472     
119     20.0068       0.672608     
120     10.5705       0.680952     
121     1.63395       0.681991     
122     3.43013       0.68552      
123     3.60625       0.68685      
124     1.97804       0.694281     
125     7.30541       0.69432      
126     0.495168      0.711173     
127     50.4371       0.712197     
128     16.2025       0.717449     
129     11.2505       0.745615     
130     5.6994        0.746045     
131     2.39344       0.755524     
132     7.4058        0.760821     
133     29.8496       0.765777     
134     7.52185       0.768846     
135     29.6078       0.770059     
136     2.10941       0.778272     
137     1.45832       0.788907     
138     15.7929       0.790599     
139     45.2559       0.795933     
140     1.95261       0.79722      
141     12.0968       0.797782     
142     5.59126       0.801816     
143     8.09607       0.806365     
144     5.39609       0.807007     
145     10.7608       0.812438     
146     0.232492      0.812521     
147     13.1901       0.816746     
148     8.52847       0.816905     
149     4.56981       0.82214      
150     13.5993       0.874384     
151     28.8706       0.89056      
152     16.2273       0.896249     
153     3.45996       0.913927     
154     17.0131       0.92622      
155     26.5767       0.926294     
156     21.5612       0.931387     
157     46.7142       0.932824     
158     13.105        0.941222     
159     8.45848       1.0165       
160     14.0305       1.02998      
161     6.52735       1.03118      
162     3.89252       1.03133      
163     7.68864       1.03212      
164     9.04086       1.03405      
165     10.1651       1.03464      
166     20.9764       1.04435      
167     7.37637       1.05518      
168     10.1502       1.08295      
169     14.9574       1.10301      
170     20.2438       1.10506      
171     25.1946       1.11381      
172     1.92631       1.12722      
173     4.63114       1.12763      
174     15.548        1.1424       
175     0.429455      1.14898      
176     30.9313       1.14943      
177     40.0095       1.14951      
178     19.5462       1.15715      
179     10.4759       1.17203      
180     8.77705       1.18322      
181     17.1824       1.19315      
182     8.53827       1.20986      
183     11.5386       1.22576      
184     13.5195       1.22732      
185     6.95144       1.23621      
186     6.92585       1.23663      
187     6.33704       1.24024      
188     27.4313       1.25019      
189     16.5824       1.25318      
190     7.62038       1.25673      
191     39.3687       1.27685      
192     27.2091       1.28902      
193     54.3571       1.29402      
194     19.3942       1.29467      
195     26.1572       1.29555      
196     17.5107       1.31417      
197     6.79494       1.31793      
198     10.0136       1.31918      
199     22.9874       1.33458      
200     6.42091       1.34158      
201     39.3518       1.34175      
202     8.79221       1.35451      
203     3.43337       1.36538      
204     6.04382       1.3667       
205     2.90113       1.37578      
206     7.8738        1.37729      
207     5.80006       1.37743      
208     106.545       1.40244      
209     14.8316       1.40767      
210     145.833       1.41003      
211     58.9209       1.41324      
212     25.8936       1.4135       
213     24.8426       1.42792      
214     2.56726       1.4428       
215     3.77712       1.444        
216     4.30238       1.44487      
217     9.29136       1.44793      
218     4.8197        1.44844      
219     3.66307       1.4497       
220     1.92817       1.45033      
221     16.0834       1.46329      
222     18.0972       1.46593      
223     1.75735       1.49121      
224     5.01141       1.4942       
225     1.04669       1.49631      
226     10.4768       1.4972       
227     2.07644       1.49818      
228     4.30404       1.49889      
229     11.7602       1.49908      
230     3.32656       1.50223      
231     10.4631       1.53733      
232     9.37022       1.53896      
233     49.4448       1.54582      
234     85.6642       1.54646      
235     140.144       1.54982      
236     20.306        1.5507       
237     119.32        1.56569      
238     18.2579       1.58317      
239     117.137       1.59018      
240     21.7439       1.59126      
241     24.346        1.62089      
242     28.8718       1.64215      
243     0.500315      1.67526      
244     16.2632       1.67563      
245     217.976       1.67604      
246     21.2784       1.68758      
247     21.1057       1.69711      
248     13.996        1.70686      
249     6.63319       1.72654      
250     7.59746       1.73666      
251     33.4712       1.76328      
252     17.2551       1.77456      
253     4.34122       1.77828      
254     17.0337       1.79929      
255     40.5448       1.81125      
256     32.3563       1.81447      
257     11.4548       1.83402      
258     14.6135       1.86845      
259     18.3845       1.88425      
260     56.0744       1.88818      
261     111.401       1.8969       
262     12.5667       1.90825      
263     12.5023       1.92055      
264     6.39138       1.93849      
265     12.4394       1.95157      
266     5.43918       1.96733      
267     5.07006       1.98301      
268     5.97363       1.98381      
269     28.543        1.99209      
270     32.9878       1.99502      
271     14.843        2.0165       
272     28.6965       2.04367      
273     27.6053       2.04399      
274     18.2483       2.05056      
275     18.9249       2.06627      
276     134.753       2.07343      
277     11.3862       2.08622      
278     9.82642       2.09362      
279     25.4646       2.12274      
280     49.3107       2.13867      
281     23.5375       2.14259      
282     41.9035       2.15097      
283     26.1067       2.1551       
284     11.8041       2.1682       
285     8.38758       2.17753      
286     3.89066       2.19436      
287     10.3554       2.1998       
288     8.9693        2.22167      
289     22.7302       2.22416      
290     6.30447       2.23451      
291     19.4509       2.25519      
292     22.0522       2.25524      
293     10.9297       2.26468      
294     21.2265       2.26675      
295     12.7711       2.27002      
296     2.88901       2.30037      
297     10.4766       2.30242      
298     15.6256       2.31632      
299     8.28337       2.32231      
300     5.83244       2.33762      
301     10.0166       2.34031      
302     10.7268       2.34712      
303     11.4379       2.34852      
304     10.4272       2.36369      
305     4.05613       2.37182      
306     15.3443       2.3782       
307     11.5187       2.37881      
308     16.2273       2.38187      
309     22.5802       2.39063      
310     27.3903       2.39421      
311     0.456499      2.40003      
312     10.1779       2.40007      
313     7.35907       2.4003       
314     1.56434       2.40141      
315     1.31087       2.4022       
316     6.5538        2.40742      
317     4.71181       2.40931      
318     26.764        2.44501      
319     13.4317       2.44538      
320     10.3556       2.46301      
321     14.145        2.46365      
322     25.2452       2.46523      
323     113.924       2.47213      
324     48.0943       2.48559      
325     7.33155       2.48623      
326     7.70762       2.49816      
327     15.2491       2.51824      
328     3.60561       2.53258      
329     4.77873       2.54862      
330     14.9596       2.54994      
331     8.93128       2.563        
332     21.3454       2.57652      
333     17.415        2.58027      
334     3.10681       2.60756      
335     18.3889       2.61579      
336     19.6801       2.6186       
337     50.6371       2.62256      
338     23.7627       2.6332       
339     23.9304       2.63764      
340     21.3609       2.66808      
341     22.5266       2.69912      
342     385.42        2.7084       
343     10.5374       2.72254      
344     6.3864        2.73225      
345     7.46991       2.74206      
346     13.5477       2.76605      
347     13.5555       2.76662      
348     186.425       2.78344      
349     108.672       2.78563      
350     10.6507       2.79203      
351     24.7131       2.83091      
352     55.4419       2.84168      
353     71.044        2.85706      
354     8.03751       2.87136      
355     24.0237       2.92567      
356     20.235        2.92602      
357     11.3276       2.9298       
358     73.272        2.95936      
359     5.78841       2.95995      
360     10.6702       2.97661      
361     80.5377       2.97672      
362     3.71817       3.01742      
363     13.0428       3.02229      
364     0.571282      3.02285      
365     14.502        3.03966      
366     14.4952       3.03994      
367     22.6137       3.04233      
368     13.2996       3.04537      
369     57.7301       3.04893      
370     24.5836       3.05677      
371     37.4122       3.0593       
372     15.4893       3.06865      
373     11.5115       3.07508      
374     4.53949       3.07823      
375     11.2196       3.08776      
376     1.82966       3.08912      
377     11.4445       3.12057      
378     7.69547       3.13507      
379     10.1435       3.1362       
380     7.64402       3.13802      
381     6.85617       3.13861      
382     4.61469       3.15509      
383     7.07653       3.15618      
384     9.7517        3.16689      
385     14.0446       3.1905       
386     7.04271       3.20908      
387     53.8024       3.22635      
388     15.4943       3.22718      
389     306.573       3.2398       
390     16.8442       3.25109      
391     25.3948       3.26915      
392     1.47882       3.2693       
393     14.7637       3.27652      
394     23.6612       3.2774       
395     19.5724       3.283        
396     8.22569       3.29301      
397     13.0398       3.3176       
398     11.5198       3.33803      
399     1.3636        3.33864      
400     1.3401        3.35439      
401     9.73829       3.35567      
402     13.3721       3.35602      
403     17.7237       3.36293      
404     12.1344       3.36334      
405     31.3016       3.36683      
406     0.497802      3.36875      
407     3.99942       3.37543      
408     47.1807       3.38147      
409     20.2378       3.40077      
410     17.395        3.40673      
411     437.527       3.46152      
412     54.9315       3.46467      
413     36.0828       3.47028      
414     27.6468       3.47744      
415     31.2864       3.47808      
416     48.5816       3.48583      
417     33.6369       3.49481      
418     29.9387       3.52967      
419     11.0184       3.53379      
420     8.46206       3.56037      
421     6.18099       3.56533      
422     3.13778       3.56579      
423     7.88717       3.57248      
424     0.788592      3.59075      
425     18.2147       3.5927       
426     15.8133       3.59543      
427     5.56768       3.61407      
428     6.65542       3.61493      
429     1.44439       3.61577      
430     1.86939       3.61693      
431     7.02451       3.63549      
432     17.3911       3.63731      
433     17.5958       3.63979      
434     23.6992       3.6725       
435     31.1838       3.67391      
436     11.3649       3.69909      
437     3.96224       3.71168      
438     6.11374       3.71907      
439     7.16904       3.72631      
440     7.12895       3.72696      
441     0.626852      3.73331      
442     5.79717       3.73366      
443     0.785634      3.73425      
444     2.22219       3.73953      
445     5.54071       3.74052      
446     10.6181       3.74075      
447     2.10364       3.74244      
448     3.50193       3.74382      
449     6.72193       3.74579      
450     101.496       3.78867      
451     13.7938       3.79396      
452     189.176       3.80253      
453     29.3273       3.80308      
454     49.8959       3.84115      
455     27.4681       3.84227      
456     19.4311       3.84388      
457     2.74361       3.87131      
458     0.311398      3.88791      
459     20.3322       3.88831      
460     14.7081       3.92239      
461     6.58336       3.924        
462     12.4539       3.93629      
463     14.2792       3.94843      
464     0.251677      3.95507      
465     0.207104      3.95647      
466     460.167       3.95793      
467     17.3543       3.96323      
468     72.5366       3.9958       
469     9.54115       3.9967       
470     11.987        4.01876      
471     7.46462       4.02328      
472     11.6894       4.04474      
473     6.23634       4.04777      
474     2.24775       4.04895      
475     6.79222       4.06474      
476     5.30755       4.07198      
477     0.304961      4.07512      
478     44.9115       4.07579      
479     5.16886       4.07678      
480     3.09265       4.08607      
481     5.01987       4.09358      
482     16.7254       4.09526      
483     10.9618       4.09781      
484     17.8236       4.09857      
485     12.9397       4.09857      
486     23.6306       4.10801      
487     4.63307       4.12055      
488     8.63909       4.12354      
489     6.20624       4.12992      
490     4.83065       4.13144      
491     13.3636       4.13182      
492     8.29487       4.13912      
493     5.7208        4.14557      
494     2.80868       4.1467       
495     1.67048       4.14832      
496     1.64934       4.15043      
497     22.1469       4.15498      
498     22.2304       4.15605      
499     0.823999      4.1592       
500     1.12433       4.16151      
501     9.76425       4.16809      
502     7.11197       4.17183      
503     4.75239       4.18079      
504     13.32         4.18835      
505     9.74347       4.18921      
506     8.0293        4.20888      
507     15.2348       4.21036      
508     70.8287       4.22477      
509     9.71458       4.23926      
510     17.5998       4.2746       
511     16.0244       4.29262      
512     11.1227       4.29789      
513     8.83313       4.29996      
514     8.86529       4.30295      
515     12.964        4.33107      
516     12.9805       4.33144      
517     11.9458       4.33405      
518     24.5392       4.34197      
519     33.5275       4.34264      
520     7.62751       4.37486      
521     8.65799       4.37565      
522     2.58017       4.38807      
523     0.78389       4.3888       
524     0.697865      4.38906      
525     8.99019       4.38968      
526     0.617051      4.39007      
527     0.862395      4.39042      
528     2.99001       4.39189      
529     16.4769       4.41044      
530     10.7131       4.43359      
531     6.20062       4.43366      
532     15.6933       4.4599       
533     1.95296       4.467        
534     3.08718       4.46701      
535     15.5913       4.47495      
536     10.4373       4.48799      
537     29.0452       4.49135      
538     19.063        4.50904      
539     15.9322       4.5211       
540     16.1332       4.57844      
541     22.6636       4.57892      
542     14.9415       4.57962      
543     10.2776       4.58247      
544     2.40778       4.60034      
545     3.3854        4.6009       
546     8.62427       4.60958      
547     15.0561       4.61252      
548     10.9436       4.61975      
549     3.36887       4.62148      
550     7.06185       4.63123      
551     7.91044       4.64259      
552     10.4275       4.64852      
553     67.3782       4.66063      
554     8.34397       4.66336      
555     8.32557       4.66381      
556     7.35095       4.66394      
557     12.9418       4.67923      
558     11.9956       4.67926      
559     11.1712       4.68148      
560     6.16669       4.69795      
561     8.38701       4.71119      
562     10.306        4.7137       
563     7.43498       4.71459      
564     6.17589       4.73533      
565     8.62992       4.73869      
566     6.02722       4.7416       
567     2.68163       4.74187      
568     2.79791       4.74291      
569     7.31818       4.74409      
570     4.08936       4.75067      
571     17.8203       4.77314      
572     4.549         4.7885       
573     12.7498       4.81184      
574     33.8828       4.8149       
575     86.925        4.81821      
576     65.1887       4.83134      
577     14.0716       4.83298      
578     29.9593       4.8351       
579     3.81222       4.86593      
580     3.4561        4.86994      
581     1.51801       4.87323      
582     11.0486       4.87376      
583     4.1782        4.87557      
584     6.22268       4.88397      
585     4.31624       4.88465      
586     36.6374       4.90251      
587     4.56154       4.90493      
588     2.40689       4.92303      
589     6.53243       4.93633      
590     11.1114       4.94111      
591     9.17172       4.95089      
592     67.4793       4.96032      
593     226.248       4.96149      
594     4.77909       4.96537      
595     0.682287      4.97641      
596     9.84872       4.98364      
597     11.8424       4.98745      
598     17.9336       5.00661      
599     9.29669       5.00677      
600     9.06478       5.02389      
601     15.5915       5.02584      
602     11.7023       5.04155      
603     45.6817       5.05293      
604     15.2641       5.05323      
605     9.84704       5.07485      
606     7.26077       5.08622      
607     1.91831       5.09044      
608     27.2612       5.09144      
609     8.49225       5.09643      
610     8.73162       5.10982      
611     4.74713       5.12169      
612     11.2179       5.13236      
613     15.0321       5.13262      
614     6.42592       5.13644      
615     10.7085       5.14633      
616     4.32851       5.14758      
617     9.01175       5.14923      
618     16.6294       5.16457      
619     2.66587       5.18144      
620     5.6476        5.18256      
621     16.5173       5.18678      
622     0.238823      5.18681      
623     3.14139       5.19879      
624     16.6975       5.20787      
625     2.32289       5.20945      
626     4.54179       5.22244      
627     85.4108       5.22267      
628     29.4173       5.23392      
629     15.7685       5.23803      
630     15.7392       5.23892      
631     95.9503       5.2428       
632     0.463754      5.24611      
633     1.19752       5.25031      
634     3.96983       5.25113      
635     0.912503      5.2514       
636     2.39003       5.25293      
637     5.83154       5.27509      
638     30.2255       5.28155      
639     21.5165       5.305        
640     24.9265       5.31154      
641     13.6315       5.33182      
642     4.91162       5.34991      
643     10.2657       5.3524       
644     19.8714       5.35833      
645     10.6684       5.37061      
646     10.6633       5.38362      
647     8.29355       5.38835      
648     6.22561       5.39141      
649     3.84436       5.39912      
650     15.2901       5.39999      
651     10.2208       5.40079      
652     9.00056       5.40428      
653     16.8136       5.42503      
654     4.08309       5.44549      
655     3.74673       5.44669      
656     3.78128       5.44679      
657     17.4263       5.46286      
658     5.47179       5.47996      
659     6.96223       5.48059      
660     9.72896       5.48151      
661     22.2042       5.52111      
662     8.20134       5.52568      
663     33.2114       5.52618      
664     2.10945       5.52921      
665     12.7825       5.56795      
666     3.2869        5.57544      
667     7.50145       5.57564      
668     12.4578       5.58438      
669     24.1478       5.58531      
670     0.501288      5.58645      
671     0.602718      5.58676      
672     7.29184       5.63039      
673     14.4439       5.64355      
674     19.4495       5.6558       
675     10.9133       5.66479      
676     3.00595       5.66571      
677     3.00254       5.66815      
678     2.14284       5.67076      
679     2.59819       5.67225      
680     4.60253       5.67315      
681     3.41962       5.6764       
682     5.48141       5.67837      
683     7.38292       5.68496      
684     11.8705       5.68789      
685     18.2329       5.68824      
686     11.0228       5.68932      
687     11.1025       5.68985      
688     16.6244       5.70898      
689     15.7661       5.71107      
690     85.1002       5.72711      
691     5.502         5.72839      
692     4.01508       5.73793      
693     7.42617       5.74484      
694     1.57321       5.75719      
695     11.3454       5.75975      
696     6.65333       5.76025      
697     9.07523       5.76172      
698     3.53869       5.76254      
699     3.48669       5.763        
700     3.93747       5.76417      
701     6.02666       5.7662       
702     64.7513       5.77761      
703     7.90249       5.77871      
704     4.99261       5.77919      
705     9.18242       5.79475      
706     11.2488       5.79491      
707     15.2742       5.79727      
708     10.3806       5.80548      
709     6.72079       5.81549      
710     15.9353       5.81761      
711     13.6945       5.83941      
712     12.6923       5.84051      
713     6.50335       5.85818      
714     4.67696       5.85894      
715     4.06326       5.86403      
716     4.07034       5.87025      
717     1.42623       5.87838      
718     0.357986      5.87841      
719     11.8228       5.88323      
720     17.7927       5.88455      
721     25.9831       5.8887       
722     4.6943        5.89823      
723     4.5782        5.9021       
724     42.5039       5.90559      
725     5.72647       5.90724      
726     5.8686        5.91564      
727     15.9649       5.92596      
728     21.0866       5.92617      
729     1.74423       5.93124      
730     2.01638       5.93709      
731     2.82961       5.94107      
732     38.4042       5.94288      
733     6.27784       5.9446       
734     15.8412       5.96671      
735     13.559        5.96769      
736     55.3445       5.97266      
737     7.35554       5.97752      
738     0.216717      5.97765      
739     6.00811       5.97855      
740     11.8266       5.99489      
741     7.43233       5.99828      
742     22.3751       6.01009      
743     7.21101       6.01078      
744     9.25007       6.03785      
745     5.30003       6.03918      
746     10.4045       6.03991      
747     3.35828       6.05722      
748     12.7104       6.05809      
749     2.20377       6.06904      
750     7.63886       6.06975      
751     15.2562       6.07542      
752     10.4843       6.07563      
753     23.3366       6.11023      
754     11.0755       6.13267      
755     0.487965      6.13277      
756     0.745353      6.13859      
757     10.9503       6.13913      
758     0.486145      6.13937      
759     4.72278       6.14204      
760     6.88335       6.14528      
761     7.16298       6.14735      
762     0.554506      6.14766      
763     3.32626       6.14886      
764     11.2135       6.15383      
765     6.50618       6.16748      
766     0.661814      6.16759      
767     4.59396       6.17312      
768     0.576751      6.17318      
769     6.39156       6.17873      
770     0.59042       6.17884      
771     0.603406      6.18489      
772     9.24279       6.185        
773     2.81606       6.18996      
774     2.02185       6.19072      
775     2.10444       6.19079      
776     3.55564       6.20731      
777     4.11493       6.20752      
778     0.198129      6.20758      
779     1.56704       6.21335      
780     2.63944       6.21362      
781     1.48386       6.21431      
782     7.27338       6.21446      
783     1.96751       6.21515      
784     1.10752       6.2157       
785     7.81887       6.2246       
786     0.673421      6.22467      
787     0.746331      6.24891      
788     15.884        6.24952      
789     0.285258      6.24965      
790     0.459784      6.24996      
791     3.69945       6.25083      
792     2.71326       6.25831      
793     2.03938       6.25998      
794     9.09918       6.26088      
795     3.55747       6.2617       
796     5.91985       6.26516      
797     7.45775       6.27996      
798     13.7562       6.28247      
799     0.311871      6.28257      
