0       21.7696       0.0146766    
1       60.6992       0.0155571    
2       0.697592      0.0196075    
3       2.92201       0.0240692    
4       15.5516       0.0437353    
5       37.7334       0.0710096    
6       3.72912       0.0720157    
7       0.360534      0.120092     
8       22.4052       0.120155     
9       0.553169      0.120762     
10      18.1071       0.134894     
11      34.3791       0.137346     
12      4.42261       0.139114     
13      2.40636       0.147014     
14      61.229        0.16618      
15      8.30755       0.172828     
16      11.874        0.173763     
17      9.50004       0.173898     
18      16.1942       0.175633     
19      2.27855       0.182469     
20      13.6349       0.19532      
21      0.392587      0.195369     
22      9.75493       0.207998     
23      12.8724       0.214965     
24      12.5432       0.235618     
25      19.3734       0.238845     
26      3.24014       0.240319     
27      1.92432       0.252185     
28      16.0866       0.254264     
29      25.5582       0.258318     
30      5.15456       0.261399     
31      15.7672       0.283471     
32      12.4877       0.299251     
33      11.4734       0.314325     
34      21.4913       0.315738     
35      48.3613       0.337125     
36      24.9404       0.338208     
37      17.3148       0.365692     
38      25.8015       0.367411     
39      9.73456       0.38473      
40      2.74485       0.394266     
41      5.64379       0.397244     
42      4.77354       0.397884     
43      0.787925      0.399897     
44      0.50118       0.400385     
45      9.58484       0.400666     
46      2.1621        0.401929     
47      2.59523       0.403882     
48      4.24126       0.410105     
49      6.05492       0.412388     
50      10.4852       0.413137     
51      4.82668       0.418454     
52      11.8887       0.425813     
53      17.0364       0.435106     
54      1.6874        0.486347     
55      9.73574       0.487763     
56      69.536        0.495854     
57      33.0017       0.502619     
58      16.9577       0.529798     
59      24.3264       0.530868     
60      14.1222       0.541192     
61      3.19018       0.544982     
62      5.37393       0.549004     
63      2.03972       0.557151     
64      2.9854        0.557525     
65      7.85214       0.560341     
66      6.63079       0.578602     
67      10.5534       0.580657     
68      8.66393       0.582942     
69      2.37518       0.58655      
70      3.17641       0.593663     
71      6.30665       0.597742     
72      25.8356       0.607049     
73      18.7542       0.616733     
74      20.8256       0.617681     
75      47.682        0.619483     
76      53.8753       0.639293     
77      24.9843       0.63982      
78      17.4995       0.643769     
79      31.3219       0.707182     
80      27.0103       0.709821     
81      35.1938       0.720209     
82      27.7374       0.724307     
83      47.7747       0.725514     
84      25.6277       0.725696     
85      64.813        0.728634     
86      6.8192        0.769691     
87      3.99246       0.77343      
88      5.03534       0.776982     
89      3.34982       0.779438     
90      8.72525       0.780052     
91      0.769871      0.780815     
92      6.00622       0.783046     
93      3.24332       0.789024     
94      7.94601       0.789799     
95      9.51727       0.798626     
96      27.5207       0.819172     
97      2.11315       0.831868     
98      34.8903       0.834614     
99      17.1635       0.839969     
100     5.3995        0.854821     
101     4.30224       0.868664     
102     35.3387       0.875217     
103     6.21427       0.879042     
104     17.0055       0.894187     
105     17.1303       0.898981     
106     27.446        0.916328     
107     21.6561       0.921991     
108     15.0673       0.924743     
109     3.74762       0.9314       
110     10.4623       0.945421     
111     10.6554       0.984817     
112     6.00744       1.00262      
113     13.3896       1.0042       
114     20.8696       1.00946      
115     7.9676        1.03497      
116     18.0941       1.03574      
117     38.4251       1.04158      
118     0.951054      1.04509      
119     49.9686       1.04528      
120     9.44751       1.04973      
121     30.6514       1.07949      
122     3.60266       1.09495      
123     9.58599       1.09642      
124     6.65109       1.09694      
125     11.4323       1.09697      
126     6.88141       1.09847      
127     0.694369      1.1082       
128     5.37095       1.10843      
129     0.698156      1.10866      
130     8.17977       1.12197      
131     10.3074       1.13428      
132     18.2436       1.13658      
133     8.52333       1.13913      
134     5.2236        1.14689      
135     13.5227       1.17112      
136     8.89012       1.17422      
137     11.7076       1.17616      
138     17.9385       1.17708      
139     40.7312       1.19718      
140     17.3067       1.199        
141     0.776769      1.20197      
142     14.3624       1.21233      
143     8.96214       1.21434      
144     26.2756       1.24763      
145     6.94967       1.26116      
146     13.9912       1.26703      
147     13.9986       1.28325      
148     15.7996       1.28633      
149     20.2593       1.30043      
150     9.23967       1.31188      
151     2.25691       1.32122      
152     7.67039       1.32242      
153     10.6328       1.33769      
154     37.0557       1.36571      
155     26.7338       1.36995      
156     105.284       1.37122      
157     39.4333       1.37255      
158     11.9222       1.4337       
159     11.508        1.44352      
160     58.1107       1.44413      
161     16.1975       1.46132      
162     17.1758       1.4667       
163     18.9343       1.48902      
164     11.1634       1.50867      
165     12.8629       1.52122      
166     29.8661       1.5242       
167     10.7938       1.5449       
168     4.82059       1.55792      
169     6.83849       1.55934      
170     8.58871       1.57017      
171     3.07018       1.57814      
172     2.96688       1.57847      
173     5.87807       1.58022      
174     12.774        1.58193      
175     6.64177       1.58219      
176     4.24946       1.58219      
177     2.89852       1.58466      
178     12.701        1.59738      
179     9.51654       1.61812      
180     8.65304       1.62157      
181     26.7776       1.62316      
182     9.70856       1.64625      
183     7.2543        1.64628      
184     11.9581       1.66608      
185     18.867        1.66686      
186     17.5964       1.69893      
187     99.2513       1.70937      
188     50.6155       1.71181      
189     12.2807       1.71242      
190     157.063       1.72526      
191     163.462       1.74731      
192     16.9293       1.7532       
193     211.849       1.76843      
194     14.3752       1.80286      
195     52.5589       1.81168      
196     134.126       1.81282      
197     18.8572       1.81406      
198     20.3427       1.85894      
199     21.5466       1.8623       
200     99.1255       1.86432      
201     93.1519       1.8649       
202     35.5618       1.87746      
203     16.3646       1.87899      
204     3.44048       1.90518      
205     2.45318       1.92557      
206     2.92869       1.92598      
207     16.1536       1.93506      
208     35.2627       1.9424       
209     24.2274       1.95041      
210     6.90524       1.95202      
211     5.18474       1.97384      
212     5.16803       1.97409      
213     3.22595       1.97898      
214     4.70672       1.98454      
215     13.2991       1.98566      
216     14.2941       1.98702      
217     4.24108       1.99577      
218     3.91033       2.01692      
219     23.0694       2.04242      
220     29.2481       2.04677      
221     38.7831       2.06774      
222     168.051       2.07971      
223     28.6081       2.08172      
224     56.4519       2.10352      
225     18.8452       2.10433      
226     8.99434       2.10513      
227     361.066       2.11846      
228     118.946       2.14075      
229     19.8252       2.14761      
230     139.075       2.15429      
231     8.78016       2.16755      
232     178.448       2.17961      
233     16.1255       2.18662      
234     14.1002       2.2147       
235     3.92977       2.22555      
236     4.11705       2.23365      
237     5.83623       2.24372      
238     2.70253       2.27026      
239     17.5641       2.27483      
240     20.5572       2.27541      
241     15.8874       2.27862      
242     15.98         2.28079      
243     59.2935       2.28108      
244     12.5098       2.31917      
245     19.2795       2.3217       
246     4.35976       2.32755      
247     6.42931       2.34187      
248     9.36612       2.35582      
249     8.56936       2.36341      
250     44.1006       2.37344      
251     10.4389       2.37516      
252     0.563092      2.39469      
253     8.19815       2.39499      
254     36.479        2.41213      
255     20.7956       2.41327      
256     18.8582       2.41961      
257     4.42342       2.43509      
258     5.81355       2.43915      
259     18.4458       2.44641      
260     18.1327       2.45513      
261     16.6461       2.46031      
262     22.2431       2.47943      
263     10.6172       2.50181      
264     8.18935       2.51066      
265     9.10667       2.52098      
266     23.278        2.54923      
267     18.9534       2.55009      
268     7.16017       2.57453      
269     41.1428       2.57723      
270     35.6033       2.57761      
271     12.2319       2.57947      
272     8.74536       2.58218      
273     15.8853       2.58716      
274     7.02837       2.59739      
275     13.825        2.60862      
276     15.0884       2.62658      
277     45.5673       2.63733      
278     10.7982       2.65901      
279     18.1345       2.68697      
280     18.792        2.70991      
281     18.8706       2.74444      
282     16.3555       2.74471      
283     7.36312       2.7642       
284     6.96177       2.76831      
285     1.77418       2.77379      
286     2.4882        2.7747       
287     11.2137       2.77598      
288     10.7229       2.78278      
289     26.5831       2.78779      
290     0.20977       2.79422      
291     8.5281        2.79427      
292     16.5105       2.80675      
293     31.8869       2.8126       
294     22.2289       2.81321      
295     7.85424       2.81736      
296     37.5997       2.83325      
297     17.1728       2.84636      
298     18.9308       2.84766      
299     6.82845       2.86875      
300     2.46342       2.88028      
301     13.4196       2.88238      
302     4.69979       2.8838       
303     10.1127       2.89759      
304     2.61261       2.89787      
305     12.888        2.92151      
306     15.1203       2.93282      
307     7.46702       2.95503      
308     8.89506       2.9598       
309     11.5817       2.9604       
310     8.07812       2.96225      
311     15.7704       2.98675      
312     22.5964       2.99815      
313     18.8629       2.99945      
314     6.1261        3.02472      
315     3.79666       3.03597      
316     4.19366       3.04177      
317     2.06736       3.04621      
318     17.9139       3.04833      
319     10.2617       3.056        
320     43.0908       3.07696      
321     19.1042       3.08248      
322     297.537       3.08744      
323     92.601        3.09111      
324     6.70453       3.11307      
325     122.588       3.12725      
326     55.3697       3.12784      
327     13.4096       3.13122      
328     24.2024       3.14952      
329     11.6226       3.15059      
330     3.51345       3.16268      
331     13.7072       3.18651      
332     32.9597       3.187        
333     7.65899       3.18703      
334     25.8895       3.18835      
335     23.5946       3.18939      
336     12.4829       3.22653      
337     25.2227       3.22751      
338     10.8022       3.2335       
339     24.6244       3.26742      
340     18.1363       3.27088      
341     8.43012       3.28553      
342     13.9961       3.28884      
343     11.8934       3.3053       
344     0.600732      3.33278      
345     20.9578       3.3342       
346     65.8772       3.34498      
347     19.0743       3.35368      
348     43.3676       3.35739      
349     9.08852       3.39533      
350     21.006        3.40489      
351     5.26944       3.42116      
352     19.845        3.43364      
353     4.52434       3.46323      
354     0.976524      3.46436      
355     15.7274       3.46768      
356     9.38119       3.47207      
357     7.26316       3.49262      
358     5.38198       3.49405      
359     10.0557       3.49429      
360     16.4489       3.52208      
361     18.7517       3.52345      
362     6.29106       3.52422      
363     191.649       3.53431      
364     87.8949       3.55035      
365     26.1504       3.55244      
366     25.2656       3.58251      
367     65.0701       3.58498      
368     19.3838       3.58499      
369     24.1879       3.6231       
370     9.08202       3.62372      
371     3.45125       3.63112      
372     6.07083       3.63151      
373     24.2553       3.63431      
374     0.172084      3.63441      
375     0.518479      3.63536      
376     5.2147        3.64596      
377     10.5583       3.64912      
378     6.35738       3.65195      
379     3.27815       3.66159      
380     1.5555        3.66198      
381     4.37973       3.6741       
382     12.662        3.67453      
383     15.6327       3.68396      
384     2.20114       3.69167      
385     2.20704       3.69201      
386     2.73941       3.70047      
387     6.8041        3.70104      
388     12.4441       3.70154      
389     9.40834       3.71554      
390     9.7226        3.73174      
391     8.71783       3.74232      
392     388.666       3.74594      
393     0.323473      3.74765      
394     7.87185       3.75705      
395     25.5266       3.76589      
396     40.9128       3.7968       
397     36.6713       3.82078      
398     6.7002        3.82462      
399     3.73983       3.83234      
400     18.1349       3.83566      
401     10.9939       3.83982      
402     6.40705       3.84451      
403     24.1992       3.86428      
404     7.61753       3.87793      
405     9.0997        3.89783      
406     4.15206       3.90996      
407     1.82269       3.91011      
408     12.606        3.92839      
409     11.419        3.92946      
410     13.8895       3.9377       
411     12.7916       3.94         
412     5.38824       3.9562       
413     21.7287       3.97992      
414     3.16018       4.00596      
415     14.4146       4.03393      
416     15.1601       4.04599      
417     26.0043       4.04782      
418     384.644       4.05797      
419     0.479044      4.06313      
420     0.556477      4.06555      
421     4.27683       4.08193      
422     14.3542       4.08317      
423     9.83534       4.09142      
424     2.69337       4.09244      
425     5.59948       4.1051       
426     8.05525       4.11347      
427     5.06837       4.12842      
428     16.2358       4.13007      
429     21.9696       4.13862      
430     21.9402       4.13961      
431     8.91304       4.14486      
432     8.54768       4.15038      
433     5.43296       4.15575      
434     14.3869       4.17006      
435     11.7442       4.17015      
436     3.32156       4.18119      
437     4.80673       4.18661      
438     5.93604       4.18891      
439     3.83918       4.1915       
440     2.65355       4.19435      
441     1.04112       4.19606      
442     0.341225      4.19609      
443     3.73371       4.19994      
444     8.93119       4.20457      
445     44.8285       4.20622      
446     28.4782       4.20772      
447     8.07043       4.2095       
448     1.34652       4.21256      
449     3.68298       4.21752      
450     0.355742      4.22011      
451     64.7198       4.22155      
452     6.23237       4.22333      
453     1.70642       4.22546      
454     0.690434      4.22731      
455     2.56592       4.22951      
456     3.98427       4.23644      
457     10.3929       4.24456      
458     64.1246       4.24788      
459     40.0839       4.25013      
460     22.2872       4.25368      
461     1.1224        4.25409      
462     9.46928       4.26207      
463     1.88369       4.26791      
464     2.73448       4.27122      
465     6.85147       4.2771       
466     8.01068       4.28834      
467     5.76088       4.28896      
468     2.32379       4.29615      
469     7.87568       4.30045      
470     8.96119       4.30548      
471     11.5198       4.30692      
472     17.4727       4.31006      
473     6.60424       4.31706      
474     1.94167       4.31784      
475     4.51167       4.32746      
476     1.44555       4.33433      
477     4.06022       4.33524      
478     7.98535       4.33577      
479     0.206634      4.33688      
480     9.79471       4.33698      
481     2.53594       4.34067      
482     12.7996       4.35261      
483     5.66778       4.37023      
484     13.1826       4.37359      
485     10.5496       4.38404      
486     11.4282       4.38575      
487     10.6175       4.39419      
488     18.2897       4.40787      
489     6.12826       4.409        
490     8.74915       4.41306      
491     5.76954       4.42313      
492     7.2698        4.43399      
493     10.8355       4.43882      
494     11.9756       4.44462      
495     7.58594       4.46033      
496     11.261        4.46994      
497     5.32632       4.47964      
498     17.2529       4.50219      
499     10.5049       4.50227      
500     53.2574       4.50289      
501     31.7741       4.50322      
502     6.81654       4.53508      
503     6.45822       4.53922      
504     7.45083       4.54011      
505     53.5252       4.54144      
506     2.68894       4.54703      
507     17.3904       4.55848      
508     9.63894       4.55922      
509     6.92493       4.57242      
510     4.24623       4.57356      
511     9.80247       4.58189      
512     2.4556        4.59155      
513     9.66777       4.59943      
514     15.8985       4.61323      
515     0.863869      4.62099      
516     0.821022      4.62286      
517     2.8588        4.62651      
518     6.39445       4.63196      
519     81.2665       4.6432       
520     210.473       4.64413      
521     14.8248       4.65267      
522     19.9039       4.66201      
523     23.1852       4.66325      
524     7.92206       4.67135      
525     12.546        4.70084      
526     1.92323       4.71393      
527     12.3692       4.72086      
528     15.4731       4.72242      
529     17.5192       4.72401      
530     19.3829       4.7273       
531     24.4799       4.72931      
532     1.91347       4.73645      
533     6.40295       4.74207      
534     4.33069       4.74481      
535     11.6206       4.75741      
536     8.38796       4.75979      
537     3.12679       4.77536      
538     3.9561        4.7758       
539     5.58872       4.776        
540     3.91931       4.78725      
541     12.5493       4.79318      
542     2.62001       4.79873      
543     10.528        4.79883      
544     16.4427       4.80503      
545     49.545        4.81094      
546     15.1014       4.81918      
547     4.47182       4.82056      
548     4.55454       4.84031      
549     87.2681       4.84633      
550     18.7184       4.86374      
551     19.9555       4.86677      
552     15.2339       4.8744       
553     6.10943       4.89998      
554     9.566         4.9122       
555     6.45694       4.91454      
556     9.07944       4.92427      
557     4.77922       4.94122      
558     0.432992      4.94589      
559     92.0045       4.94741      
560     13.5915       4.95267      
561     10.1576       4.95693      
562     1.50549       4.9726       
563     44.2699       4.97649      
564     13.3548       4.98062      
565     26.2174       4.98211      
566     18.2919       5.01423      
567     14.369        5.0147       
568     9.63185       5.0477       
569     10.8353       5.04848      
570     5.22428       5.07723      
571     10.4736       5.07832      
572     3.35742       5.08264      
573     7.92038       5.08505      
574     6.16362       5.09165      
575     5.05519       5.09243      
576     6.50526       5.1092       
577     6.69767       5.11276      
578     67.7345       5.11757      
579     11.0241       5.16146      
580     3.33175       5.16651      
581     8.33779       5.16709      
582     10.8145       5.16823      
583     5.05898       5.16934      
584     12.6185       5.19732      
585     16.6882       5.20432      
586     7.99833       5.20704      
587     18.6325       5.20993      
588     11.6144       5.21065      
589     28.6733       5.21103      
590     11.2888       5.22562      
591     4.91372       5.22621      
592     9.38441       5.22842      
593     5.10358       5.24268      
594     5.10982       5.24323      
595     14.0481       5.25294      
596     4.85635       5.25385      
597     4.06476       5.26662      
598     7.86096       5.26665      
599     3.35519       5.27051      
600     3.37538       5.27069      
601     3.53878       5.27389      
602     7.5262        5.28589      
603     8.64694       5.2891       
604     5.00835       5.29073      
605     10.2439       5.29335      
606     5.99077       5.29372      
607     8.1059        5.2954       
608     2.14045       5.29713      
609     12.1549       5.29726      
610     5.7775        5.30523      
611     2.26406       5.31235      
612     4.38834       5.31287      
613     2.16834       5.31319      
614     0.969671      5.31908      
615     6.17532       5.3196       
616     0.719898      5.32004      
617     4.04932       5.32108      
618     6.2254        5.32446      
619     0.473686      5.32454      
620     7.52616       5.33117      
621     0.66739       5.33127      
622     3.83864       5.34127      
623     0.367533      5.34199      
624     4.58922       5.3421       
625     0.408457      5.3422       
626     1.57691       5.36539      
627     1.11731       5.36642      
628     2.60282       5.36735      
629     0.561728      5.36806      
630     3.50263       5.36861      
631     14.1507       5.36938      
632     0.748097      5.36967      
633     8.41816       5.37024      
634     1.0218        5.37073      
635     4.37827       5.37239      
636     2.21951       5.37371      
637     6.15931       5.38715      
638     0.618558      5.38726      
639     3.73022       5.39747      
640     15.0451       5.39857      
641     2.4381        5.40595      
642     0.445125      5.40597      
643     0.940593      5.41903      
644     0.486048      5.42022      
645     23.5523       5.42027      
646     7.8879        5.42695      
647     2.60718       5.43256      
648     13.9222       5.43469      
649     3.3448        5.43542      
650     11.4236       5.43552      
651     3.73281       5.43789      
652     9.75618       5.44514      
653     7.95135       5.45463      
654     5.1707        5.45486      
655     14.4357       5.45497      
656     3.22815       5.4985       
657     4.29666       5.49968      
658     1.24345       5.50038      
659     2.10753       5.50061      
660     1.56388       5.50084      
661     18.5894       5.51797      
662     16.0028       5.52015      
663     6.33048       5.52277      
664     4.36142       5.52292      
665     4.21069       5.52744      
666     1.045         5.55628      
667     4.05049       5.55681      
668     1.72834       5.55708      
669     2.4792        5.55785      
670     0.40031       5.55791      
671     4.10943       5.56642      
672     2.84844       5.56865      
673     2.88888       5.5691       
674     1.63953       5.57451      
675     11.5033       5.57495      
676     3.49113       5.57799      
677     5.17253       5.57921      
678     2.03675       5.57992      
679     1.64839       5.58125      
680     0.706648      5.58317      
681     6.0992        5.5852       
682     66.2981       5.58739      
683     0.187702      5.58767      
684     9.98371       5.5902       
685     0.893261      5.59347      
686     21.688        5.60627      
687     2.33668       5.60635      
688     2.74681       5.60954      
689     8.41605       5.63052      
690     11.1449       5.63158      
691     0.959822      5.65183      
692     0.808183      5.65213      
693     9.42963       5.65336      
694     4.56891       5.65338      
695     1.56885       5.65589      
696     6.65879       5.65595      
697     6.45623       5.65637      
698     0.6786        5.65711      
699     1.76291       5.65923      
700     0.31138       5.66027      
701     7.88855       5.66036      
702     3.45238       5.66147      
703     24.0682       5.68828      
704     5.15259       5.69812      
705     6.27774       5.69935      
706     3.23125       5.6995       
707     2.23204       5.70304      
708     0.402556      5.70306      
709     2.7909        5.71411      
710     4.11481       5.71416      
711     6.02365       5.71937      
712     6.02558       5.71938      
713     11.0581       5.74579      
714     11.8432       5.74677      
715     1.98077       5.74882      
716     20.8067       5.75936      
717     9.14841       5.76012      
718     7.3676        5.76728      
719     4.39318       5.76895      
720     7.15233       5.78073      
721     10.0384       5.79542      
722     33.9421       5.80252      
723     33.9209       5.80493      
724     18.6839       5.80632      
725     6.99701       5.80808      
726     2.63789       5.82739      
727     44.1427       5.83094      
728     18.7981       5.83665      
729     12.1737       5.83822      
730     24.1073       5.84222      
731     1.33135       5.84432      
732     2.19615       5.84784      
733     8.25098       5.85225      
734     22.9778       5.8546       
735     0.506014      5.85537      
736     1.87308       5.85727      
737     13.4087       5.87004      
738     20.1076       5.87238      
739     0.466807      5.87303      
740     4.6037        5.88203      
741     5.08238       5.88812      
742     6.7046        5.88822      
743     3.51034       5.89383      
744     4.47836       5.89723      
745     15.8356       5.90053      
746     9.54235       5.90412      
747     0.928841      5.91527      
748     6.84053       5.91529      
749     10.5306       5.91616      
750     2.45124       5.91643      
751     3.14386       5.91826      
752     5.48645       5.92778      
753     12.5231       5.93385      
754     18.0161       5.93877      
755     0.87418       5.9551       
756     20.2345       5.95587      
757     6.72596       5.97308      
758     6.72631       5.97312      
759     11.5514       5.9879       
760     6.92805       5.99859      
761     0.690389      5.9987       
762     19.1084       6.03229      
763     15.3161       6.04272      
764     0.270199      6.04276      
765     19.7478       6.05087      
766     15.1568       6.0718       
767     15.6376       6.07602      
768     34.0419       6.07648      
769     0.519004      6.07842      
770     3.49655       6.08918      
771     2.28025       6.08961      
772     4.6025        6.09034      
773     1.56721       6.09241      
774     11.4019       6.0978       
775     8.109         6.1066       
776     3.06734       6.13635      
777     0.829674      6.13859      
778     16.809        6.13963      
779     2.30416       6.14015      
780     0.792708      6.14091      
781     1.43131       6.14758      
782     5.12825       6.14763      
783     1.09663       6.15183      
784     11.1444       6.15211      
785     7.43547       6.15472      
786     20.5861       6.15554      
787     20.4539       6.15996      
788     13.6363       6.1718       
789     4.23501       6.19828      
790     8.97242       6.19832      
791     38.0529       6.20419      
792     19.2771       6.23133      
793     14.3692       6.25597      
