0       0.950936      0.0          
1       4.02118       0.00188013   
2       1.64519       0.022327     
3       0.472218      0.0240405    
4       14.932        0.0241852    
5       0.56369       0.024513     
6       1.10284       0.025159     
7       0.504826      0.0352848    
8       4.59478       0.035392     
9       5.05195       0.0372967    
10      1.92228       0.0401583    
11      2.85938       0.0411326    
12      5.9493        0.0411757    
13      3.84841       0.0431286    
14      2.98363       0.0532051    
15      12.9975       0.0533691    
16      6.69727       0.0577641    
17      0.579269      0.0785091    
18      20.1057       0.0789247    
19      0.50271       0.0792463    
20      3.32828       0.0842017    
21      3.4665        0.0878252    
22      12.2098       0.0891065    
23      8.31588       0.0899366    
24      12.6418       0.095474     
25      7.1117        0.0957835    
26      3.42969       0.0973491    
27      12.8807       0.101656     
28      15.4533       0.137219     
29      3.8571        0.14461      
30      0.493911      0.145623     
31      8.16056       0.145885     
32      2.60004       0.147617     
33      6.62063       0.155074     
34      4.53606       0.156974     
35      3.13895       0.157705     
36      2.73906       0.159358     
37      0.826844      0.190151     
38      0.625818      0.191013     
39      0.537112      0.192007     
40      70.5446       0.192116     
41      0.534385      0.19266      
42      0.893624      0.194328     
43      5.78785       0.21062      
44      12.3308       0.212461     
45      2.50427       0.214051     
46      3.14425       0.214781     
47      0.452387      0.214907     
48      2.55647       0.229901     
49      20.1546       0.232945     
50      2.68105       0.23468      
51      9.42544       0.235561     
52      4.86742       0.237668     
53      0.471528      0.237857     
54      2.29014       0.242235     
55      3.16278       0.243566     
56      4.62541       0.244391     
57      0.478327      0.249124     
58      2.87868       0.249196     
59      0.478773      0.249269     
60      3.39829       0.279279     
61      1.83154       0.283043     
62      5.29787       0.283699     
63      1.20118       0.286856     
64      10.8987       0.287392     
65      17.8494       0.288705     
66      2.11742       0.290458     
67      0.461855      0.291161     
68      5.87847       0.291503     
69      2.34114       0.291978     
70      4.78378       0.299655     
71      4.81814       0.300042     
72      8.63681       0.31307      
73      16.5207       0.314036     
74      9.13416       0.322491     
75      9.86646       0.33997      
76      2.70407       0.358348     
77      8.09905       0.359121     
78      4.19456       0.368661     
79      0.48754       0.375197     
80      24.4016       0.37645      
81      35.5818       0.379775     
82      11.0108       0.381642     
83      4.30332       0.392109     
84      11.5757       0.405422     
85      12.4357       0.421681     
86      8.95126       0.42355      
87      6.39308       0.430438     
88      3.18482       0.436326     
89      31.2383       0.438958     
90      6.03898       0.444478     
91      5.82252       0.448956     
92      33.947        0.451845     
93      0.465803      0.452678     
94      4.5761        0.457982     
95      2.98045       0.459666     
96      2.99346       0.459737     
97      20.5767       0.465194     
98      25.0241       0.466886     
99      15.8756       0.475683     
100     0.343754      0.486363     
101     15.8451       0.486454     
102     3.48905       0.500506     
103     10.0473       0.502943     
104     6.82505       0.510757     
105     9.76644       0.510773     
106     20.3241       0.51279      
107     0.264112      0.513018     
108     4.88459       0.515466     
109     4.47771       0.520184     
110     12.0069       0.52724      
111     3.64716       0.527809     
112     4.66147       0.536748     
113     16.8793       0.536886     
114     6.18877       0.567986     
115     2.08705       0.568859     
116     0.298136      0.568893     
117     3.66658       0.592965     
118     0.534279      0.592999     
119     0.893823      0.604575     
120     3.24191       0.604835     
121     0.440646      0.604908     
122     3.0072        0.611254     
123     4.54398       0.613685     
124     30.787        0.61484      
125     0.378123      0.61527      
126     2.26424       0.617246     
127     6.50581       0.619189     
128     4.55926       0.640471     
129     0.421831      0.640596     
130     4.07042       0.641386     
131     13.6915       0.647687     
132     6.75622       0.653871     
133     2.01591       0.653934     
134     1.17013       0.655075     
135     10.112        0.659411     
136     3.94757       0.665589     
137     2.6157        0.665775     
138     0.869609      0.682526     
139     10.2719       0.682661     
140     13.6272       0.682865     
141     17.1567       0.711414     
142     9.16367       0.712862     
143     31.2907       0.713671     
144     17.1255       0.720907     
145     3.73888       0.726416     
146     3.75832       0.72698      
147     7.51301       0.731402     
148     2.81763       0.752871     
149     0.48302       0.752904     
150     2.51725       0.765743     
151     0.424383      0.769049     
152     14.9631       0.769397     
153     0.542201      0.770122     
154     14.7448       0.773507     
155     17.055        0.77519      
156     13.0452       0.801103     
157     47.1853       0.806443     
158     0.590053      0.807695     
159     1.90442       0.829073     
160     28.2413       0.831107     
161     11.1513       0.835957     
162     10.0112       0.837224     
163     28.9066       0.845576     
164     8.00524       0.852066     
165     5.95276       0.874203     
166     12.1314       0.875593     
167     9.78596       0.88253      
168     5.28382       0.883727     
169     37.1524       0.887733     
170     10.946        0.893033     
171     12.4305       0.901367     
172     16.7053       0.90224      
173     5.19765       0.908942     
174     4.94159       0.914762     
175     11.3503       0.915242     
176     8.10248       0.917572     
177     2.9516        0.919927     
178     4.92401       0.928869     
179     3.205         0.928926     
180     10.303        0.946811     
181     16.8112       0.954645     
182     40.1351       0.955191     
183     25.2415       0.966739     
184     17.8942       0.97372      
185     33.2729       0.975809     
186     27.8932       0.978308     
187     1.66597       0.984212     
188     15.824        0.993793     
189     24.4396       0.999835     
190     0.889158      1.10416      
191     23.2969       1.10491      
192     0.54378       1.10497      
193     9.0645        1.14681      
194     6.30075       1.14712      
195     6.20332       1.14786      
196     10.1917       1.14801      
197     10.2412       1.14989      
198     14.7276       1.15146      
199     8.44496       1.17245      
200     12.608        1.17621      
201     24.4566       1.20691      
202     11.6425       1.22913      
203     14.7602       1.24378      
204     29.223        1.2446       
205     20.4593       1.24566      
206     38.4073       1.25407      
207     8.11619       1.25579      
208     11.9212       1.26557      
209     5.2329        1.2751       
210     5.29462       1.27631      
211     9.14112       1.28628      
212     12.0948       1.30372      
213     2.61861       1.32156      
214     5.82247       1.3223       
215     0.673821      1.32256      
216     5.72462       1.33543      
217     7.97656       1.33744      
218     14.267        1.34159      
219     8.71397       1.34854      
220     18.2286       1.35857      
221     23.3346       1.36039      
222     9.00997       1.36998      
223     50.2437       1.37606      
224     17.1671       1.37979      
225     8.19415       1.38504      
226     7.28984       1.39011      
227     13.3574       1.40302      
228     10.1507       1.4037       
229     10.9521       1.4043       
230     42.2937       1.42084      
231     7.48732       1.42258      
232     41.531        1.42778      
233     22.621        1.42897      
234     20.4244       1.43936      
235     23.4289       1.44281      
236     19.1492       1.4708       
237     20.0224       1.47442      
238     12.0313       1.49479      
239     3.21056       1.49585      
240     12.8364       1.49634      
241     6.58889       1.51439      
242     3.6344        1.52311      
243     9.31533       1.52439      
244     22.7566       1.54098      
245     83.3151       1.54516      
246     9.36368       1.56245      
247     5.46649       1.58205      
248     32.7179       1.60135      
249     12.2126       1.60257      
250     40.7036       1.64389      
251     50.6918       1.64784      
252     17.9339       1.65127      
253     33.2045       1.6589       
254     124.272       1.67161      
255     26.0553       1.6896       
256     54.7226       1.6958       
257     91.9833       1.70186      
258     13.444        1.70854      
259     13.6326       1.70989      
260     0.308841      1.70991      
261     157.677       1.71855      
262     18.5579       1.72562      
263     0.755143      1.73584      
264     16.2884       1.73646      
265     2.58678       1.73903      
266     4.64202       1.74441      
267     2.72903       1.74474      
268     4.94986       1.74605      
269     11.4218       1.77268      
270     25.5671       1.77678      
271     232.17        1.78837      
272     8.95993       1.79878      
273     21.5277       1.81804      
274     17.7289       1.83651      
275     119.077       1.85296      
276     26.3156       1.86178      
277     17.4069       1.88478      
278     123.339       1.89183      
279     12.3191       1.9061       
280     2.87999       1.9175       
281     3.44307       1.9205       
282     5.81335       1.92186      
283     6.45508       1.92202      
284     3.00245       1.92534      
285     6.83548       1.9269       
286     6.33665       1.93104      
287     16.6884       1.95138      
288     9.94015       1.96562      
289     19.6993       1.97363      
290     11.8869       1.97734      
291     55.4537       1.98275      
292     3.25454       2.00214      
293     10.8357       2.00811      
294     36.9152       2.01667      
295     10.9774       2.02414      
296     91.6561       2.02581      
297     119.782       2.0335       
298     8.20591       2.04014      
299     20.1348       2.05353      
300     30.9234       2.06479      
301     10.1853       2.07423      
302     12.0075       2.07445      
303     9.33754       2.07651      
304     42.3652       2.07857      
305     5.08499       2.09194      
306     5.56897       2.1031       
307     20.4567       2.12004      
308     8.20523       2.12431      
309     12.1598       2.15416      
310     19.9005       2.15625      
311     29.4597       2.16237      
312     16.2682       2.17341      
313     16.8654       2.19732      
314     17.7252       2.19942      
315     23.204        2.19998      
316     11.8234       2.20653      
317     11.3101       2.21415      
318     11.5908       2.23488      
319     16.6066       2.2478       
320     9.00023       2.26482      
321     6.90986       2.286        
322     30.795        2.30554      
323     18.9957       2.30606      
324     26.1657       2.30845      
325     15.194        2.34         
326     30.5745       2.34107      
327     30.5736       2.34111      
328     13.1334       2.36169      
329     8.84308       2.37768      
330     12.3299       2.39637      
331     25.0571       2.39842      
332     20.0867       2.3985       
333     7.33069       2.40269      
334     10.5911       2.41634      
335     2.67501       2.42561      
336     1.73529       2.42588      
337     9.10699       2.42876      
338     2.15648       2.42993      
339     3.51158       2.4369       
340     7.4458        2.4386       
341     11.6257       2.43868      
342     10.996        2.44899      
343     8.27077       2.45755      
344     16.3352       2.46565      
345     13.4794       2.46856      
346     4.8329        2.48734      
347     9.30726       2.48833      
348     9.29089       2.49111      
349     10.0321       2.49224      
350     2.26464       2.49637      
351     18.1287       2.51442      
352     20.896        2.51823      
353     12.5142       2.52668      
354     27.6631       2.52695      
355     19.0798       2.5499       
356     46.3719       2.55615      
357     0.350584      2.55683      
358     12.6432       2.56428      
359     6.24505       2.57304      
360     17.1702       2.57974      
361     5.17151       2.59533      
362     16.8779       2.60998      
363     8.85352       2.61291      
364     3.27146       2.63092      
365     5.95253       2.64079      
366     93.3145       2.65784      
367     20.0719       2.65884      
368     21.1394       2.66209      
369     3.52133       2.67975      
370     4.52035       2.687        
371     33.6828       2.71616      
372     50.5674       2.72037      
373     391.896       2.74293      
374     18.042        2.75727      
375     18.4966       2.77943      
376     19.4113       2.78957      
377     53.8878       2.79014      
378     8.85088       2.80426      
379     121.325       2.81218      
380     26.5666       2.81427      
381     14.4111       2.84084      
382     165.3         2.86952      
383     12.1403       2.87255      
384     84.135        2.87323      
385     15.1983       2.89957      
386     20.9025       2.89995      
387     18.87         2.91799      
388     21.3241       2.93824      
389     66.9775       2.94345      
390     10.561        2.97493      
391     5.90603       2.98709      
392     10.5477       3.00592      
393     13.4098       3.01021      
394     0.273076      3.01034      
395     24.3805       3.01966      
396     22.1108       3.02153      
397     2.04826       3.02724      
398     3.1844        3.04415      
399     13.8916       3.04712      
400     15.3941       3.06517      
401     17.2804       3.06673      
402     8.68303       3.09049      
403     5.96921       3.0934       
404     3.00629       3.09572      
405     10.5441       3.09725      
406     5.83154       3.10192      
407     13.2072       3.11817      
408     54.922        3.14187      
409     64.6311       3.14517      
410     62.1693       3.14675      
411     18.1209       3.14898      
412     8.4448        3.17451      
413     6.33667       3.19009      
414     23.9072       3.19356      
415     7.79612       3.20616      
416     7.78317       3.20748      
417     7.79156       3.20779      
418     2.10237       3.22795      
419     17.4707       3.23501      
420     14.5755       3.23513      
421     18.5833       3.2396       
422     27.6872       3.23984      
423     1.61932       3.24399      
424     11.7654       3.28476      
425     19.6365       3.29557      
426     7.26913       3.31244      
427     12.9408       3.32003      
428     7.88751       3.32006      
429     7.32357       3.33229      
430     7.68227       3.34737      
431     16.3992       3.35292      
432     15.507        3.35366      
433     6.57214       3.35979      
434     15.7854       3.36656      
435     6.44616       3.38763      
436     2.615         3.38779      
437     5.36129       3.39045      
438     2.93157       3.39256      
439     3.66692       3.39399      
440     5.80016       3.39422      
441     1.06646       3.39742      
442     0.657688      3.39807      
443     0.482667      3.39825      
444     6.31811       3.39848      
445     0.383429      3.39858      
446     2.66314       3.40216      
447     3.56508       3.4155       
448     7.89055       3.42105      
449     19.4407       3.44181      
450     15.5274       3.44208      
451     19.4404       3.44322      
452     6.92588       3.46093      
453     33.3641       3.46195      
454     0.264724      3.47021      
455     86.3932       3.47133      
456     14.4399       3.47623      
457     11.7095       3.48654      
458     6.99168       3.50854      
459     27.2894       3.5213       
460     12.6591       3.53258      
461     289.392       3.53265      
462     12.6085       3.54173      
463     2.15954       3.54526      
464     4.90903       3.54607      
465     3.65921       3.5474       
466     5.87224       3.54755      
467     1.5408        3.54995      
468     19.0379       3.5742       
469     15.1663       3.57602      
470     14.2081       3.57664      
471     13.082        3.59876      
472     12.5848       3.60677      
473     2.25631       3.60879      
474     31.7843       3.6292       
475     47.3132       3.63069      
476     34.1555       3.64558      
477     16.1105       3.64741      
478     37.1794       3.66008      
479     29.005        3.6784       
480     8.39477       3.68093      
481     22.5976       3.68215      
482     9.86892       3.69918      
483     4.37324       3.70753      
484     12.6676       3.72998      
485     8.42363       3.74299      
486     1.53241       3.74953      
487     2.18554       3.74985      
488     23.9121       3.75713      
489     8.15822       3.75734      
490     13.2479       3.75774      
491     9.91077       3.7592       
492     17.71         3.76291      
493     0.828807      3.77415      
494     5.98313       3.77465      
495     0.543476      3.77486      
496     2.86144       3.77641      
497     15.4201       3.79285      
498     3.03632       3.80631      
499     14.5504       3.8093       
500     24.6327       3.81414      
501     17.2396       3.81492      
502     6.03931       3.81782      
503     4.48283       3.83246      
504     9.86571       3.83784      
505     12.5591       3.84003      
506     46.4719       3.84586      
507     8.36958       3.84933      
508     10.0298       3.85043      
509     0.600287      3.85168      
510     20.0982       3.86041      
511     1.53115       3.86122      
512     24.4439       3.87933      
513     8.00844       3.89851      
514     13.0575       3.91607      
515     22.4183       3.91945      
516     4.00066       3.92912      
517     16.0034       3.95342      
518     45.2324       3.96477      
519     18.6281       3.97068      
520     35.9744       3.98836      
521     18.7895       3.99083      
522     0.712388      4.01525      
523     1.23108       4.0158       
524     8.62543       4.01614      
525     0.535962      4.01658      
526     7.76038       4.0231       
527     17.8171       4.02923      
528     28.145        4.06797      
529     0.565126      4.09801      
530     14.1187       4.10779      
531     442.781       4.11887      
532     9.73373       4.12732      
533     17.5691       4.15372      
534     52.6677       4.18589      
535     87.4372       4.19038      
536     502.209       4.20079      
537     0.541465      4.22319      
538     0.570812      4.22518      
539     7.14725       4.24563      
540     13.9374       4.24666      
541     8.43801       4.24865      
542     20.3395       4.28856      
543     0.421382      4.28927      
544     17.9636       4.30635      
545     6.7572        4.30752      
546     30.0142       4.31289      
547     52.6541       4.31553      
548     7.19664       4.31883      
549     4.28207       4.32114      
550     0.788867      4.32391      
551     20.8061       4.3374       
552     1.19368       4.33762      
553     4.47001       4.34571      
554     7.45136       4.34835      
555     4.24948       4.35021      
556     2.06541       4.35272      
557     16.2166       4.36075      
558     1.68059       4.36092      
559     3.82063       4.36548      
560     24.3196       4.36698      
561     8.30391       4.37188      
562     5.6683        4.37321      
563     4.75067       4.38286      
564     9.5673        4.39137      
565     6.06433       4.39139      
566     4.21373       4.39661      
567     6.04376       4.39725      
568     5.08882       4.41458      
569     11.4725       4.41638      
570     6.45687       4.42007      
571     193.212       4.42927      
572     5.24861       4.43436      
573     9.73925       4.44912      
574     72.9159       4.46689      
575     18.462        4.48524      
576     17.876        4.51654      
577     21.5309       4.53171      
578     10.7828       4.53291      
579     16.785        4.5785       
580     11.7591       4.57892      
581     12.9362       4.58954      
582     12.2033       4.61024      
583     14.7777       4.62928      
584     30.0347       4.64582      
585     8.82831       4.64934      
586     3.73543       4.67198      
587     9.98927       4.67225      
588     13.9301       4.69087      
589     13.9351       4.69332      
590     12.9907       4.72198      
591     7.5703        4.72231      
592     15.4124       4.7325       
593     18.9996       4.73764      
594     10.4828       4.74663      
595     9.0095        4.76989      
596     8.22949       4.79343      
597     9.20844       4.79418      
598     10.2012       4.79487      
599     7.71728       4.80714      
600     11.9674       4.83135      
601     10.8191       4.83222      
602     17.5415       4.83292      
603     15.2171       4.83566      
604     7.90841       4.85016      
605     80.325        4.85103      
606     8.60994       4.85897      
607     3.77436       4.85928      
608     11.3658       4.87452      
609     15.0543       4.89651      
610     11.3253       4.90722      
611     6.68414       4.90754      
612     11.0917       4.98491      
613     0.569709      4.99235      
614     45.4552       4.99493      
615     13.6182       4.99576      
616     1.59909       4.99624      
617     2.82284       5.029        
618     7.13446       5.03033      
619     3.64218       5.03092      
620     32.8336       5.03606      
621     88.5533       5.03714      
622     62.2618       5.03771      
623     9.59917       5.04152      
624     2.79011       5.06498      
625     74.8839       5.06789      
626     2.96889       5.07089      
627     250.029       5.08183      
628     8.05201       5.08214      
629     3.46799       5.08218      
630     0.745888      5.0925       
631     12.142        5.09304      
632     2.06672       5.09488      
633     0.734499      5.09885      
634     3.94345       5.1018       
635     2.35339       5.11272      
636     4.88273       5.12143      
637     4.91693       5.14198      
638     4.64559       5.15119      
639     7.23384       5.16219      
640     6.85798       5.17081      
641     17.1634       5.1744       
642     3.0497        5.19164      
643     37.5118       5.19914      
644     15.6451       5.19928      
645     12.2995       5.19985      
646     103.654       5.2056       
647     10.1129       5.21514      
648     2.39894       5.22434      
649     3.33404       5.22493      
650     9.1389        5.23299      
651     1.88217       5.24242      
652     3.64758       5.24468      
653     15.1761       5.24522      
654     8.3483        5.2505       
655     9.96266       5.2739       
656     16.0581       5.27773      
657     2.42585       5.29139      
658     2.38008       5.29168      
659     15.2636       5.29611      
660     13.3642       5.29667      
661     6.3022        5.31346      
662     3.31437       5.31359      
663     2.3191        5.32805      
664     28.9288       5.3308       
665     19.8075       5.33576      
666     11.6056       5.36721      
667     2.9184        5.368        
668     3.64166       5.38753      
669     11.0598       5.38926      
670     3.4685        5.39065      
671     0.760986      5.4052       
672     17.2646       5.40775      
673     18.328        5.40785      
674     14.4393       5.41037      
675     15.6705       5.42593      
676     4.44246       5.4413       
677     7.89231       5.45085      
678     2.06919       5.45559      
679     7.21531       5.45658      
680     10.7053       5.47618      
681     19.2185       5.48586      
682     26.6368       5.48649      
683     13.9085       5.48751      
684     88.7603       5.48963      
685     18.1049       5.49108      
686     5.62824       5.50652      
687     3.88737       5.51377      
688     15.0976       5.52755      
689     12.1166       5.53724      
690     11.116        5.53957      
691     14.4833       5.55217      
692     10.4244       5.57507      
693     17.6559       5.58428      
694     3.3295        5.59318      
695     9.58167       5.60249      
696     15.7483       5.60543      
697     11.6075       5.60614      
698     26.1806       5.60764      
699     28.0507       5.61108      
700     1.60146       5.61439      
701     5.81631       5.61899      
702     11.7586       5.62959      
703     3.94842       5.63099      
704     17.6803       5.63701      
705     5.71547       5.63721      
706     19.1602       5.66688      
707     3.8522        5.68562      
708     1.49822       5.68726      
709     5.51072       5.68732      
710     1.71931       5.68774      
711     8.71113       5.69784      
712     4.17044       5.69864      
713     17.6392       5.70133      
714     5.7356        5.70187      
715     5.00398       5.718        
716     17.0314       5.71863      
717     7.25269       5.72137      
718     6.38694       5.73132      
719     4.26442       5.73155      
720     1.71228       5.73422      
721     10.2085       5.73523      
722     3.22872       5.73535      
723     7.77784       5.74979      
724     8.32392       5.82035      
725     15.9349       5.82154      
726     9.7546        5.82435      
727     4.0858        5.82557      
728     10.4833       5.84534      
729     8.04006       5.84731      
730     20.1326       5.84971      
731     7.73259       5.85159      
732     12.022        5.85217      
733     0.384975      5.85929      
734     7.11323       5.8594       
735     3.83716       5.86466      
736     3.7976        5.86858      
737     9.04661       5.87416      
738     13.4572       5.87612      
739     8.28013       5.89271      
740     0.485845      5.89971      
741     59.183        5.90182      
742     8.60001       5.90654      
743     66.6238       5.91378      
744     1.06598       5.92818      
745     0.379263      5.92822      
746     8.7612        5.93401      
747     18.6472       5.93453      
748     6.63206       5.94548      
749     98.0499       5.95023      
750     4.06069       5.95142      
751     4.8538        5.95409      
752     1.77628       5.95436      
753     3.1878        5.95674      
754     9.134         5.96501      
755     9.23934       5.96667      
756     13.5922       5.96679      
757     3.70383       5.97732      
758     1.98247       5.98123      
759     1.87952       5.98359      
760     2.36905       5.98739      
761     29.843        5.99246      
762     14.6758       5.9944       
763     34.4196       5.99578      
764     4.89301       6.00094      
765     1.83574       6.00134      
766     9.00993       6.01183      
767     6.16426       6.02061      
768     7.74933       6.03475      
769     7.8493        6.03679      
770     0.505816      6.03703      
771     6.94049       6.04287      
772     14.7305       6.05337      
773     19.2396       6.05478      
774     12.878        6.07519      
775     3.17931       6.0752       
776     8.77347       6.09836      
777     7.9324        6.10733      
778     1.31877       6.11235      
779     17.0681       6.11324      
780     4.81225       6.11452      
781     16.3003       6.11481      
782     9.46682       6.13459      
783     3.13219       6.13477      
784     0.534488      6.1462       
785     11.076        6.14629      
786     8.53176       6.15743      
787     4.23719       6.15801      
788     6.55822       6.16543      
789     4.27254       6.16708      
790     8.11972       6.1697       
791     0.706873      6.17258      
792     9.39843       6.17319      
793     4.10314       6.17443      
794     0.360673      6.17639      
795     6.72087       6.17648      
796     10.1687       6.19098      
797     6.60036       6.19115      
798     6.60145       6.19174      
799     10.1998       6.19175      
800     1.29845       6.20369      
801     10.9726       6.2041       
802     7.75629       6.20429      
803     4.80109       6.21678      
804     2.64689       6.21758      
805     1.51241       6.21818      
806     0.383347      6.21822      
807     3.89741       6.22914      
808     1.94121       6.22976      
809     0.325653      6.22979      
810     3.84949       6.23499      
811     4.30705       6.23542      
812     0.253348      6.23548      
813     3.73451       6.25235      
814     0.577072      6.25238      
815     2.99924       6.25798      
816     0.48771       6.25802      
817     0.601263      6.26388      
818     11.2571       6.26411      
819     0.856269      6.26461      
820     4.55324       6.2692       
821     6.30999       6.27029      
822     0.487628      6.27046      
823     3.27642       6.2765       
824     1.92865       6.27667      
825     2.48275       6.2775       
826     9.5324        6.28254      
