0       6.81697       0.00576106   
1       12.524        0.0104386    
2       12.1342       0.0549896    
3       0.404983      0.0571239    
4       10.8485       0.106174     
5       0.635422      0.238932     
6       7.42055       0.239088     
7       10.5827       0.314718     
8       1.04183       0.317999     
9       4.76311       0.319478     
10      0.53726       0.416874     
11      12.0674       0.423463     
12      15.135        0.459991     
13      7.46092       0.54573      
14      1.86166       0.606606     
15      1.84265       0.606613     
16      7.59556       0.649756     
17      2.17558       0.716914     
18      6.80819       0.729126     
19      1.99981       0.744986     
20      2.00243       0.784656     
21      4.93955       0.786959     
22      5.15549       0.805496     
23      4.1367        0.808438     
24      11.265        0.844881     
25      3.74085       1.01433      
26      0.76085       1.05109      
27      19.0489       1.05348      
28      1.8254        1.09479      
29      10.3465       1.10227      
30      7.03249       1.25456      
31      8.36438       1.33796      
32      8.20353       1.37451      
33      8.20772       1.38131      
34      2.97609       1.50964      
35      23.9095       1.58148      
36      8.11398       1.60185      
37      9.06041       1.63282      
38      19.8143       1.63365      
39      7.3323        1.69021      
40      20.4059       1.70296      
41      5.82045       1.71915      
42      9.03606       1.75881      
43      4.20014       1.76763      
44      3.14068       1.80523      
45      3.85954       1.83519      
46      10.7753       1.97219      
47      3.16623       2.04052      
48      0.725113      2.04082      
49      4.93846       2.10141      
50      5.00874       2.10694      
51      6.95654       2.29447      
52      0.493734      2.32781      
53      12.6919       2.33516      
54      9.77974       2.3544       
55      4.00116       2.36731      
56      2.01326       2.52638      
57      16.054        2.56412      
58      6.02788       2.60387      
59      26.1141       2.60794      
60      0.649848      2.63195      
61      6.21745       2.68081      
62      7.16438       2.69728      
63      4.02534       2.73406      
64      1.25957       2.76907      
65      2.49449       2.76985      
66      4.52919       2.81476      
67      16.5302       2.83425      
68      8.42079       2.83955      
69      2.63517       2.99441      
70      21.1228       3.00965      
71      0.592859      3.01397      
72      0.795599      3.02258      
73      2.71226       3.04035      
74      5.78004       3.19443      
75      7.34169       3.19631      
76      2.61087       3.28107      
77      2.55469       3.28201      
78      3.70585       3.54729      
79      2.72671       3.57668      
80      7.59739       3.58665      
81      0.495734      3.59032      
82      1.25746       3.60721      
83      3.21148       3.61409      
84      12.4909       3.65633      
85      4.87502       3.66754      
86      0.656755      3.73165      
87      29.7358       3.74046      
88      0.698595      3.74585      
89      3.15156       3.9104       
90      2.3833        3.94744      
91      0.390766      3.94766      
92      2.43654       3.97132      
93      4.08146       3.98875      
94      3.15586       3.99352      
95      9.08489       4.0019       
96      1.5144        4.03387      
97      5.53019       4.03976      
98      0.628469      4.04416      
99      4.88582       4.07158      
100     1.90024       4.07407      
101     4.16293       4.27568      
102     6.01731       4.29477      
103     3.47495       4.32124      
104     9.32052       4.33678      
105     2.75893       4.37247      
106     16.7008       4.38334      
107     4.4799        4.42637      
108     4.5172        4.49541      
109     6.1812        4.54315      
110     0.343056      4.54321      
111     9.02443       4.59403      
112     28.1828       4.61976      
113     0.436355      4.62302      
114     0.653237      4.63223      
115     0.815767      4.64233      
116     4.43684       4.68574      
117     3.55711       5.01733      
118     2.34948       5.01765      
119     4.53823       5.06921      
120     4.44062       5.07212      
121     7.34555       5.16345      
122     1.807         5.21196      
123     10.5204       5.21417      
124     11.8292       5.21897      
125     14.6335       5.27753      
126     0.376321      5.27816      
127     0.528577      5.28553      
128     11.4108       5.33458      
129     13.979        5.42628      
130     1.28401       5.43646      
131     9.92897       5.44926      
132     1.45718       5.45538      
133     3.83899       5.51218      
134     2.12959       5.66135      
135     10.3151       5.67124      
136     10.9328       5.71018      
137     0.495425      5.7113       
138     0.778161      5.71894      
139     0.576305      5.78055      
140     3.21616       5.78224      
141     2.03639       5.79231      
142     2.40291       5.82229      
143     0.514472      5.82349      
144     1.98193       5.84534      
145     8.88549       5.85853      
146     0.740191      5.92826      
147     20.417        5.93939      
148     2.45853       5.94247      
149     0.808815      5.95581      
150     3.11823       5.99148      
151     0.961324      6.09085      
152     1.84832       6.09684      
153     3.82749       6.09869      
154     0.780068      6.10321      
155     0.465603      6.22159      
156     3.31196       6.22186      
157     0.766416      6.22545      
158     2.02898       6.25524      
