0       2.08467       0.000236573  
1       4.20566       0.00252513   
2       11.6137       0.00909754   
3       21.9209       0.039205     
4       19.1305       0.0504306    
5       13.9089       0.0637753    
6       13.676        0.0663261    
7       3.9274        0.0673148    
8       7.51944       0.078992     
9       19.9485       0.0800373    
10      15.6184       0.10353      
11      24.8019       0.116294     
12      12.0558       0.116748     
13      23.5327       0.135535     
14      30.1607       0.1613       
15      23.2515       0.16188      
16      27.1767       0.16207      
17      31.3552       0.173789     
18      13.9908       0.203586     
19      15.4624       0.235457     
20      15.1674       0.248694     
21      37.0372       0.263767     
22      192.011       0.263948     
23      17.0698       0.270953     
24      18.069        0.271841     
25      23.4387       0.307141     
26      15.9602       0.332414     
27      21.6435       0.354872     
28      27.5807       0.362189     
29      4.87464       0.375829     
30      11.1166       0.387353     
31      76.4669       0.396257     
32      8.79925       0.40119      
33      13.7296       0.407056     
34      106.133       0.425991     
35      468.04        0.433831     
36      26.9207       0.435794     
37      15.5282       0.438754     
38      81.9778       0.484632     
39      28.3811       0.484778     
40      87.2833       0.486766     
41      63.1165       0.500928     
42      31.6423       0.516959     
43      4.19384       0.517867     
44      7.94518       0.531802     
45      2.06594       0.538033     
46      105.005       0.543128     
47      12.6464       0.548308     
48      19.7699       0.558259     
49      18.5237       0.58147      
50      39.5861       0.611134     
51      135.127       0.613204     
52      32.1293       0.613995     
53      14.6193       0.615995     
54      19.5822       0.616554     
55      21.4583       0.628775     
56      16.3243       0.644533     
57      8.33216       0.659346     
58      21.6131       0.678461     
59      34.8211       0.681924     
60      14.2139       0.683026     
61      50.1017       0.707381     
62      7.6582        0.709401     
63      22.0575       0.710916     
64      2.98616       0.737623     
65      2.04757       0.744384     
66      28.8418       0.758056     
67      14.6393       0.758483     
68      39.4824       0.758596     
69      32.1817       0.763371     
70      16.7024       0.770203     
71      87.5687       0.781287     
72      13.0775       0.782763     
73      73.4035       0.786136     
74      15.8411       0.804252     
75      15.3254       0.815657     
76      12.201        0.825026     
77      23.5484       0.878423     
78      8.62627       0.879393     
79      18.211        0.87989      
80      12.8621       0.881733     
81      12.8048       0.882658     
82      14.8001       0.895788     
83      10.7082       0.902961     
84      12.2099       0.903884     
85      9.24512       0.90808      
86      10.75         0.914099     
87      4.04444       0.920728     
88      9.17667       0.928737     
89      7.63438       0.928843     
90      12.2841       0.929024     
91      8.64132       0.931913     
92      12.9243       0.93876      
93      18.3322       0.950348     
94      9.01468       0.974513     
95      4.98505       0.980403     
96      16.2402       0.992342     
97      21.5151       1.0126       
98      17.0806       1.01362      
99      9.6239        1.03415      
100     3.15069       1.0404       
101     5.40228       1.04423      
102     16.1178       1.05017      
103     9.18752       1.05132      
104     21.0824       1.07999      
105     55.8152       1.08983      
106     5.3946        1.09636      
107     38.9724       1.09831      
108     19.5687       1.11768      
109     49.9215       1.13328      
110     17.0363       1.13507      
111     38.1825       1.13769      
112     40.8609       1.15281      
113     25.4257       1.15889      
114     41.047        1.16502      
115     17.3888       1.16717      
116     37.5924       1.1837       
117     478.952       1.18802      
118     0.324177      1.19596      
119     0.352659      1.19749      
120     14.1917       1.21431      
121     14.5114       1.22665      
122     27.1542       1.25394      
123     432.524       1.25405      
124     34.9121       1.25737      
125     5.08485       1.27374      
126     0.956311      1.27431      
127     1.28636       1.32036      
128     54.2814       1.3258       
129     30.0217       1.32755      
130     15.4949       1.32895      
131     113.4         1.33056      
132     22.3494       1.33159      
133     26.1353       1.37946      
134     3.17939       1.39648      
135     23.9443       1.39753      
136     4.08497       1.40138      
137     5.11019       1.41267      
138     2.56854       1.41905      
139     31.863        1.43096      
140     68.85         1.43147      
141     20.4788       1.43258      
142     6.92357       1.46273      
143     34.112        1.46927      
144     16.5756       1.47172      
145     18.6815       1.47226      
146     9.62689       1.48718      
147     1.19279       1.48768      
148     27.6717       1.49197      
149     18.7096       1.49723      
150     45.6329       1.50764      
151     13.2016       1.51894      
152     15.9199       1.52122      
153     12.2789       1.53681      
154     9.78527       1.53738      
155     11.0472       1.55571      
156     13.5991       1.55712      
157     9.65325       1.56505      
158     3.22857       1.58283      
159     13.7949       1.58603      
160     10.6318       1.59107      
161     33.4756       1.59326      
162     11.8346       1.59814      
163     10.6614       1.61199      
164     10.233        1.62476      
165     10.0322       1.65046      
166     27.4957       1.6628       
167     24.3569       1.66611      
168     9.6817        1.66612      
169     18.2859       1.69333      
170     2.55599       1.69435      
171     0.746192      1.70274      
172     8.79459       1.70307      
173     9.90835       1.71849      
174     23.7709       1.73496      
175     0.288878      1.73508      
176     63.5633       1.75837      
177     81.9803       1.7788       
178     16.5807       1.78991      
179     47.2557       1.79104      
180     24.4257       1.79138      
181     10.4995       1.80972      
182     13.3384       1.81292      
183     8.32248       1.82312      
184     7.6503        1.82814      
185     13.4357       1.84023      
186     28.4349       1.84562      
187     3.11767       1.84932      
188     16.7178       1.86025      
189     1.36363       1.86213      
190     8.85991       1.86294      
191     2.52618       1.86643      
192     6.46423       1.8679       
193     7.24732       1.87193      
194     2.78304       1.87291      
195     1.47931       1.87333      
196     6.79722       1.87564      
197     4.43612       1.87757      
198     4.46891       1.87788      
199     2.44333       1.88014      
200     16.6824       1.89582      
201     12.0392       1.90744      
202     9.93904       1.91643      
203     13.8385       1.918        
204     6.35641       1.93423      
205     8.91402       1.94549      
206     81.5319       1.95699      
207     15.8438       1.9598       
208     22.4663       1.96107      
209     64.6439       1.96215      
210     41.5061       1.96517      
211     19.8292       1.99331      
212     9.47205       1.99593      
213     26.2989       2.00238      
214     13.8788       2.00789      
215     11.6359       2.01892      
216     6.06338       2.02671      
217     11.7568       2.03442      
218     9.09718       2.03543      
219     9.87364       2.04719      
220     6.86926       2.05706      
221     4.73588       2.06053      
222     2.74607       2.06413      
223     7.4289        2.06884      
224     26.2558       2.08274      
225     227.322       2.09084      
226     33.1965       2.09936      
227     12.3973       2.11315      
228     6.49104       2.12569      
229     9.75392       2.13222      
230     0.882642      2.1336       
231     21.2293       2.13372      
232     8.07046       2.13386      
233     5.99227       2.13413      
234     1.41274       2.13893      
235     6.41001       2.1564       
236     13.8091       2.1695       
237     0.385097      2.18215      
238     584.534       2.18402      
239     28.1273       2.19854      
240     17.1418       2.22056      
241     25.8084       2.22161      
242     26.929        2.24071      
243     21.897        2.25101      
244     18.2084       2.25354      
245     18.1999       2.28291      
246     3.13883       2.30489      
247     9.70242       2.30603      
248     1.67405       2.3121       
249     12.7788       2.31274      
250     14.0372       2.31826      
251     13.6282       2.35688      
252     22.4353       2.35822      
253     44.9007       2.3632       
254     20.8511       2.37998      
255     3.37134       2.38742      
256     7.35534       2.39318      
257     1.98773       2.39335      
258     6.48497       2.39373      
259     7.61899       2.39947      
260     2.15182       2.40236      
261     2.33354       2.4043       
262     1.3503        2.40502      
263     6.65625       2.40511      
264     0.993748      2.40618      
265     8.95803       2.40826      
266     10.503        2.41137      
267     7.27826       2.41184      
268     2.87944       2.41677      
269     0.40581       2.41681      
270     6.08455       2.43294      
271     19.6756       2.4428       
272     17.5956       2.44317      
273     13.8443       2.4587       
274     18.6677       2.4781       
275     26.3262       2.48851      
276     0.389196      2.48866      
277     12.0597       2.50871      
278     7.44656       2.51794      
279     9.60944       2.52701      
280     7.66134       2.53593      
281     7.64102       2.53784      
282     8.62459       2.53801      
283     30.4576       2.55157      
284     8.61442       2.5641       
285     18.121        2.5654       
286     9.82872       2.56869      
287     18.3133       2.56989      
288     14.7304       2.59388      
289     110.054       2.59818      
290     0.443529      2.60018      
291     6.15115       2.6091       
292     10.5729       2.60929      
293     6.74278       2.61994      
294     9.55023       2.63336      
295     87.2548       2.64186      
296     3.4115        2.64657      
297     16.0749       2.66519      
298     67.7147       2.68224      
299     12.801        2.68375      
300     0.769737      2.68398      
301     33.1114       2.68472      
302     257.329       2.68864      
303     0.506784      2.69748      
304     0.5734        2.69971      
305     9.99253       2.7097       
306     15.5962       2.71638      
307     6.1957        2.71792      
308     89.1906       2.72181      
309     12.4621       2.72664      
310     16.203        2.73714      
311     4.92345       2.74847      
312     6.90055       2.75429      
313     10.4235       2.76472      
314     2.96234       2.76685      
315     3.00607       2.77468      
316     17.4246       2.7805       
317     17.4256       2.78061      
318     1.83416       2.78377      
319     17.4076       2.80976      
320     14.9069       2.82942      
321     3.26998       2.84611      
322     17.8485       2.85091      
323     13.668        2.85101      
324     4.56673       2.85883      
325     2.67876       2.8776       
326     33.6775       2.89321      
327     13.4908       2.8993       
328     30.651        2.90053      
329     17.0159       2.90322      
330     120.092       2.9034       
331     4.61133       2.91117      
332     0.842312      2.91122      
333     4.97357       2.92304      
334     3.31178       2.9303       
335     7.17024       2.93087      
336     6.34509       2.93208      
337     13.6028       2.93276      
338     3.53289       2.93384      
339     2.10483       2.93672      
340     12.5986       2.94744      
341     15.9079       2.94832      
342     2.51558       2.96157      
343     3.78633       2.96318      
344     1.73967       2.96591      
345     4.98072       2.96594      
346     2.58183       2.96803      
347     3.33336       2.96877      
348     15.4231       2.98062      
349     17.4585       2.98148      
350     19.816        2.98493      
351     36.6183       2.98691      
352     23.247        2.98838      
353     3.86547       3.00651      
354     26.197        3.00748      
355     0.488934      3.00801      
356     17.1601       3.02169      
357     20.4849       3.02202      
358     15.1222       3.02336      
359     7.39647       3.04323      
360     4.54892       3.05815      
361     25.7888       3.05943      
362     22.8178       3.09331      
363     13.7178       3.09412      
364     4.94991       3.12792      
365     9.59581       3.14039      
366     114.208       3.144        
367     18.1096       3.14503      
368     18.4601       3.16246      
369     13.1764       3.1768       
370     0.52008       3.17714      
371     3.82578       3.18231      
372     1.53399       3.1824       
373     6.14355       3.19558      
374     59.9263       3.19671      
375     0.749299      3.19881      
376     7.44247       3.21722      
377     1.25156       3.21853      
378     4.19551       3.21879      
379     16.199        3.22266      
380     5.64672       3.22323      
381     4.55875       3.23048      
382     7.49315       3.23221      
383     2.11746       3.23243      
384     5.64394       3.27153      
385     16.9167       3.27254      
386     5.08707       3.27883      
387     6.47775       3.28318      
388     0.321057      3.28324      
389     2.31061       3.29149      
390     0.488786      3.29227      
391     40.902        3.29334      
392     9.13285       3.29429      
393     13.4797       3.3264       
394     0.985269      3.33644      
395     33.8353       3.33859      
396     6.93378       3.33964      
397     13.3096       3.36346      
398     11.631        3.3797       
399     22.6973       3.38128      
400     3.21071       3.3851       
401     18.2493       3.38677      
402     11.405        3.39168      
403     3.45349       3.39251      
404     4.3459        3.39863      
405     4.87078       3.40724      
406     6.84986       3.40929      
407     2.44085       3.41025      
408     2.7402        3.41157      
409     5.58531       3.41587      
410     4.81428       3.42868      
411     6.21567       3.42868      
412     79.7239       3.43995      
413     23.7989       3.44413      
414     119.912       3.44536      
415     0.588955      3.45199      
416     0.672929      3.45342      
417     17.3436       3.47813      
418     77.8754       3.47888      
419     14.7488       3.47993      
420     1.8667        3.49047      
421     1.82214       3.49277      
422     18.5777       3.49966      
423     6.36643       3.50037      
424     11.486        3.50089      
425     0.371541      3.50447      
426     23.5659       3.50502      
427     18.707        3.50756      
428     5.20132       3.51552      
429     9.7698        3.52869      
430     8.92498       3.5467       
431     9.89583       3.55799      
432     6.52165       3.56354      
433     11.6371       3.56508      
434     13.4043       3.57303      
435     19.8028       3.58816      
436     22.051        3.59378      
437     38.7179       3.59701      
438     9.00805       3.61394      
439     6.89804       3.6298       
440     8.85661       3.63028      
441     14.482        3.64751      
442     24.502        3.65088      
443     37.2497       3.65623      
444     24.4702       3.6572       
445     7.91391       3.66272      
446     10.2972       3.66629      
447     24.1785       3.66678      
448     2.8371        3.67013      
449     17.8365       3.69993      
450     21.0226       3.70871      
451     23.8002       3.71826      
452     11.206        3.72138      
453     7.47707       3.73969      
454     10.5427       3.7411       
455     10.6737       3.75844      
456     8.36938       3.76018      
457     15.0666       3.76449      
458     8.16356       3.76501      
459     10.0026       3.76562      
460     4.73636       3.76822      
461     4.82989       3.7687       
462     7.86272       3.77239      
463     9.34045       3.77925      
464     2.64112       3.77925      
465     6.73036       3.78651      
466     10.8819       3.78742      
467     15.253        3.7989       
468     10.96         3.80446      
469     2.31424       3.80489      
470     18.2837       3.81191      
471     11.6723       3.83358      
472     0.459587      3.83378      
473     2.73197       3.83506      
474     8.12903       3.83731      
475     5.49939       3.83752      
476     5.50612       3.83884      
477     10.1734       3.8397       
478     0.497559      3.84008      
479     5.34213       3.84126      
480     12.5562       3.85275      
481     1.71153       3.86252      
482     0.214483      3.86254      
483     5.47902       3.86304      
484     2.63907       3.87218      
485     6.07597       3.87375      
486     7.79074       3.87458      
487     0.378765      3.87478      
488     4.3642        3.87597      
489     7.34846       3.876        
490     2.23252       3.87738      
491     1.06656       3.89577      
492     0.349562      3.89603      
493     6.89643       3.89609      
494     3.83911       3.90694      
495     5.56287       3.90736      
496     0.287983      3.91223      
497     3.66039       3.91225      
498     5.52817       3.91343      
499     1.03436       3.92253      
500     0.71862       3.92301      
501     20.2799       3.92363      
502     0.539615      3.92404      
503     0.680601      3.92444      
504     4.23336       3.92547      
505     9.4139        3.93489      
506     6.55036       3.94638      
507     4.47718       3.94653      
508     0.507055      3.96744      
509     7.89584       3.96754      
510     0.472031      3.96765      
511     0.474593      3.97903      
512     18.3632       3.97909      
513     5.10553       3.98185      
514     4.18745       3.98683      
515     3.024         3.98702      
516     1.90079       3.9896       
517     10.904        3.99031      
518     3.99249       3.99103      
519     4.07118       3.99369      
520     6.40181       3.99411      
521     8.66684       3.99786      
522     4.67966       3.99931      
523     0.353434      3.99938      
524     0.532642      4.02274      
525     15.8557       4.02303      
526     0.474135      4.02328      
527     7.85607       4.02639      
528     0.72412       4.03107      
529     20.3585       4.03172      
530     1.79953       4.0378       
531     0.327765      4.03782      
532     8.48294       4.04413      
533     15.0681       4.0446       
534     4.19993       4.04486      
535     12.2075       4.04829      
536     13.5553       4.04913      
537     2.48966       4.05044      
538     9.68051       4.05763      
539     14.0977       4.05997      
540     10.0962       4.10082      
541     9.55664       4.11572      
542     8.9696        4.11698      
543     1.68511       4.11951      
544     2.56049       4.12189      
545     27.8754       4.12262      
546     3.25314       4.12436      
547     17.6058       4.12506      
548     6.47145       4.12605      
549     3.13864       4.12695      
550     1.73537       4.12841      
551     4.50281       4.13132      
552     6.28036       4.13502      
553     1.1059        4.13552      
554     5.00408       4.13565      
555     5.58279       4.14083      
556     9.57663       4.17694      
557     13.797        4.18057      
558     5.45913       4.18122      
559     3.3706        4.20124      
560     0.552627      4.20125      
561     17.8497       4.21481      
562     10.0141       4.21845      
563     1.47849       4.2188       
564     9.20274       4.22109      
565     5.62007       4.23653      
566     2.56734       4.23771      
567     3.08723       4.24352      
568     0.382888      4.24359      
569     2.30934       4.24439      
570     1.4221        4.24499      
571     12.7577       4.24658      
572     2.33633       4.24886      
573     9.41424       4.25         
574     5.06334       4.25252      
575     0.460088      4.2572       
576     77.3449       4.25776      
577     0.634322      4.25905      
578     8.51888       4.27348      
579     13.503        4.27427      
580     1.86394       4.28284      
581     2.19156       4.28384      
582     8.24418       4.28431      
583     4.10977       4.28482      
584     2.71674       4.28607      
585     24.6355       4.29701      
586     4.44852       4.30046      
587     4.87066       4.30435      
588     17.2812       4.30513      
589     4.4095        4.30553      
590     1.17837       4.30609      
591     60.5145       4.33991      
592     8.53266       4.3432       
593     4.7213        4.37808      
594     3.34659       4.3787       
595     2.14722       4.381        
596     6.45865       4.38165      
597     1.65837       4.38389      
598     1.45582       4.3885       
599     2.81337       4.3888       
600     17.9119       4.39021      
601     2.33          4.39128      
602     2.78177       4.40459      
603     45.7167       4.4055       
604     0.318147      4.40574      
605     13.0294       4.41502      
606     9.19587       4.41594      
607     19.2982       4.41745      
608     2.31326       4.42406      
609     2.29531       4.4241       
610     2.80254       4.42471      
611     13.3943       4.44957      
612     11.7011       4.45867      
613     2.33301       4.46862      
614     12.6005       4.47078      
615     35.4982       4.47591      
616     4.68692       4.49588      
617     11.801        4.49689      
618     0.987176      4.50064      
619     25.1984       4.50207      
620     25.384        4.50332      
621     14.9494       4.50578      
622     17.1123       4.50878      
623     14.8861       4.50996      
624     15.9217       4.5111       
625     21.989        4.51326      
626     7.0992        4.5156       
627     2.04471       4.51892      
628     2.72601       4.52705      
629     4.5952        4.52869      
630     11.1854       4.5398       
631     3.64061       4.5404       
632     6.30441       4.54087      
633     23.7585       4.54337      
634     13.5391       4.56161      
635     8.16618       4.56388      
636     8.33861       4.56652      
637     13.4207       4.57734      
638     6.40899       4.6091       
639     0.67863       4.60914      
640     20.2943       4.63815      
641     8.37481       4.64583      
642     2.73104       4.65761      
643     32.746        4.66319      
644     24.6284       4.66513      
645     11.4811       4.66837      
646     0.389182      4.67368      
647     2.06908       4.67372      
648     0.962593      4.67395      
649     6.16107       4.67716      
650     5.39256       4.68215      
651     3.77561       4.6913       
652     16.6373       4.69186      
653     0.544359      4.69237      
654     0.745231      4.69279      
655     6.11829       4.6945       
656     2.1985        4.70333      
657     0.376119      4.70335      
658     4.24458       4.70638      
659     3.34637       4.70915      
660     7.88012       4.71         
661     7.75749       4.71071      
662     1.68256       4.71188      
663     15.5982       4.71748      
664     10.4702       4.71843      
665     7.82533       4.71904      
666     9.26909       4.72157      
667     1.30739       4.72188      
668     18.1934       4.72802      
669     9.39539       4.73478      
670     34.5545       4.7541       
671     17.2275       4.7704       
672     19.7792       4.78745      
673     54.4709       4.79545      
674     3.81955       4.79877      
675     8.92656       4.79932      
676     33.1724       4.8073       
677     11.6089       4.80987      
678     13.6391       4.8106       
679     31.6924       4.8189       
680     3.02271       4.82901      
681     12.069        4.83559      
682     4.74804       4.83676      
683     40.557        4.8387       
684     20.8185       4.85757      
685     14.0425       4.85817      
686     1.31527       4.85876      
687     8.57278       4.85952      
688     9.44827       4.86509      
689     17.9902       4.88706      
690     27.2703       4.89191      
691     12.9995       4.90652      
692     3.41076       4.91554      
693     29.7494       4.92541      
694     23.9723       4.93476      
695     24.4677       4.94145      
696     26.7751       4.9425       
697     25.8584       4.94657      
698     51.8646       4.94891      
699     24.2312       4.95235      
700     0.748001      4.95309      
701     72.8067       4.9675       
702     7.01794       5.05756      
703     7.17291       5.05857      
704     0.347913      5.05868      
705     19.5232       5.07997      
706     2.29336       5.08928      
707     14.8261       5.09093      
708     5.48692       5.09249      
709     7.6231        5.09328      
710     11.5225       5.10193      
711     8.1361        5.10849      
712     13.5856       5.1197       
713     8.4575        5.12244      
714     12.0749       5.12662      
715     11.9857       5.1276       
716     9.19873       5.13123      
717     7.4654        5.13309      
718     6.65932       5.13425      
719     2.40858       5.13686      
720     10.0971       5.1421       
721     24.492        5.15566      
722     6.79963       5.1783       
723     13.9957       5.20057      
724     47.0594       5.20248      
725     26.586        5.2043       
726     29.2196       5.20695      
727     16.4319       5.21068      
728     15.3829       5.21867      
729     18.0196       5.22322      
730     8.79068       5.25005      
731     7.80748       5.25876      
732     20.5888       5.27543      
733     7.70428       5.27799      
734     15.0507       5.27913      
735     16.8747       5.30103      
736     10.8695       5.30121      
737     10.3887       5.30757      
738     8.66159       5.31601      
739     20.7969       5.3254       
740     13.2711       5.32757      
741     24.7923       5.336        
742     30.6393       5.34127      
743     59.0385       5.34869      
744     46.2208       5.35109      
745     25.8298       5.35178      
746     0.890548      5.3592       
747     26.9647       5.37402      
748     28.9185       5.37417      
749     6.77692       5.37747      
750     4.44032       5.39014      
751     3.2603        5.396        
752     9.72378       5.40459      
753     14.587        5.40937      
754     43.8347       5.41361      
755     25.2779       5.41367      
756     27.3245       5.4365       
757     20.2742       5.43968      
758     29.6396       5.44691      
759     42.0932       5.44873      
760     50.5643       5.45347      
761     7.02434       5.46043      
762     30.7518       5.49144      
763     175.967       5.49225      
764     26.4406       5.50109      
765     25.8395       5.51029      
766     1.64972       5.51296      
767     8.68796       5.51448      
768     14.1568       5.51858      
769     90.1151       5.52014      
770     267.752       5.5406       
771     19.7709       5.54171      
772     43.4343       5.54346      
773     6.39046       5.572        
774     6.39741       5.57283      
775     136.904       5.57868      
776     4.55411       5.58387      
777     4.9063        5.59694      
778     9.15543       5.60008      
779     9.57149       5.61091      
780     1.65762       5.61153      
781     14.5402       5.61987      
782     180.41        5.65133      
783     21.4947       5.66271      
784     52.7426       5.6679       
785     53.9381       5.66827      
786     131.717       5.66984      
787     38.9799       5.67243      
788     18.047        5.67559      
789     11.5754       5.6883       
790     16.3843       5.73358      
791     22.9991       5.76055      
792     28.9098       5.76579      
793     33.0987       5.76629      
794     16.0314       5.78912      
795     7.56636       5.80034      
796     5.79679       5.8017       
797     7.04397       5.80246      
798     2.94453       5.80267      
799     3.67568       5.80291      
800     8.24309       5.80441      
801     28.7731       5.82656      
802     7.41982       5.83646      
803     11.4621       5.84594      
804     32.964        5.8747       
805     15.8429       5.87993      
806     21.5806       5.89004      
807     17.5719       5.90553      
808     93.7261       5.91334      
809     145.516       5.91739      
810     17.5592       5.91813      
811     55.0716       5.91978      
812     8.61218       5.94166      
813     9.37599       5.9554       
814     51.6372       5.98466      
815     33.7134       5.98556      
816     13.9246       5.98769      
817     17.7531       5.992        
818     12.8668       6.00308      
819     39.891        6.00351      
820     15.5874       6.02188      
821     36.214        6.05022      
822     38.5451       6.05179      
823     130.004       6.06312      
824     13.738        6.07722      
825     13.6887       6.10118      
826     25.4587       6.10789      
827     30.8206       6.10891      
828     5.81556       6.12862      
829     45.7111       6.13645      
830     25.1038       6.14256      
831     36.0133       6.1738       
832     22.699        6.17577      
833     0.547627      6.17719      
834     3.74008       6.18412      
835     8.13877       6.19311      
836     32.496        6.23684      
837     13.6947       6.24677      
838     27.7196       6.2516       
839     8.75225       6.25364      
840     34.7264       6.25835      
841     15.5665       6.27389      
842     1.35877       6.2753       
843     8.86594       6.2762       
844     4.35767       6.27897      
845     8.70662       6.28226      
