0       2.98299       0.00552431   
1       3.34394       0.00609733   
2       0.361562      0.00616601   
3       3.22678       0.0208656    
4       6.17044       0.0215753    
5       4.6064        0.023537     
6       2.28144       0.0256628    
7       6.33894       0.0267106    
8       13.6091       0.0285297    
9       1.5036        0.0289433    
10      2.49041       0.0324958    
11      9.39345       0.0327421    
12      5.81251       0.0373387    
13      13.4476       0.0376049    
14      0.99538       0.0396606    
15      3.96915       0.0411974    
16      5.22637       0.0500175    
17      0.57272       0.0500862    
18      5.21142       0.0757551    
19      0.72615       0.0757849    
20      5.15293       0.105033     
21      2.08581       0.108358     
22      7.62669       0.108601     
23      3.39273       0.108925     
24      3.66228       0.109346     
25      3.02203       0.111973     
26      0.539201      0.116603     
27      4.77785       0.116725     
28      0.532813      0.116847     
29      0.386184      0.139216     
30      19.1732       0.139515     
31      3.99891       0.1414       
32      1.69756       0.144245     
33      11.0776       0.145126     
34      9.93242       0.145642     
35      3.09783       0.148815     
36      12.6154       0.149582     
37      2.60123       0.15161      
38      3.85334       0.154382     
39      2.35018       0.157257     
40      1.45997       0.157294     
41      10.3627       0.160103     
42      7.68196       0.164432     
43      7.47012       0.170741     
44      7.36407       0.182158     
45      8.24536       0.197773     
46      9.44893       0.198966     
47      14.81         0.220217     
48      17.3794       0.223417     
49      1.39971       0.226738     
50      9.56347       0.227427     
51      3.41161       0.228895     
52      2.72718       0.242287     
53      2.72136       0.242409     
54      0.475443      0.248244     
55      5.27677       0.248356     
56      0.777537      0.248621     
57      11.5958       0.259034     
58      2.02381       0.269447     
59      22.3776       0.273459     
60      5.22692       0.27347      
61      30.78         0.276821     
62      10.2784       0.285391     
63      2.07233       0.294031     
64      8.53296       0.294908     
65      2.07775       0.295128     
66      3.72895       0.334372     
67      5.14898       0.33523      
68      5.3361        0.336205     
69      3.79787       0.353155     
70      12.5659       0.353677     
71      1.90214       0.355329     
72      2.31801       0.357021     
73      3.58399       0.365686     
74      2.76507       0.36931      
75      9.36233       0.370414     
76      15.7031       0.377159     
77      0.857749      0.37741      
78      75.8966       0.380955     
79      0.332211      0.382113     
80      0.413223      0.383        
81      8.34062       0.385065     
82      9.33755       0.411748     
83      17.4525       0.414029     
84      14.567        0.419673     
85      6.61507       0.42285      
86      4.21054       0.427943     
87      5.39508       0.430204     
88      16.072        0.433028     
89      0.336239      0.433205     
90      2.78707       0.440017     
91      2.79015       0.440097     
92      2.56589       0.446654     
93      3.24439       0.44703      
94      1.80779       0.447928     
95      17.7305       0.452708     
96      10.6241       0.459782     
97      0.631966      0.467348     
98      14.9002       0.467887     
99      1.89723       0.474306     
100     0.376222      0.474336     
101     2.26938       0.491422     
102     12.0729       0.496008     
103     6.17185       0.496322     
104     54.1852       0.499228     
105     8.52208       0.511473     
106     5.8078        0.524776     
107     4.54881       0.530468     
108     11.2675       0.542593     
109     22.6912       0.550301     
110     8.33349       0.552937     
111     16.9658       0.554323     
112     27.5474       0.556134     
113     0.48415       0.557623     
114     0.688638      0.558831     
115     3.31362       0.564336     
116     2.00277       0.567672     
117     20.6457       0.574176     
118     17.6809       0.575229     
119     26.9969       0.575743     
120     34.7562       0.586266     
121     4.72949       0.594698     
122     29.5283       0.594722     
123     5.56084       0.603288     
124     3.30677       0.625372     
125     3.26596       0.625856     
126     14.1381       0.635461     
127     12.2693       0.635925     
128     1.06404       0.638976     
129     11.8978       0.644002     
130     2.02032       0.644605     
131     3.7936        0.651032     
132     15.597        0.663802     
133     39.7          0.66759      
134     13.7332       0.679806     
135     10.2145       0.709695     
136     25.4319       0.74802      
137     36.8562       0.758288     
138     0.280658      0.758546     
139     6.25931       0.767026     
140     12.0822       0.768023     
141     0.573634      0.769188     
142     1.07709       0.770674     
143     12.829        0.771402     
144     13.6142       0.774937     
145     3.65291       0.783436     
146     6.03753       0.785531     
147     0.383108      0.789388     
148     2.33263       0.789397     
149     0.779337      0.817388     
150     1.79023       0.817756     
151     7.73935       0.818287     
152     1.83487       0.818891     
153     3.53499       0.820491     
154     0.705042      0.824897     
155     3.5782        0.825774     
156     13.7904       0.825936     
157     0.187148      0.826102     
158     4.44929       0.828603     
159     14.7238       0.864967     
160     19.2318       0.868861     
161     17.8099       0.907923     
162     14.0216       0.908449     
163     55.3029       0.913882     
164     2.74074       0.92346      
165     2.39597       0.952192     
166     28.23         0.955607     
167     38.245        0.958861     
168     38.3858       0.963093     
169     20.9864       0.982134     
170     10.7382       1.02989      
171     11.073        1.03979      
172     14.3646       1.04054      
173     4.97374       1.04118      
174     7.58407       1.07917      
175     12.8522       1.09332      
176     11.5653       1.09552      
177     13.6726       1.09559      
178     13.3001       1.09951      
179     16.4353       1.10006      
180     7.31107       1.10615      
181     4.01655       1.10665      
182     9.84242       1.10731      
183     77.7837       1.1285       
184     14.7026       1.15131      
185     15.7012       1.1518       
186     11.2059       1.1738       
187     16.4966       1.17546      
188     25.1593       1.19566      
189     1.44101       1.20771      
190     2.29689       1.20779      
191     6.40831       1.20781      
192     6.61494       1.20949      
193     0.699168      1.2101       
194     1.5312        1.21071      
195     0.59652       1.21256      
196     4.65564       1.21303      
197     3.37906       1.21318      
198     6.91671       1.21439      
199     4.15065       1.21748      
200     5.59873       1.22793      
201     2.21167       1.24641      
202     3.146         1.25083      
203     26.288        1.25139      
204     50.435        1.26111      
205     1.495         1.26216      
206     26.6412       1.26968      
207     17.3898       1.27321      
208     21.5154       1.28733      
209     12.1556       1.37604      
210     1.87717       1.37677      
211     18.1931       1.37974      
212     4.08307       1.40636      
213     24.3495       1.40889      
214     5.72214       1.4104       
215     9.11897       1.41056      
216     6.92379       1.41082      
217     8.27244       1.41831      
218     3.14282       1.44182      
219     15.4286       1.44191      
220     8.25155       1.45268      
221     10.4436       1.45461      
222     18.5747       1.50436      
223     24.0367       1.50732      
224     4.41411       1.52484      
225     9.97397       1.5267       
226     27.566        1.53702      
227     22.4973       1.55202      
228     9.5812        1.56329      
229     5.02953       1.59009      
230     5.70069       1.59166      
231     8.97251       1.59913      
232     20.1111       1.60064      
233     7.37515       1.60423      
234     14.4792       1.61293      
235     15.6333       1.62229      
236     11.5663       1.64141      
237     14.0904       1.6525       
238     14.8896       1.67023      
239     6.38064       1.69243      
240     14.0025       1.70662      
241     23.7763       1.71738      
242     53.142        1.72563      
243     7.57475       1.73532      
244     196.355       1.73571      
245     61.8275       1.73589      
246     13.009        1.75319      
247     49.0868       1.76264      
248     8.0581        1.77646      
249     3.44172       1.77658      
250     11.8145       1.77783      
251     3.3245        1.7827       
252     11.6735       1.80035      
253     37.3859       1.80497      
254     13.6533       1.80888      
255     22.9726       1.81168      
256     22.9761       1.81182      
257     59.1202       1.8133       
258     20.0698       1.82915      
259     7.14634       1.84813      
260     32.2695       1.86133      
261     6.67667       1.87101      
262     21.0533       1.89862      
263     17.1883       1.8988       
264     0.670415      1.90993      
265     0.0513174     1.90993      
266     9.45176       1.92583      
267     8.60596       1.92762      
268     120.209       1.92841      
269     52.2765       1.92945      
270     57.6491       1.93012      
271     151.187       1.94512      
272     153.01        1.94969      
273     16.1851       1.95463      
274     19.3374       1.98398      
275     3.05337       2.00116      
276     13.726        2.01992      
277     17.899        2.02818      
278     5.5961        2.03218      
279     8.26899       2.04117      
280     39.2285       2.04364      
281     88.4927       2.05363      
282     6.7499        2.05698      
283     3.26313       2.05956      
284     10.8977       2.07109      
285     7.96921       2.10389      
286     17.7887       2.11388      
287     61.1008       2.11411      
288     3.29606       2.14678      
289     18.2223       2.14913      
290     5.81992       2.1572       
291     3.76945       2.15861      
292     11.4039       2.1832       
293     35.9816       2.20934      
294     202.538       2.21847      
295     42.7461       2.22234      
296     34.1583       2.25136      
297     23.1245       2.25233      
298     19.3445       2.29578      
299     36.0106       2.31971      
300     20.5497       2.3224       
301     111.497       2.32741      
302     99.7465       2.34299      
303     137.856       2.34343      
304     88.1763       2.35741      
305     24.4758       2.36058      
306     39.5246       2.36257      
307     10.182        2.3855       
308     11.1336       2.3978       
309     11.5341       2.41201      
310     15.8943       2.44461      
311     23.4833       2.46064      
312     10.9608       2.46088      
313     17.5655       2.46089      
314     6.5899        2.46177      
315     30.5595       2.49184      
316     19.8329       2.51882      
317     2.47686       2.5189       
318     18.4431       2.53875      
319     6.77276       2.55253      
320     10.7706       2.56348      
321     8.59701       2.57618      
322     12.075        2.59227      
323     24.491        2.60474      
324     9.05627       2.62724      
325     6.5539        2.62985      
326     8.89147       2.63068      
327     2.12201       2.64788      
328     9.97875       2.65002      
329     10.9266       2.65208      
330     11.3651       2.66269      
331     34.7008       2.68541      
332     9.77539       2.68655      
333     19.8908       2.68731      
334     25.1865       2.68745      
335     10.8959       2.69729      
336     16.2196       2.74038      
337     14.6192       2.76056      
338     16.3542       2.76307      
339     9.98617       2.76577      
340     0.597747      2.77674      
341     19.2136       2.77784      
342     7.67214       2.78296      
343     31.268        2.78678      
344     4.77376       2.80238      
345     55.4316       2.80764      
346     17.0354       2.82298      
347     11.7429       2.84257      
348     5.3184        2.85445      
349     8.01742       2.86515      
350     11.1805       2.87721      
351     6.54948       2.88938      
352     5.50462       2.89531      
353     13.0081       2.90161      
354     4.74743       2.9159       
355     0.673694      2.91977      
356     7.83608       2.92814      
357     19.1771       2.93342      
358     343.779       2.93858      
359     11.3066       2.94899      
360     27.5359       2.95577      
361     0.190897      2.95638      
362     10.7653       2.98955      
363     187.969       2.99671      
364     47.33         2.99726      
365     19.3532       2.99875      
366     10.8637       3.00593      
367     48.31         3.00689      
368     20.0528       3.01178      
369     9.69345       3.01456      
370     1.2694        3.01809      
371     15.8344       3.02982      
372     10.8777       3.06254      
373     0.480058      3.07047      
374     130.978       3.07593      
375     8.77388       3.07789      
376     60.4081       3.08826      
377     10.4107       3.09121      
378     8.2095        3.10406      
379     6.30415       3.11186      
380     8.97589       3.12222      
381     1.97416       3.12917      
382     23.9973       3.12962      
383     5.52747       3.13456      
384     12.647        3.14771      
385     8.10149       3.16238      
386     89.8976       3.20978      
387     35.4364       3.21074      
388     33.127        3.2123       
389     72.1894       3.21557      
390     150.979       3.2159       
391     8.60226       3.26567      
392     50.0006       3.29356      
393     2.10711       3.29437      
394     21.6213       3.3421       
395     43.5316       3.35516      
396     25.8311       3.35987      
397     22.1783       3.36157      
398     9.12003       3.37429      
399     27.5565       3.40473      
400     20.93         3.42637      
401     13.2552       3.42836      
402     12.5379       3.46457      
403     13.4115       3.46872      
404     14.4206       3.4991       
405     17.7146       3.50372      
406     11.2957       3.52299      
407     7.724         3.53266      
408     7.66339       3.5395       
409     1.19822       3.55223      
410     0.246809      3.55324      
411     7.65455       3.55328      
412     0.758287      3.55373      
413     4.3063        3.55655      
414     3.42811       3.55811      
415     7.48396       3.56253      
416     10.5889       3.5629       
417     4.48167       3.56368      
418     18.4432       3.58571      
419     53.0429       3.60496      
420     23.8037       3.6134       
421     10.4515       3.61402      
422     5.32585       3.63642      
423     2.39464       3.64517      
424     0.646315      3.65495      
425     27.2613       3.65832      
426     42.0219       3.66054      
427     21.7945       3.66259      
428     3.66895       3.68029      
429     11.8942       3.69776      
430     18.9947       3.70724      
431     4.92702       3.72757      
432     5.72733       3.73082      
433     1.90723       3.73169      
434     6.53201       3.73616      
435     28.7102       3.7471       
436     2.38745       3.75767      
437     7.20393       3.75828      
438     1.49771       3.76139      
439     3.96545       3.7619       
440     6.64914       3.76734      
441     7.4579        3.768        
442     5.65236       3.77689      
443     25.258        3.78984      
444     31.2745       3.79205      
445     47.0432       3.79243      
446     1.91824       3.79914      
447     34.8667       3.81748      
448     24.8494       3.82485      
449     4.69633       3.85058      
450     4.9486        3.85678      
451     0.639502      3.85798      
452     9.4068        3.85998      
453     17.4732       3.86116      
454     7.89093       3.87558      
455     13.1992       3.88754      
456     235.513       3.89609      
457     8.9272        3.90805      
458     8.48088       3.91303      
459     10.1721       3.91555      
460     5.84288       3.9175       
461     13.736        3.93522      
462     8.31467       3.94438      
463     44.1145       3.94545      
464     10.3272       3.95419      
465     14.1677       3.95755      
466     10.0361       3.97621      
467     10.6982       3.99535      
468     11.5465       3.99643      
469     2.46283       4.00227      
470     1.6828        4.00253      
471     18.9527       4.01998      
472     7.98022       4.03983      
473     57.7776       4.05174      
474     11.9173       4.08351      
475     18.0045       4.08539      
476     4.52693       4.10205      
477     16.0663       4.11416      
478     7.68391       4.11551      
479     0.741321      4.12433      
480     21.0364       4.12812      
481     20.0024       4.12815      
482     24.2279       4.13106      
483     9.7724        4.13136      
484     2.48824       4.14009      
485     6.1707        4.15215      
486     9.02478       4.16507      
487     8.22573       4.16712      
488     81.0528       4.17064      
489     14.1751       4.19409      
490     3.62688       4.21228      
491     6.14648       4.2133       
492     18.4415       4.23254      
493     14.3975       4.23319      
494     13.2218       4.2527       
495     3.97188       4.25316      
496     16.4673       4.2694       
497     20.5759       4.26971      
498     6.74129       4.28276      
499     5.02999       4.28472      
500     45.8803       4.2967       
501     1.89048       4.29752      
502     15.2859       4.30003      
503     5.40545       4.30418      
504     14.3508       4.31479      
505     5.65891       4.32363      
506     16.0815       4.3339       
507     8.05768       4.33437      
508     9.23256       4.35676      
509     8.23616       4.37635      
510     4.73001       4.38678      
511     1.65096       4.39451      
512     28.6831       4.41195      
513     0.649088      4.42568      
514     41.7819       4.46783      
515     22.1215       4.47109      
516     25.0845       4.47195      
517     51.2788       4.47361      
518     207.26        4.47866      
519     389.823       4.47908      
520     74.4435       4.48547      
521     392.676       4.48646      
522     30.5694       4.499        
523     10.5229       4.53452      
524     4.55317       4.54741      
525     0.836865      4.55345      
526     0.864463      4.55577      
527     23.1074       4.5869       
528     16.5074       4.58716      
529     14.9685       4.61715      
530     13.7296       4.6307       
531     2.9097        4.65023      
532     1.34865       4.65739      
533     9.23592       4.65979      
534     2.79664       4.66007      
535     33.6766       4.66033      
536     1.24969       4.66203      
537     31.2451       4.68966      
538     11.5335       4.69856      
539     4.617         4.72015      
540     3.85216       4.72269      
541     1.91614       4.72285      
542     12.0152       4.75233      
543     12.6454       4.77686      
544     11.3604       4.77778      
545     11.8116       4.81112      
546     5.6605        4.81167      
547     46.5356       4.82332      
548     6.05568       4.82473      
549     7.74679       4.83529      
550     15.6704       4.8703       
551     20.2117       4.8927       
552     15.0466       4.89378      
553     11.1402       4.91427      
554     12.9352       4.93936      
555     5.11791       4.94206      
556     16.0675       4.96742      
557     17.5103       4.99905      
558     20.8317       5.01738      
559     13.5937       5.01915      
560     72.6973       5.02627      
561     0.173249      5.02639      
562     2.8283        5.03094      
563     6.53955       5.03226      
564     3.54193       5.03899      
565     16.4311       5.05647      
566     25.7048       5.05803      
567     10.2953       5.06994      
568     7.70356       5.08038      
569     6.2845        5.08868      
570     5.41171       5.09009      
571     35.4327       5.0935       
572     7.37936       5.09763      
573     217.261       5.10556      
574     0.3852        5.10885      
575     0.476009      5.1104       
576     0.595519      5.11291      
577     22.2492       5.1408       
578     57.3524       5.15024      
579     0.296947      5.15113      
580     0.547611      5.15331      
581     1.46209       5.15574      
582     3.83851       5.16135      
583     7.14412       5.16555      
584     6.51124       5.17735      
585     34.5209       5.18181      
586     46.2301       5.18195      
587     1.49123       5.19085      
588     29.2944       5.20195      
589     5.68645       5.23798      
590     16.9499       5.24494      
591     9.3905        5.24914      
592     5.47668       5.25443      
593     21.2397       5.2699       
594     4.58144       5.28764      
595     1.92676       5.2899       
596     8.64541       5.29017      
597     0.759759      5.29078      
598     2.69601       5.2928       
599     10.4108       5.31005      
600     27.3774       5.31875      
601     10.1715       5.32123      
602     3.30314       5.33494      
603     11.8366       5.33776      
604     5.37533       5.33854      
605     13.011        5.34852      
606     17.3503       5.38169      
607     20.1781       5.38271      
608     14.4586       5.3839       
609     8.52552       5.3994       
610     4.92052       5.41386      
611     11.8961       5.42466      
612     7.11048       5.44033      
613     3.88952       5.44465      
614     9.80207       5.44542      
615     5.86134       5.44978      
616     14.246        5.46011      
617     2.11555       5.46785      
618     20.0799       5.47645      
619     10.9369       5.47883      
620     40.1338       5.48519      
621     2.10787       5.48803      
622     47.5177       5.48823      
623     2.07226       5.49336      
624     13.3011       5.49633      
625     24.9764       5.5221       
626     8.93437       5.52742      
627     7.98055       5.52877      
628     3.63052       5.53815      
629     11.8808       5.54023      
630     4.44039       5.54197      
631     6.46333       5.55098      
632     10.3183       5.55116      
633     6.32652       5.56662      
634     4.2793        5.57542      
635     10.2225       5.5853       
636     30.2367       5.59001      
637     7.35353       5.59324      
638     4.09672       5.60278      
639     46.27         5.60641      
640     3.96464       5.60665      
641     1.89542       5.61005      
642     62.3673       5.61064      
643     5.63485       5.61283      
644     1.29401       5.61555      
645     2.28714       5.61756      
646     1.56281       5.61901      
647     7.97736       5.62837      
648     5.3284        5.62905      
649     1.51438       5.63641      
650     25.7818       5.63678      
651     10.1465       5.64418      
652     0.185923      5.64962      
653     23.3028       5.64972      
654     1.60762       5.65108      
655     6.52568       5.65811      
656     10.4906       5.67041      
657     37.3964       5.67124      
658     8.71501       5.67298      
659     4.80861       5.67944      
660     9.37874       5.68845      
661     13.3203       5.69317      
662     13.7373       5.72158      
663     11.6808       5.72226      
664     69.6927       5.72729      
665     48.7133       5.73002      
666     27.7243       5.73235      
667     18.4753       5.73834      
668     10.6649       5.76225      
669     6.55331       5.77396      
670     7.50162       5.7741       
671     3.81956       5.79544      
672     11.1534       5.7972       
673     3.67759       5.80467      
674     13.4849       5.80537      
675     3.49907       5.81451      
676     4.48853       5.81457      
677     5.61631       5.82773      
678     4.62001       5.82778      
679     35.4069       5.84584      
680     11.8128       5.84716      
681     16.8283       5.84744      
682     7.04387       5.85418      
683     4.00245       5.86089      
684     6.31855       5.86791      
685     15.9546       5.8718       
686     17.5031       5.87469      
687     0.631427      5.9171       
688     64.7582       5.91774      
689     5.89789       5.93544      
690     2.74676       5.93669      
691     7.9739        5.93765      
692     5.96053       5.94037      
693     13.137        5.94111      
694     5.77621       5.9478       
695     6.37379       5.95078      
696     23.0523       5.97387      
697     33.8935       6.06003      
698     8.25024       6.0695       
699     27.2479       6.07086      
700     11.2396       6.10052      
701     5.31705       6.10983      
702     20.6517       6.11922      
703     15.7305       6.12216      
704     6.97145       6.12264      
705     14.5241       6.12373      
706     40.0266       6.12681      
707     7.80523       6.14576      
708     0.660287      6.15165      
709     23.1065       6.15319      
710     10.7158       6.15461      
711     3.75816       6.15534      
712     20.4659       6.16697      
713     8.63361       6.17561      
714     3.32963       6.18282      
715     4.21973       6.18359      
716     4.77128       6.18599      
717     2.86467       6.1929       
718     7.9916        6.19343      
719     8.91351       6.20266      
720     10.8687       6.21385      
721     6.85837       6.2143       
722     0.349466      6.21857      
723     10.4698       6.21873      
724     6.06897       6.22128      
725     8.04181       6.2237       
726     2.91836       6.22462      
727     8.52304       6.22967      
728     4.66964       6.24081      
729     4.67099       6.24113      
730     9.57886       6.25262      
731     1.18711       6.25287      
732     5.35609       6.25341      
733     2.02508       6.25558      
734     3.29946       6.25742      
735     0.619545      6.25899      
736     9.7126        6.25942      
737     4.52518       6.26111      
738     4.06158       6.28168      
739     10.4457       6.28275      
740     0.368845      6.28291      
