0       5.16792       0.00791641   
1       2.20929       0.00793535   
2       0.418535      0.0080747    
3       6.39336       0.00993641   
4       7.54084       0.0120419    
5       2.95889       0.0122493    
6       6.14161       0.0171343    
7       0.498737      0.0171711    
8       7.06511       0.0214016    
9       0.438724      0.0214587    
10      7.95072       0.0240711    
11      4.28211       0.0252036    
12      6.78454       0.0256891    
13      0.291652      0.0257463    
14      7.00014       0.043275     
15      4.68673       0.0432812    
16      0.616435      0.0511996    
17      11.45         0.05134      
18      0.578641      0.0514804    
19      3.79776       0.0539933    
20      3.83837       0.055987     
21      2.44174       0.0560933    
22      3.38528       0.0577435    
23      6.65307       0.0593503    
24      1.71745       0.0599175    
25      0.209441      0.0599268    
26      0.729463      0.0765098    
27      1.24705       0.0767232    
28      7.71153       0.0771063    
29      8.73806       0.0775751    
30      4.54923       0.0775872    
31      8.04257       0.0939998    
32      5.29202       0.0940049    
33      1.51944       0.117457     
34      1.12088       0.118164     
35      0.60215       0.119085     
36      0.420746      0.119331     
37      35.2512       0.119483     
38      0.572523      0.119791     
39      0.873259      0.120399     
40      1.05281       0.120882     
41      1.13912       0.121523     
42      1.3802        0.121941     
43      6.41634       0.141734     
44      5.04286       0.14272      
45      1.91685       0.14321      
46      2.38024       0.144444     
47      6.76052       0.14462      
48      6.09471       0.152211     
49      0.139937      0.15222      
50      7.74962       0.153171     
51      1.10715       0.160243     
52      0.724427      0.160473     
53      0.496785      0.160671     
54      9.70423       0.160811     
55      0.609359      0.160952     
56      1.0849        0.169377     
57      4.17412       0.169458     
58      7.7411        0.16952      
59      3.00353       0.179861     
60      0.394279      0.17987      
61      15.8199       0.186248     
62      3.92325       0.187735     
63      3.65892       0.189671     
64      18.7588       0.192222     
65      2.42458       0.192346     
66      7.18117       0.198251     
67      0.406381      0.198333     
68      13.4191       0.202661     
69      1.33011       0.203372     
70      27.158        0.20473      
71      3.03344       0.207516     
72      9.97577       0.207701     
73      0.422637      0.207932     
74      8.19177       0.22206      
75      8.19658       0.22213      
76      0.395159      0.227154     
77      26.0779       0.22749      
78      3.34357       0.227612     
79      0.702637      0.244535     
80      15.7841       0.244746     
81      0.675244      0.244956     
82      6.36487       0.253581     
83      0.567239      0.253618     
84      2.46654       0.257087     
85      5.32611       0.257822     
86      3.95906       0.257836     
87      4.76196       0.261994     
88      3.08573       0.262075     
89      0.577381      0.266346     
90      10.6053       0.266396     
91      13.4326       0.285801     
92      13.7754       0.293315     
93      6.00863       0.315751     
94      8.86168       0.315825     
95      6.78158       0.34064      
96      6.42265       0.340898     
97      1.93739       0.341303     
98      4.61108       0.343996     
99      2.9901        0.344258     
100     11.3999       0.349594     
101     3.67369       0.35328      
102     0.455497      0.353289     
103     1.91573       0.387925     
104     1.62805       0.388181     
105     0.351053      0.38883      
106     9.43085       0.388957     
107     10.0635       0.389851     
108     4.12996       0.41694      
109     1.83871       0.417733     
110     28.7309       0.418444     
111     2.13949       0.418706     
112     6.06234       0.421583     
113     15.1158       0.423771     
114     0.446063      0.423982     
115     9.35548       0.427355     
116     15.5136       0.473582     
117     8.5641        0.475655     
118     5.67818       0.481776     
119     2.93498       0.484029     
120     1.88797       0.484968     
121     3.65309       0.486419     
122     4.4484        0.488407     
123     34.3082       0.488886     
124     0.466721      0.489621     
125     2.01075       0.490441     
126     13.3277       0.492034     
127     9.44469       0.492766     
128     12.4308       0.497421     
129     2.8741        0.505205     
130     9.36865       0.506479     
131     6.56611       0.507865     
132     7.32817       0.514172     
133     0.696502      0.516263     
134     0.631989      0.516824     
135     0.560492      0.517239     
136     0.49763       0.517554     
137     2.47012       0.518321     
138     0.203781      0.518772     
139     103.444       0.519062     
140     0.294272      0.519318     
141     0.351269      0.519691     
142     3.9653        0.520997     
143     0.701133      0.522024     
144     5.20648       0.532529     
145     22.634        0.532683     
146     9.62813       0.53282      
147     8.05787       0.535371     
148     4.84947       0.535739     
149     1.77138       0.537311     
150     1.77554       0.551205     
151     13.1386       0.551743     
152     1.93355       0.556278     
153     3.7993        0.557871     
154     0.403897      0.559328     
155     43.5475       0.559784     
156     0.252213      0.559949     
157     0.570591      0.560786     
158     9.08198       0.563152     
159     21.1144       0.568544     
160     10.0869       0.57814      
161     26.3472       0.580163     
162     1.53955       0.581107     
163     2.67063       0.588702     
164     52.3199       0.592111     
165     0.124099      0.595778     
166     23.3842       0.595835     
167     5.68382       0.605404     
168     44.5687       0.607959     
169     51.1739       0.6122       
170     13.6132       0.61667      
171     4.13971       0.61738      
172     9.75772       0.621818     
173     6.45289       0.630511     
174     0.604196      0.638408     
175     5.40331       0.638549     
176     0.57773       0.638689     
177     2.51403       0.639476     
178     4.7126        0.640405     
179     3.59461       0.64159      
180     17.9519       0.645373     
181     5.52945       0.651287     
182     17.6222       0.653985     
183     1.04907       0.65714      
184     11.1936       0.657336     
185     36.822        0.660324     
186     0.264558      0.66048      
187     1.90788       0.661908     
188     1.97928       0.6628       
189     3.28095       0.664608     
190     2.22754       0.669489     
191     0.336855      0.66951      
192     1.1553        0.66978      
193     2.37478       0.671609     
194     15.6897       0.674686     
195     5.9546        0.676256     
196     1.75628       0.692477     
197     15.7203       0.697066     
198     33.7793       0.69792      
199     8.75951       0.699275     
200     33.9277       0.70016      
201     9.46081       0.702209     
202     0.22001       0.704165     
203     31.9417       0.70439      
204     5.10285       0.705385     
205     11.4991       0.709236     
206     0.706681      0.718882     
207     20.0309       0.724101     
208     13.776        0.724189     
209     65.1239       0.724989     
210     106.107       0.727262     
211     0.690022      0.732608     
212     0.786816      0.733591     
213     5.76296       0.747464     
214     9.95495       0.751631     
215     8.92959       0.751742     
216     10.0723       0.755881     
217     15.5904       0.759725     
218     23.8283       0.763584     
219     15.7868       0.767966     
220     16.7468       0.768295     
221     1.83215       0.768659     
222     3.61538       0.771903     
223     10.7503       0.777632     
224     8.84277       0.777895     
225     8.36961       0.783416     
226     2.15264       0.783534     
227     3.54425       0.786326     
228     6.80835       0.787552     
229     3.51352       0.801063     
230     9.19591       0.804996     
231     28.2611       0.808691     
232     14.52         0.812686     
233     15.383        0.845661     
234     4.56945       0.88527      
235     6.53564       0.885975     
236     9.01334       0.897254     
237     6.27294       0.901198     
238     20.6832       0.903218     
239     5.80183       0.90427      
240     4.57963       0.905895     
241     9.64482       0.924112     
242     2.87861       0.929257     
243     3.56089       0.929751     
244     0.404486      0.929809     
245     3.36508       0.930714     
246     4.4191        0.930899     
247     3.03594       0.934026     
248     12.4507       0.934275     
249     6.31873       0.936138     
250     2.53607       0.941622     
251     41.7138       0.943704     
252     19.8319       0.94652      
253     10.2886       0.95572      
254     1.31954       0.961917     
255     5.6856        0.96205      
256     8.21266       0.962772     
257     5.00861       0.963581     
258     3.21472       0.964483     
259     7.64987       0.974248     
260     13.1809       0.974899     
261     11.9806       0.975206     
262     23.4746       1.01118      
263     2.49787       1.01576      
264     0.265483      1.01577      
265     6.65712       1.02954      
266     1.74911       1.03332      
267     17.9395       1.03551      
268     2.28744       1.03616      
269     17.359        1.0374       
270     19.543        1.03792      
271     1.97573       1.03797      
272     20.4925       1.03847      
273     1.98411       1.04043      
274     0.854689      1.041        
275     0.899836      1.04147      
276     0.925342      1.04171      
277     5.02021       1.04273      
278     4.55139       1.05341      
279     0.616185      1.05553      
280     15.7585       1.05581      
281     0.668977      1.06799      
282     35.5699       1.0683       
283     5.61719       1.08652      
284     0.30295       1.08791      
285     10.121        1.08792      
286     0.402023      1.11249      
287     17.4882       1.11292      
288     24.8611       1.11432      
289     19.6915       1.11815      
290     23.4291       1.12072      
291     2.13774       1.12303      
292     5.81827       1.13015      
293     13.989        1.13119      
294     2.73315       1.13456      
295     2.73693       1.13465      
296     3.91955       1.13892      
297     12.8549       1.13923      
298     9.79129       1.14117      
299     5.86683       1.14165      
300     3.39085       1.14389      
301     0.397683      1.14393      
302     3.68869       1.14723      
303     0.667526      1.14843      
304     11.1006       1.14874      
305     12.4175       1.15168      
306     4.12418       1.19753      
307     5.19356       1.1983       
308     5.50382       1.1999       
309     8.87593       1.20031      
310     12.9893       1.20773      
311     7.80132       1.22753      
312     10.0078       1.22848      
313     0.306391      1.22856      
314     1.69733       1.24894      
315     0.234137      1.24895      
316     3.50992       1.25162      
317     0.666201      1.25687      
318     0.539388      1.25762      
319     0.372616      1.25847      
320     92.5334       1.25937      
321     55.3324       1.26707      
322     14.0511       1.26992      
323     4.24457       1.28782      
324     5.96596       1.28891      
325     1.07289       1.30138      
326     1.0512        1.30142      
327     24.1301       1.30202      
328     1.66347       1.30564      
329     0.259253      1.30565      
330     12.4316       1.30946      
331     7.58064       1.3164       
332     0.344264      1.31648      
333     4.57032       1.31706      
334     15.0013       1.34048      
335     0.497474      1.34051      
336     10.9925       1.34661      
337     12.4267       1.36229      
338     3.29297       1.36256      
339     6.81031       1.36438      
340     7.01553       1.36521      
341     5.29045       1.37748      
342     4.33351       1.38233      
343     17.3318       1.38462      
344     38.3657       1.38833      
345     23.9789       1.38913      
346     19.3343       1.40775      
347     13.7594       1.41061      
348     54.3314       1.41371      
349     11.0576       1.41803      
350     7.86557       1.41905      
351     4.86213       1.43236      
352     5.88027       1.43297      
353     3.5498        1.44121      
354     10.8073       1.44194      
355     21.0999       1.44677      
356     1.73248       1.45501      
357     3.87423       1.45551      
358     3.07675       1.45554      
359     3.55295       1.45628      
360     6.57996       1.45966      
361     12.1184       1.4649       
362     2.42417       1.47099      
363     11.7509       1.47462      
364     54.004        1.47764      
365     12.5841       1.48129      
366     10.7189       1.48262      
367     18.8263       1.49481      
368     15.8974       1.49805      
369     29.9235       1.51186      
370     27.7676       1.51286      
371     25.6189       1.51323      
372     7.26611       1.52447      
373     17.8746       1.52911      
374     41.439        1.52933      
375     1.94091       1.5336       
376     33.0977       1.54301      
377     5.51987       1.54346      
378     6.02219       1.55339      
379     9.07056       1.57087      
380     18.9309       1.58556      
381     31.5767       1.58624      
382     38.9298       1.58699      
383     50.6792       1.58807      
384     87.9292       1.59161      
385     6.53298       1.60475      
386     6.8255        1.63658      
387     3.17031       1.63829      
388     0.347658      1.63831      
389     5.70917       1.64301      
390     1.73821       1.64319      
391     12.6199       1.64478      
392     0.570334      1.66666      
393     39.5651       1.66715      
394     20.3228       1.67454      
395     4.9881        1.68017      
396     8.03262       1.68029      
397     6.88519       1.68161      
398     11.6945       1.68592      
399     10.9941       1.68715      
400     12.1188       1.68785      
401     8.32673       1.72521      
402     40.4686       1.73009      
403     30.3599       1.73057      
404     19.5825       1.73069      
405     8.29767       1.73845      
406     1.50145       1.73893      
407     3.6632        1.74022      
408     3.70553       1.74777      
409     27.0563       1.74852      
410     2.65183       1.76214      
411     30.6818       1.7672       
412     7.62754       1.76757      
413     12.2148       1.76773      
414     7.58499       1.76851      
415     7.28729       1.77249      
416     8.73003       1.78415      
417     13.8154       1.79606      
418     15.9175       1.80345      
419     9.47394       1.81659      
420     4.35098       1.81731      
421     4.32964       1.81746      
422     13.9557       1.8188       
423     12.5533       1.82047      
424     35.9203       1.82738      
425     12.4571       1.83934      
426     14.9316       1.84905      
427     18.7687       1.86677      
428     54.5087       1.87258      
429     10.0067       1.87358      
430     21.3118       1.87433      
431     48.36         1.88083      
432     20.4101       1.8838       
433     18.677        1.88799      
434     36.1611       1.91159      
435     12.0574       1.91217      
436     8.07701       1.92066      
437     11.4396       1.9215       
438     10.6784       1.92266      
439     11.5024       1.93846      
440     6.07667       1.94553      
441     10.6562       1.95646      
442     13.115        1.95967      
443     26.3773       1.97047      
444     5.02124       1.97209      
445     10.5096       1.97254      
446     10.5096       1.97256      
447     7.49379       1.97268      
448     13.4458       1.97408      
449     9.60102       1.98875      
450     16.0132       1.99688      
451     17.3519       2.00018      
452     11.1625       2.00044      
453     10.8969       2.01837      
454     15.0956       2.02096      
455     18.983        2.02203      
456     21.3599       2.02687      
457     3.05429       2.0361       
458     21.5822       2.04393      
459     19.9426       2.04686      
460     41.9124       2.05583      
461     26.1013       2.05931      
462     41.0851       2.05964      
463     25.203        2.0615       
464     45.3882       2.07014      
465     55.0652       2.07115      
466     33.0876       2.0715       
467     38.0837       2.07172      
468     1.63646       2.07735      
469     37.6683       2.0898       
470     25.031        2.09186      
471     27.8774       2.09404      
472     153.666       2.11373      
473     5.61433       2.11939      
474     6.3743        2.11946      
475     233.734       2.13331      
476     11.7167       2.13424      
477     15.7573       2.14212      
478     182.633       2.15924      
479     19.3403       2.16718      
480     265.966       2.17106      
481     34.2579       2.17588      
482     45.2086       2.17684      
483     107.939       2.18043      
484     24.2392       2.1834       
485     22.2999       2.18424      
486     25.236        2.18456      
487     4.33011       2.20674      
488     28.2277       2.21022      
489     1.75738       2.21029      
490     13.4832       2.23132      
491     3.1986        2.23293      
492     50.7227       2.23491      
493     33.4044       2.25365      
494     27.1868       2.28606      
495     9.73534       2.3021       
496     14.4252       2.30725      
497     48.7411       2.30893      
498     112.567       2.30922      
499     71.1853       2.31         
500     50.8001       2.32194      
501     57.7233       2.3221       
502     35.615        2.34678      
503     21.4026       2.34734      
504     19.7089       2.3604       
505     14.8693       2.36647      
506     5.63183       2.37152      
507     8.60636       2.37902      
508     14.4467       2.38916      
509     6.18438       2.3953       
510     11.9079       2.40488      
511     17.5537       2.41241      
512     11.4949       2.42026      
513     50.3387       2.43397      
514     8.47071       2.43696      
515     126.075       2.45219      
516     18.6652       2.45464      
517     5.78452       2.45723      
518     31.3348       2.46065      
519     3.47142       2.46467      
520     22.1672       2.48602      
521     46.2214       2.48705      
522     17.5643       2.49113      
523     66.3114       2.49208      
524     16.6787       2.4934       
525     167.076       2.494        
526     15.504        2.524        
527     25.9382       2.53107      
528     23.2041       2.53231      
529     6.6759        2.54679      
530     11.4977       2.55306      
531     24.2005       2.57181      
532     15.1376       2.57307      
533     19.126        2.58591      
534     14.8801       2.59679      
535     5.40214       2.60508      
536     20.6649       2.61076      
537     9.00414       2.62065      
538     3.48597       2.62746      
539     19.839        2.6283       
540     10.6068       2.62885      
541     5.95963       2.63559      
542     26.2295       2.6529       
543     10.3099       2.66387      
544     22.6182       2.66836      
545     133.72        2.68083      
546     13.6665       2.68111      
547     13.6263       2.68399      
548     25.5645       2.69874      
549     24.6327       2.69879      
550     51.0168       2.69903      
551     16.6347       2.70493      
552     63.496        2.71483      
553     9.15005       2.71918      
554     2.35733       2.72934      
555     35.953        2.74784      
556     30.0832       2.75083      
557     29.0415       2.75222      
558     1.92208       2.75802      
559     6.95258       2.7636       
560     21.0682       2.77795      
561     15.0229       2.79182      
562     20.1489       2.79415      
563     5.15824       2.80719      
564     18.1353       2.82116      
565     26.9558       2.82184      
566     185.122       2.82738      
567     17.5815       2.84473      
568     13.5091       2.86817      
569     4.35246       2.87784      
570     1.66548       2.88367      
571     65.2509       2.88634      
572     15.9102       2.89448      
573     31.9717       2.90792      
574     82.1668       2.91174      
575     44.5255       2.91347      
576     34.8948       2.91595      
577     17.7877       2.91939      
578     17.7715       2.91991      
579     42.077        2.92081      
580     2.27511       2.93134      
581     22.5581       2.94393      
582     19.8163       2.95071      
583     19.7908       2.95885      
584     7.56134       2.96926      
585     17.8481       2.98223      
586     25.6218       2.99031      
587     87.9788       2.99153      
588     2.67574       3.00198      
589     15.0384       3.01105      
590     10.0547       3.01524      
591     15.4889       3.02241      
592     4.80588       3.02367      
593     33.7883       3.03181      
594     462.896       3.03558      
595     19.1193       3.03946      
596     15.9647       3.04938      
597     11.0615       3.06172      
598     11.9          3.06965      
599     11.0823       3.08211      
600     9.42546       3.08933      
601     15.6856       3.10566      
602     29.0496       3.10583      
603     91.4963       3.12639      
604     35.4603       3.12787      
605     17.2625       3.13417      
606     13.4252       3.14584      
607     14.2676       3.16045      
608     56.8861       3.16895      
609     8.7626        3.18042      
610     20.4436       3.19774      
611     25.5878       3.20169      
612     27.6937       3.20364      
613     34.148        3.213        
614     17.4044       3.24287      
615     49.6772       3.24391      
616     11.8291       3.26326      
617     11.757        3.267        
618     20.787        3.27561      
619     19.2841       3.2846       
620     81.3624       3.28598      
621     69.8952       3.28883      
622     0.711517      3.29418      
623     23.7543       3.33778      
624     197.643       3.34136      
625     30.8797       3.34248      
626     31.7408       3.3455       
627     133.411       3.35063      
628     4.27653       3.36188      
629     7.15004       3.36915      
630     61.5762       3.38302      
631     24.9562       3.38359      
632     1.1264        3.39175      
633     57.2052       3.39702      
634     38.7852       3.39761      
635     27.4208       3.40136      
636     14.4115       3.40808      
637     17.2202       3.40853      
638     8.06668       3.42447      
639     11.1837       3.43095      
640     7.27819       3.44125      
641     32.6108       3.44363      
642     7.80557       3.45524      
643     8.50389       3.46649      
644     15.974        3.46688      
645     11.9253       3.46827      
646     7.72725       3.46929      
647     17.1563       3.48084      
648     4.11448       3.4821       
649     21.9469       3.48854      
650     26.9382       3.49         
651     18.8494       3.49258      
652     22.7708       3.5026       
653     28.7091       3.50543      
654     34.2012       3.51649      
655     10.291        3.53949      
656     109.671       3.54032      
657     16.4196       3.55479      
658     19.6165       3.57671      
659     14.0649       3.57682      
660     23.3196       3.58308      
661     14.7461       3.59855      
662     22.3186       3.60493      
663     31.9654       3.60702      
664     15.8314       3.6117       
665     15.1728       3.62661      
666     1.85115       3.62676      
667     5.89585       3.6372       
668     22.6041       3.65101      
669     17.8649       3.66232      
670     9.02493       3.66349      
671     29.354        3.66755      
672     9.44422       3.67074      
673     5.92337       3.67251      
674     17.3918       3.67262      
675     7.56965       3.67298      
676     5.01176       3.67528      
677     4.54356       3.68375      
678     9.01437       3.69319      
679     4.43683       3.70091      
680     17.989        3.70877      
681     36.8415       3.71486      
682     7.34229       3.73083      
683     33.3498       3.73796      
684     14.8732       3.75304      
685     469.076       3.75976      
686     19.1565       3.76768      
687     10.4154       3.78293      
688     58.347        3.81738      
689     20.838        3.8202       
690     494.692       3.82564      
691     111.827       3.84186      
692     58.4056       3.84446      
693     286.288       3.85021      
694     51.106        3.85068      
695     56.9857       3.85193      
696     27.1369       3.86172      
697     22.2068       3.86479      
698     1.28219       3.87784      
699     6.02436       3.88417      
700     8.43776       3.89748      
701     26.8727       3.91449      
702     4.59089       3.91631      
703     5.55131       3.93154      
704     29.0368       3.94072      
705     66.5733       3.94775      
706     15.3025       3.94976      
707     5.05515       3.95214      
708     4.64307       3.96034      
709     2.60022       3.96239      
710     17.4261       3.97347      
711     14.4756       3.97687      
712     13.3131       3.98006      
713     6.61763       3.98644      
714     0.404819      3.98652      
715     9.63961       3.99242      
716     7.48299       3.99467      
717     43.5269       4.01729      
718     36.8383       4.01732      
719     20.1216       4.02143      
720     27.1113       4.02143      
721     1.0525        4.02631      
722     1.05653       4.02635      
723     5.6277        4.03444      
724     58.168        4.0499       
725     2.72768       4.07384      
726     20.5954       4.07485      
727     13.2821       4.08984      
728     23.1648       4.09009      
729     11.2306       4.09053      
730     0.528301      4.10524      
731     18.6153       4.10565      
732     33.3031       4.11885      
733     83.6095       4.12577      
734     50.7838       4.12768      
735     63.6432       4.15197      
736     18.5167       4.15286      
737     10.9339       4.17221      
738     31.4355       4.19187      
739     17.1424       4.19362      
740     20.0667       4.19425      
741     20.0258       4.19559      
742     4.4402        4.21572      
743     1.55064       4.21936      
744     0.263327      4.21937      
745     1.63337       4.22428      
746     11.0178       4.22468      
747     7.23222       4.23348      
748     5.44591       4.24041      
749     21.188        4.24236      
750     14.7439       4.24414      
751     31.6233       4.24503      
752     13.9642       4.24837      
753     9.67492       4.2507       
754     12.3109       4.25132      
755     11.5768       4.2599       
756     14.9205       4.26091      
757     0.5575        4.26197      
758     43.023        4.26713      
759     18.2641       4.2894       
760     14.6293       4.29033      
761     8.31474       4.29307      
762     9.11356       4.30839      
763     11.4853       4.31827      
764     5.08874       4.32337      
765     722.941       4.32445      
766     6.06322       4.32861      
767     15.8545       4.34195      
768     21.689        4.34472      
769     7.27464       4.35626      
770     7.20776       4.36305      
771     5.96653       4.37261      
772     32.2248       4.38827      
773     117.465       4.3886       
774     101.394       4.39222      
775     100.212       4.39523      
776     25.887        4.39771      
777     19.8956       4.39875      
778     30.589        4.42037      
779     34.9765       4.42379      
780     30.4354       4.42389      
781     7.39575       4.43797      
782     8.22632       4.45603      
783     10.7805       4.46555      
784     10.7967       4.46665      
785     9.05542       4.48047      
786     14.9616       4.48098      
787     0.682826      4.48173      
788     13.2028       4.49275      
789     2.27682       4.49938      
790     8.64514       4.50186      
791     4.63922       4.50216      
792     3.76375       4.50233      
793     3.6742        4.50264      
794     4.47171       4.50294      
795     3.25367       4.50422      
796     6.06507       4.50544      
797     13.5691       4.50982      
798     17.2021       4.52549      
799     19.5554       4.54127      
800     20.3498       4.54777      
801     6.00681       4.55488      
802     1.78479       4.55733      
803     27.3026       4.55958      
804     16.9743       4.56122      
805     10.8444       4.57847      
806     4.82799       4.59529      
807     13.6369       4.59554      
808     4.60573       4.60306      
809     6.22097       4.60745      
810     3.38668       4.60749      
811     0.773281      4.60826      
812     13.2474       4.60932      
813     2.17459       4.61775      
814     8.43993       4.61889      
815     15.9043       4.63303      
816     44.7947       4.63941      
817     88.1818       4.64019      
818     19.075        4.64236      
819     32.1113       4.69725      
820     25.6216       4.70371      
821     16.3308       4.71942      
822     23.0207       4.73898      
823     18.2058       4.76771      
824     34.6609       4.78805      
825     8.96148       4.79347      
826     15.669        4.8199       
827     13.2213       4.82172      
828     25.0307       4.84088      
829     5.65828       4.84312      
830     9.02793       4.86188      
831     6.76502       4.86904      
832     4.61271       4.86956      
833     2.92739       4.87976      
834     5.10947       4.88018      
835     0.392936      4.88026      
836     5.90539       4.88594      
837     14.0865       4.88901      
838     10.2292       4.89343      
839     18.8923       4.89347      
840     0.889537      4.91193      
841     0.853306      4.9126       
842     12.8479       4.91702      
843     31.8016       4.92885      
844     32.9848       4.92911      
845     15.1727       4.93106      
846     334.622       4.93136      
847     80.4052       4.93234      
848     2.45071       4.94383      
849     5.57067       4.9466       
850     3.90342       4.95094      
851     10.8942       4.96098      
852     3.23362       4.96811      
853     11.001        4.96855      
854     10.9884       4.97429      
855     3.88606       4.9892       
856     54.2307       5.00019      
857     0.53834       5.00096      
858     4.39565       5.00108      
859     33.7721       5.00541      
860     1.60297       5.01044      
861     18.9853       5.02533      
862     118.153       5.03493      
863     2.73248       5.03564      
864     7.05851       5.04699      
865     9.47089       5.05843      
866     160.158       5.07994      
867     39.5085       5.08689      
868     43.3356       5.08832      
869     101.226       5.08869      
870     1.51205       5.10143      
871     1.57293       5.10437      
872     16.4299       5.11266      
873     22.8403       5.11285      
874     29.1391       5.1134       
875     12.2369       5.14447      
876     5.82905       5.15065      
877     5.62981       5.15235      
878     5.85845       5.1543       
879     7.48085       5.15866      
880     7.11568       5.16868      
881     16.8172       5.18096      
882     12.6548       5.18436      
883     3.05055       5.18962      
884     35.4529       5.19424      
885     26.5391       5.19555      
886     5.4648        5.20648      
887     14.4887       5.22574      
888     10.0594       5.23615      
889     8.19141       5.23627      
890     10.0325       5.25843      
891     10.5909       5.26585      
892     58.5658       5.27809      
893     21.4278       5.28027      
894     23.6417       5.28144      
895     31.5599       5.2819       
896     5.03532       5.29963      
897     19.9843       5.31547      
898     39.9453       5.32809      
899     1.96563       5.33777      
900     4.89754       5.33843      
901     6.72908       5.34124      
902     2.50262       5.34187      
903     11.6197       5.34837      
904     25.7438       5.35005      
905     9.87971       5.35102      
906     15.7961       5.35177      
907     17.8734       5.35322      
908     3.53246       5.3679       
909     8.44924       5.37212      
910     6.66056       5.37696      
911     4.01175       5.38034      
912     4.88414       5.38456      
913     3.72987       5.38807      
914     6.58548       5.39219      
915     8.64095       5.39924      
916     86.7658       5.39938      
917     35.994        5.40308      
918     17.4277       5.41214      
919     132.636       5.41249      
920     7.9162        5.41514      
921     3.20267       5.41904      
922     2.2667        5.42894      
923     14.2919       5.4312       
924     9.04178       5.43282      
925     17.7898       5.4441       
926     15.7392       5.44814      
927     13.6466       5.44959      
928     2.19974       5.45753      
929     17.648        5.4584       
930     125.66        5.46485      
931     20.1564       5.46625      
932     38.7931       5.46645      
933     42.2816       5.46814      
934     21.9172       5.4852       
935     1.72035       5.48638      
936     6.26168       5.49432      
937     5.54944       5.50068      
938     9.22629       5.50705      
939     9.33559       5.51578      
940     5.56298       5.52299      
941     19.3572       5.53156      
942     35.9289       5.53236      
943     7.0043        5.53917      
944     9.04308       5.54484      
945     2.92028       5.5487       
946     1.9258        5.54965      
947     5.31187       5.55053      
948     4.19654       5.55198      
949     2.48925       5.55477      
950     11.2737       5.55548      
951     5.19438       5.55623      
952     40.3624       5.56637      
953     13.3615       5.56687      
954     12.9239       5.57925      
955     10.7234       5.58976      
956     5.48292       5.59532      
957     11.1327       5.60201      
958     97.2299       5.60513      
959     38.7194       5.60841      
960     0.544515      5.61062      
961     13.1862       5.62264      
962     16.4008       5.63056      
963     10.2419       5.64289      
964     18.6968       5.64389      
965     8.14822       5.64527      
966     3.10239       5.64858      
967     4.10305       5.65046      
968     4.40859       5.65367      
969     5.71598       5.65884      
970     8.01744       5.65918      
971     5.90585       5.66638      
972     31.8118       5.67254      
973     13.9367       5.67508      
974     16.7689       5.67848      
975     24.2648       5.67965      
976     4.66981       5.69006      
977     2.6476        5.69552      
978     26.331        5.70033      
979     8.51901       5.70048      
980     18.6011       5.70217      
981     7.42373       5.70219      
982     29.3212       5.70308      
983     4.9002        5.70541      
984     5.74933       5.71025      
985     5.34593       5.71529      
986     36.5546       5.72074      
987     7.28881       5.72085      
988     2.45598       5.72353      
989     14.0626       5.72703      
990     8.31036       5.73374      
991     3.04036       5.74083      
992     3.17503       5.74397      
993     6.31857       5.74584      
994     8.52405       5.74666      
995     30.378        5.74786      
996     129.734       5.75081      
997     14.6459       5.7547       
998     2.48545       5.75545      
999     0.998095      5.75895      
1000    1.17761       5.76083      
1001    4.77381       5.76835      
1002    13.0553       5.77031      
1003    13.9428       5.7704       
1004    4.34434       5.77173      
1005    3.79192       5.77415      
1006    3.11468       5.77781      
1007    9.69813       5.77923      
1008    6.56051       5.7825       
1009    5.78167       5.78357      
1010    16.2242       5.80462      
1011    14.265        5.80496      
1012    4.05913       5.81142      
1013    14.2659       5.81223      
1014    5.45453       5.81275      
1015    13.9975       5.82691      
1016    16.1216       5.82916      
1017    16.1599       5.8379       
1018    8.08666       5.85082      
1019    2.28511       5.85247      
1020    14.1213       5.85262      
1021    7.77248       5.85323      
1022    2.42327       5.85388      
1023    1.83961       5.85451      
1024    15.6252       5.87248      
1025    5.05076       5.87886      
1026    8.27597       5.879        
1027    2.37395       5.89191      
1028    11.6271       5.89325      
1029    7.97345       5.89396      
1030    22.6283       5.89399      
1031    6.79166       5.89468      
1032    19.2564       5.89482      
1033    19.1103       5.8971       
1034    0.52127       5.89771      
1035    2.2144        5.91044      
1036    18.5402       5.91447      
1037    13.9016       5.91512      
1038    38.2178       5.91559      
1039    40.8814       5.99032      
1040    9.50544       5.99045      
1041    14.2692       6.00065      
1042    9.88067       6.00462      
1043    4.02468       6.01005      
1044    10.0046       6.01016      
1045    6.94748       6.02015      
1046    13.3588       6.02071      
1047    12.9589       6.02849      
1048    6.26901       6.03081      
1049    8.66383       6.03467      
1050    20.546        6.04222      
1051    13.9354       6.04231      
1052    16.6762       6.05199      
1053    13.0506       6.06495      
1054    14.248        6.07014      
1055    15.5023       6.07114      
1056    21.3655       6.08276      
1057    3.36885       6.083        
1058    13.3447       6.08414      
1059    0.361343      6.08439      
1060    3.76075       6.1179       
1061    43.717        6.11841      
1062    58.8881       6.12238      
1063    20.109        6.13097      
1064    13.3373       6.13262      
1065    14.7096       6.13344      
1066    26.5475       6.14348      
1067    13.9709       6.15898      
1068    12.7252       6.15944      
1069    11.2483       6.16205      
1070    6.68815       6.16893      
1071    26.4254       6.17391      
1072    12.7991       6.17538      
1073    4.24831       6.17733      
1074    5.13281       6.17862      
1075    9.69184       6.18097      
1076    11.2715       6.18297      
1077    6.15451       6.18301      
1078    3.15318       6.19368      
1079    2.29353       6.19534      
1080    2.07026       6.19601      
1081    0.593123      6.197        
1082    13.3172       6.19737      
1083    0.481529      6.19772      
1084    11.4108       6.19884      
1085    3.25445       6.20147      
1086    2.45569       6.21007      
1087    5.62347       6.21025      
1088    2.66979       6.21118      
1089    0.316338      6.2112       
1090    1.90467       6.21248      
1091    0.396668      6.21541      
1092    5.57962       6.21549      
1093    0.380968      6.21558      
1094    5.33012       6.21708      
1095    13.2198       6.21724      
1096    3.74375       6.2218       
1097    21.9958       6.22897      
1098    14.5256       6.25193      
1099    12.4028       6.25421      
1100    14.7554       6.25615      
1101    5.91236       6.25782      
1102    13.8601       6.25832      
1103    15.1644       6.25924      
1104    2.44854       6.25998      
1105    2.62813       6.26021      
