0       1.9841        0.0          
1       1.93302       1.03305e-05  
2       2.78192       0.000218907  
3       3.50476       0.0082167    
4       2.77335       0.00922684   
5       0.504346      0.00983651   
6       28.4625       0.0101072    
7       0.330878      0.0103779    
8       4.52862       0.0106089    
9       10.2869       0.0136588    
10      0.287681      0.0136906    
11      7.04578       0.0158285    
12      18.5485       0.0204605    
13      6.15015       0.0241018    
14      0.361417      0.0241122    
15      3.35373       0.0273828    
16      9.83994       0.0274558    
17      0.721473      0.0277065    
18      4.87463       0.0522135    
19      10.4363       0.0526547    
20      0.242422      0.0526781    
21      0.773747      0.0528665    
22      5.67704       0.0685199    
23      0.371401      0.0691508    
24      0.158326      0.0692722    
25      18.4709       0.0692729    
26      0.348723      0.0693951    
27      2.35534       0.0696417    
28      3.05801       0.0703096    
29      17.2487       0.0784671    
30      4.78182       0.0849565    
31      6.39122       0.0860136    
32      3.22643       0.0864592    
33      3.37293       0.0865998    
34      30.0646       0.0989526    
35      0.316391      0.0992721    
36      5.49777       0.0995322    
37      3.01338       0.0996215    
38      2.27882       0.104641     
39      0.171108      0.105027     
40      41.72         0.105094     
41      4.92481       0.105467     
42      4.65767       0.110234     
43      0.273608      0.11024      
44      4.44911       0.160908     
45      9.12396       0.161027     
46      0.478787      0.165148     
47      69.286        0.16521      
48      0.720313      0.165952     
49      5.5461        0.180467     
50      3.44607       0.18227      
51      2.14555       0.183495     
52      1.91469       0.183995     
53      1.84922       0.184425     
54      3.35658       0.185489     
55      32.7657       0.186297     
56      3.9981        0.187623     
57      26.232        0.187695     
58      29.2266       0.188247     
59      2.39812       0.189011     
60      16.2585       0.189294     
61      4.54157       0.191502     
62      1.72101       0.191646     
63      8.83878       0.192097     
64      0.752687      0.202637     
65      0.670002      0.202923     
66      0.580623      0.203387     
67      0.458883      0.203818     
68      0.385993      0.204117     
69      130.129       0.20443      
70      0.291324      0.204591     
71      4.58218       0.205243     
72      3.6634        0.207555     
73      6.97599       0.207789     
74      9.37779       0.214873     
75      6.01792       0.220745     
76      0.261534      0.220756     
77      2.84139       0.227335     
78      3.50187       0.228469     
79      7.69519       0.229667     
80      1.22597       0.230087     
81      1.36076       0.230303     
82      22.6812       0.230873     
83      2.04106       0.231268     
84      3.44644       0.232651     
85      2.23561       0.233491     
86      5.08707       0.234406     
87      3.19713       0.237847     
88      3.22073       0.238141     
89      14.9484       0.238353     
90      5.21797       0.244198     
91      7.0453        0.244382     
92      4.16308       0.257579     
93      0.584335      0.257582     
94      1.60141       0.268087     
95      18.5762       0.268878     
96      4.48967       0.27948      
97      4.48187       0.281205     
98      6.91277       0.28139      
99      1.77263       0.283091     
100     29.6545       0.283674     
101     5.87736       0.284663     
102     7.25575       0.28476      
103     8.68739       0.284874     
104     4.89951       0.286293     
105     5.58837       0.286834     
106     15.551        0.306101     
107     11.5958       0.309065     
108     11.578        0.309158     
109     9.74399       0.310178     
110     7.96442       0.314917     
111     1.85803       0.322619     
112     3.41736       0.323118     
113     7.68913       0.323762     
114     0.345629      0.323785     
115     1.21385       0.324047     
116     6.80498       0.33033      
117     0.283636      0.330346     
118     9.58936       0.331487     
119     2.76488       0.331775     
120     4.60328       0.334876     
121     3.44157       0.335015     
122     3.66761       0.336176     
123     9.13462       0.337918     
124     1.61987       0.338124     
125     4.47828       0.33903      
126     0.222663      0.340166     
127     16.3383       0.340273     
128     0.263837      0.340379     
129     14.9714       0.340656     
130     3.90935       0.341245     
131     9.07216       0.376402     
132     19.9762       0.377585     
133     3.02903       0.377711     
134     0.766066      0.387374     
135     0.385926      0.387562     
136     0.286963      0.387607     
137     19.0916       0.387684     
138     0.437122      0.387806     
139     0.587482      0.388184     
140     2.25103       0.388336     
141     8.57665       0.389489     
142     1.62472       0.409489     
143     1.32433       0.409937     
144     1.07113       0.410446     
145     0.900358      0.410695     
146     0.881642      0.410919     
147     0.473233      0.411798     
148     44.3253       0.411821     
149     0.472601      0.412145     
150     0.487131      0.412256     
151     0.543579      0.412357     
152     0.615732      0.412519     
153     0.64456       0.412688     
154     4.86501       0.413198     
155     9.18258       0.429513     
156     4.06582       0.43142      
157     15.5792       0.431832     
158     7.41533       0.433481     
159     0.92943       0.433773     
160     19.6172       0.43876      
161     0.641446      0.438838     
162     3.22347       0.466636     
163     0.228779      0.466642     
164     7.1276        0.468079     
165     3.37327       0.469575     
166     19.5954       0.469669     
167     2.07198       0.470485     
168     3.70995       0.472116     
169     11.6892       0.474649     
170     0.537351      0.476541     
171     37.9944       0.476924     
172     0.631628      0.477378     
173     7.01234       0.48053      
174     17.4322       0.483403     
175     9.57528       0.483784     
176     1.07168       0.483946     
177     2.53317       0.4854       
178     2.20485       0.487189     
179     2.21446       0.48722      
180     2.76894       0.494787     
181     4.89145       0.495844     
182     0.676597      0.496633     
183     21.291        0.497063     
184     2.0333        0.497234     
185     6.05967       0.499175     
186     16.5366       0.500455     
187     2.14464       0.501803     
188     6.7629        0.503697     
189     5.52337       0.504559     
190     20.7583       0.505515     
191     0.31806       0.505602     
192     2.26214       0.506099     
193     1.25876       0.509473     
194     0.143759      0.509476     
195     13.725        0.510091     
196     4.90053       0.516036     
197     3.2365        0.516059     
198     17.7705       0.522428     
199     11.0334       0.529224     
200     7.91776       0.52938      
201     4.28201       0.536633     
202     10.6926       0.536818     
203     5.49828       0.543638     
204     5.47688       0.543689     
205     5.20577       0.547851     
206     14.0052       0.548077     
207     2.58959       0.548432     
208     15.5911       0.561116     
209     0.490903      0.561168     
210     15.098        0.564457     
211     0.336593      0.564509     
212     6.2223        0.565332     
213     4.99802       0.574345     
214     12.8362       0.57436      
215     5.03263       0.574396     
216     3.50584       0.60104      
217     27.035        0.601721     
218     17.1133       0.603652     
219     0.397393      0.621387     
220     5.99178       0.621397     
221     1.57608       0.62188      
222     12.9542       0.626741     
223     33.7709       0.628331     
224     0.558569      0.628601     
225     8.10991       0.646196     
226     4.63606       0.650379     
227     6.06196       0.651762     
228     19.0811       0.652138     
229     0.337674      0.65226      
230     5.45734       0.655407     
231     12.2851       0.66467      
232     10.688        0.665217     
233     36.5453       0.668593     
234     2.25406       0.690753     
235     0.333268      0.690903     
236     15.2385       0.691027     
237     2.19302       0.691489     
238     2.55776       0.692386     
239     16.0088       0.696702     
240     3.04096       0.70284      
241     0.901202      0.703314     
242     0.597553      0.704671     
243     4.70102       0.705361     
244     78.2546       0.705701     
245     0.605935      0.706732     
246     2.84815       0.707264     
247     22.8918       0.713017     
248     5.24502       0.718889     
249     2.34146       0.719137     
250     3.69383       0.726869     
251     6.51012       0.727027     
252     4.47455       0.73131      
253     0.411305      0.735628     
254     46.861        0.735879     
255     1.73472       0.742016     
256     43.6414       0.742783     
257     0.498768      0.743426     
258     7.71207       0.745423     
259     26.8704       0.745999     
260     3.48378       0.749554     
261     4.69116       0.751562     
262     2.50293       0.754023     
263     6.07739       0.755141     
264     4.42538       0.755475     
265     2.70821       0.756359     
266     1.4946        0.756773     
267     1.52846       0.756814     
268     6.40698       0.758688     
269     3.93197       0.75885      
270     3.24923       0.761269     
271     2.9043        0.762352     
272     3.64202       0.763384     
273     0.690923      0.763949     
274     3.62846       0.764641     
275     28.3836       0.765207     
276     21.1669       0.765379     
277     2.32279       0.765865     
278     4.0582        0.766824     
279     11.4013       0.771578     
280     3.50797       0.771594     
281     4.96577       0.77438      
282     5.31677       0.775561     
283     9.68035       0.789929     
284     18.8539       0.793682     
285     18.862        0.793867     
286     29.5887       0.795275     
287     29.6024       0.79607      
288     17.1483       0.801731     
289     23.4147       0.817741     
290     2.26267       0.822049     
291     10.2165       0.822818     
292     8.97055       0.82374      
293     1.82906       0.823972     
294     6.17673       0.827571     
295     6.72158       0.828314     
296     3.25724       0.829025     
297     5.43119       0.83137      
298     8.31701       0.832174     
299     7.27315       0.834236     
300     0.368002      0.834268     
301     0.894503      0.84019      
302     0.651471      0.8407       
303     36.9853       0.841558     
304     23.6319       0.842718     
305     3.36891       0.856721     
306     9.52905       0.857544     
307     2.91301       0.858428     
308     15.881        0.861073     
309     30.6348       0.861132     
310     6.25108       0.866139     
311     9.58132       0.868373     
312     5.18268       0.881236     
313     14.8583       0.884124     
314     10.0163       0.887443     
315     33.5633       0.887862     
316     7.03793       0.890465     
317     6.59173       0.895525     
318     3.15045       0.89726      
319     7.85621       0.899296     
320     2.14103       0.901979     
321     3.22193       0.903797     
322     0.760421      0.905427     
323     12.8222       0.906756     
324     38.6195       0.907651     
325     25.9894       0.908994     
326     2.78745       0.909421     
327     51.1497       0.910853     
328     12.2968       0.911988     
329     7.03957       0.913946     
330     7.91922       0.917114     
331     15.0866       0.919362     
332     2.0868        0.920183     
333     5.93144       0.923284     
334     0.512998      0.925482     
335     76.8946       0.926495     
336     7.55292       0.926721     
337     1.50328       0.930711     
338     13.4278       0.935012     
339     40.6624       0.93542      
340     37.8122       0.936913     
341     29.1633       0.945641     
342     60.3436       0.947166     
343     35.9647       0.947794     
344     23.8727       0.951296     
345     0.386415      0.951628     
346     4.8202        0.958799     
347     40.7769       0.960091     
348     37.3404       0.960207     
349     45.4409       0.961352     
350     35.1399       0.961602     
351     7.57025       0.962734     
352     17.4845       0.976215     
353     8.48062       0.982052     
354     11.6642       0.982855     
355     11.2586       0.997078     
356     17.3083       1.00687      
357     5.33266       1.01104      
358     0.768129      1.01893      
359     0.607524      1.01976      
360     114.553       1.01991      
361     0.660789      1.02048      
362     6.67711       1.03879      
363     14.894        1.04067      
364     4.31317       1.04252      
365     1.15412       1.04293      
366     8.52258       1.04304      
367     6.09679       1.04385      
368     28.466        1.05245      
369     28.4071       1.05629      
370     3.24067       1.0572       
371     7.40527       1.05906      
372     14.4627       1.06729      
373     19.238        1.07047      
374     13.6857       1.07583      
375     43.4881       1.07611      
376     9.67501       1.08624      
377     4.54431       1.08684      
378     10.8552       1.09247      
379     2.93693       1.10273      
380     8.7046        1.10321      
381     6.62636       1.10495      
382     8.74906       1.10787      
383     6.58625       1.10886      
384     0.344717      1.11321      
385     28.4808       1.11342      
386     9.27989       1.11389      
387     9.95247       1.11809      
388     0.717526      1.11815      
389     7.70063       1.11831      
390     4.73173       1.11894      
391     2.5156        1.12843      
392     5.82064       1.12901      
393     0.253946      1.12904      
394     6.70727       1.12965      
395     6.58974       1.12992      
396     1.81274       1.13056      
397     3.46703       1.1309       
398     3.48508       1.14261      
399     11.6938       1.14302      
400     5.45226       1.14799      
401     20.458        1.14871      
402     6.22906       1.1586       
403     8.99758       1.16134      
404     22.333        1.16284      
405     21.7202       1.16623      
406     8.09636       1.18665      
407     4.35923       1.18915      
408     4.27581       1.19098      
409     52.8058       1.19501      
410     11.7382       1.19649      
411     25.6085       1.19722      
412     6.15759       1.20075      
413     8.11354       1.21663      
414     8.0959        1.22162      
415     5.57397       1.22184      
416     30.4272       1.22735      
417     12.2658       1.23293      
418     6.9735        1.24193      
419     4.63901       1.24802      
420     17.5923       1.25306      
421     24.6814       1.25328      
422     16.5454       1.25343      
423     45.9677       1.2565       
424     12.848        1.26276      
425     3.91239       1.26344      
426     19.7117       1.26435      
427     12.1681       1.26493      
428     2.91229       1.26536      
429     8.07968       1.26727      
430     16.7729       1.26744      
431     3.85186       1.26984      
432     9.42883       1.27854      
433     6.40747       1.27868      
434     12.6031       1.28302      
435     56.1721       1.29213      
436     14.1587       1.30074      
437     7.69931       1.30844      
438     124.042       1.31216      
439     13.3606       1.31642      
440     6.42908       1.32488      
441     68.1304       1.33322      
442     23.0743       1.33344      
443     29.4162       1.33517      
444     19.4348       1.3375       
445     54.8933       1.33952      
446     0.471417      1.34034      
447     0.582872      1.34073      
448     2.78866       1.34393      
449     8.21292       1.34765      
450     0.3731        1.3477       
451     1.62463       1.35107      
452     4.17946       1.35108      
453     8.45058       1.35512      
454     32.0892       1.35661      
455     2.14241       1.35735      
456     3.41886       1.36014      
457     8.94187       1.36214      
458     14.8879       1.36781      
459     49.0796       1.38329      
460     6.9507        1.38491      
461     14.555        1.39843      
462     4.82214       1.39877      
463     20.5089       1.40894      
464     8.13721       1.42474      
465     7.88148       1.42571      
466     14.9723       1.42679      
467     8.16516       1.42752      
468     32.5945       1.42835      
469     4.45713       1.44185      
470     17.124        1.44236      
471     7.53424       1.44386      
472     8.10175       1.46292      
473     8.09156       1.46324      
474     22.3794       1.49636      
475     20.0941       1.49679      
476     72.7376       1.49951      
477     69.2803       1.50044      
478     74.7517       1.50228      
479     11.6635       1.51675      
480     5.57643       1.52339      
481     14.0593       1.5298       
482     11.262        1.53928      
483     29.4518       1.54068      
484     9.06452       1.54388      
485     22.9398       1.55188      
486     10.7389       1.55783      
487     6.91903       1.5592       
488     9.57931       1.55983      
489     14.076        1.55994      
490     12.1483       1.56658      
491     3.05549       1.56706      
492     15.3024       1.57027      
493     4.99856       1.57072      
494     30.8969       1.57752      
495     15.4515       1.58004      
496     45.9845       1.58165      
497     12.2028       1.5874       
498     13.7984       1.59556      
499     21.7113       1.60681      
500     2.84139       1.61204      
501     57.8184       1.61206      
502     0.740386      1.61295      
503     6.25374       1.61728      
504     13.6086       1.62974      
505     13.1148       1.64372      
506     6.09108       1.64658      
507     43.9729       1.64776      
508     8.60316       1.65341      
509     5.00148       1.65773      
510     6.55844       1.65952      
511     8.28506       1.65958      
512     34.9124       1.67709      
513     43.0226       1.6775       
514     46.0493       1.67836      
515     31.7919       1.67943      
516     19.6135       1.68123      
517     53.5433       1.68366      
518     0.513741      1.68458      
519     0.758827      1.68555      
520     2.88645       1.68821      
521     2.38093       1.69042      
522     3.51011       1.69187      
523     14.1617       1.69951      
524     6.01382       1.72084      
525     6.70453       1.72347      
526     14.3222       1.72456      
527     37.5927       1.72569      
528     23.637        1.73679      
529     5.16245       1.73691      
530     9.2605        1.74193      
531     10.5443       1.74645      
532     7.40577       1.75602      
533     15.2976       1.77102      
534     38.8248       1.77974      
535     74.2996       1.79087      
536     4.90473       1.79121      
537     17.6895       1.79702      
538     13.9636       1.80884      
539     5.13111       1.81693      
540     6.09732       1.82077      
541     14.9907       1.82105      
542     5.31255       1.82318      
543     31.9665       1.82323      
544     5.0714        1.82852      
545     13.8172       1.83321      
546     5.93246       1.83938      
547     8.57164       1.84445      
548     7.29046       1.8503       
549     15.5182       1.86026      
550     33.4633       1.86089      
551     73.3267       1.86189      
552     24.8433       1.86239      
553     32.3931       1.86358      
554     17.1408       1.86481      
555     22.7445       1.86592      
556     14.0452       1.87068      
557     5.11435       1.87497      
558     9.17322       1.87977      
559     9.62584       1.88791      
560     1.80634       1.88807      
561     6.51562       1.89264      
562     6.36895       1.89648      
563     10.566        1.90082      
564     5.30755       1.9011       
565     35.6074       1.91777      
566     23.3807       1.91852      
567     123.3         1.92285      
568     20.3963       1.92492      
569     8.81619       1.93545      
570     12.9846       1.95248      
571     3.50861       1.95854      
572     10.7347       1.95955      
573     67.8526       1.96043      
574     33.5104       1.96051      
575     0.488158      1.96982      
576     0.471453      1.97035      
577     7.43107       1.97442      
578     17.0453       1.9746       
579     361.999       1.97713      
580     43.447        1.98691      
581     45.6129       1.98823      
582     10.6636       1.99013      
583     24.0096       2.0015       
584     39.4988       2.00402      
585     77.025        2.00545      
586     81.8354       2.00597      
587     164.621       2.00925      
588     205.583       2.00945      
589     6.419         2.01076      
590     272.336       2.01229      
591     61.3924       2.01275      
592     10.6006       2.01713      
593     334.699       2.02283      
594     8.28667       2.02609      
595     421.373       2.02645      
596     13.6153       2.0342       
597     11.5226       2.04526      
598     43.9584       2.04539      
599     8.84669       2.05065      
600     0.702295      2.05484      
601     27.4626       2.06441      
602     33.6278       2.06513      
603     86.5612       2.06527      
604     62.0078       2.06883      
605     46.401        2.07194      
606     16.6876       2.0726       
607     71.4327       2.07942      
608     16.0379       2.08526      
609     21.4787       2.08655      
610     4.59449       2.0951       
611     1.95665       2.09744      
612     6.72881       2.10046      
613     3.79943       2.10476      
614     2.53331       2.10791      
615     44.3422       2.11257      
616     16.4441       2.11614      
617     26.9502       2.11703      
618     1.68941       2.11943      
619     4.01599       2.12302      
620     2.31183       2.12657      
621     29.2523       2.13359      
622     25.0279       2.13621      
623     7.24001       2.14563      
624     9.41654       2.14683      
625     9.44777       2.1471       
626     30.3958       2.1539       
627     7.70411       2.15934      
628     8.24273       2.16325      
629     3.89128       2.16612      
630     26.4504       2.16857      
631     4.75614       2.16858      
632     8.15395       2.17388      
633     8.14002       2.17443      
634     6.43903       2.17818      
635     9.85299       2.18438      
636     12.4884       2.18454      
637     8.65317       2.18907      
638     13.8391       2.19549      
639     14.7948       2.19992      
640     24.3292       2.20269      
641     8.39393       2.21217      
642     25.427        2.21805      
643     6.21545       2.22303      
644     23.0628       2.22769      
645     23.6269       2.2291       
646     11.2483       2.23079      
647     10.2622       2.23477      
648     3.19435       2.23494      
649     7.24418       2.23719      
650     3.7645        2.23998      
651     4.32775       2.24026      
652     3.40131       2.24131      
653     19.9552       2.24377      
654     14.8055       2.24858      
655     15.1703       2.25291      
656     10.4087       2.2604       
657     98.5696       2.26472      
658     29.5775       2.26657      
659     9.49003       2.2806       
660     2.04614       2.28688      
661     27.9196       2.2942       
662     24.3787       2.29483      
663     20.0062       2.2954       
664     58.4246       2.29733      
665     113.769       2.30205      
666     33.907        2.30387      
667     18.4983       2.31762      
668     27.3527       2.33434      
669     51.5465       2.3381       
670     30.8904       2.33932      
671     19.2985       2.34139      
672     22.8636       2.35377      
673     9.4955        2.36109      
674     7.83424       2.36556      
675     6.52007       2.36787      
676     11.0201       2.37564      
677     1.92428       2.3778       
678     10.4106       2.38005      
679     11.1672       2.38067      
680     4.22731       2.38091      
681     34.5189       2.38377      
682     17.9521       2.38946      
683     125.795       2.39409      
684     19.3214       2.40064      
685     6.78378       2.40654      
686     27.3613       2.41433      
687     22.6664       2.42839      
688     4.40301       2.42931      
689     26.5186       2.43599      
690     13.5321       2.44401      
691     26.8444       2.45269      
692     106.742       2.45306      
693     87.2017       2.45666      
694     16.3038       2.46106      
695     53.0701       2.46307      
696     40.177        2.47951      
697     20.2195       2.48541      
698     16.4098       2.4932       
699     37.1121       2.49655      
700     21.9505       2.50024      
701     13.1565       2.50915      
702     17.825        2.50952      
703     5.71705       2.5101       
704     4.65285       2.52186      
705     2.47029       2.52335      
706     2.55895       2.52408      
707     3.29539       2.52415      
708     15.3669       2.52463      
709     8.70383       2.52605      
710     19.2599       2.53059      
711     8.88571       2.54019      
712     2.81387       2.54578      
713     0.719961      2.55969      
714     24.4911       2.56235      
715     30.9447       2.56259      
716     46.589        2.56263      
717     27.5219       2.57073      
718     4.68157       2.58391      
719     279.121       2.58586      
720     25.1952       2.59064      
721     172.37        2.59427      
722     10.022        2.59899      
723     9.12656       2.60518      
724     42.0569       2.62454      
725     34.2666       2.62521      
726     42.7716       2.6285       
727     9.56148       2.63206      
728     4.26215       2.64083      
729     8.66433       2.64864      
730     11.7826       2.65449      
731     8.33604       2.6556       
732     110.572       2.65856      
733     126.676       2.65945      
734     8.04183       2.66388      
735     28.1285       2.66974      
736     19.4235       2.67806      
737     5.75026       2.6848       
738     11.2877       2.68951      
739     8.99859       2.69386      
740     16.447        2.70256      
741     17.2829       2.70388      
742     9.34676       2.71408      
743     16.1548       2.72661      
744     30.3715       2.72756      
745     12.5233       2.7324       
746     10.9082       2.73438      
747     70.2597       2.73989      
748     34.4128       2.74614      
749     5.87785       2.74949      
750     15.1871       2.75765      
751     36.4306       2.7665       
752     7.65244       2.77834      
753     22.91         2.77942      
754     36.674        2.79042      
755     19.4326       2.8018       
756     15.9232       2.8053       
757     4.78951       2.81617      
758     6.89309       2.82025      
759     9.85656       2.8257       
760     9.60995       2.83485      
761     81.5744       2.8434       
762     22.2392       2.84931      
763     69.4134       2.85098      
764     28.0995       2.85288      
765     48.6956       2.85551      
766     2.61844       2.86367      
767     2.07353       2.86561      
768     6.24365       2.88084      
769     41.2815       2.88887      
770     20.8653       2.89242      
771     59.4038       2.89273      
772     268.74        2.90204      
773     9.53623       2.9033       
774     54.2345       2.9162       
775     112.87        2.92083      
776     11.0672       2.93215      
777     28.6499       2.93592      
778     4.96174       2.93861      
779     16.4622       2.94475      
780     9.8545        2.95224      
781     18.3432       2.96278      
782     17.481        2.96703      
783     0.557028      2.97304      
784     5.41757       2.97626      
785     221.963       2.97666      
786     53.103        2.98201      
787     61.4044       2.98666      
788     26.6943       2.98723      
789     65.8888       2.9946       
790     2.42028       3.00437      
791     22.9757       3.0106       
792     4.27142       3.01655      
793     4.59171       3.02225      
794     17.4153       3.02632      
795     40.7345       3.02742      
796     7.03197       3.03251      
797     36.3415       3.04106      
798     16.6661       3.04445      
799     66.1233       3.05013      
800     56.7613       3.05801      
801     108.072       3.05955      
802     19.1668       3.06221      
803     111.137       3.07438      
804     9.9759        3.0756       
805     21.9742       3.08236      
806     15.0488       3.09329      
807     28.1565       3.09869      
808     28.3029       3.10923      
809     14.7529       3.11607      
810     17.5022       3.1287       
811     21.0564       3.13722      
812     11.5785       3.14275      
813     36.5254       3.14956      
814     447.972       3.15103      
815     636.976       3.15535      
816     18.0348       3.16022      
817     15.2606       3.17008      
818     14.4409       3.17567      
819     65.6102       3.18611      
820     0.901121      3.18715      
821     24.5343       3.19275      
822     12.6929       3.19385      
823     16.3619       3.20774      
824     13.6759       3.21297      
825     44.7605       3.22491      
826     72.0709       3.23477      
827     57.6338       3.23615      
828     6.58282       3.23656      
829     14.4552       3.24113      
830     1.87489       3.24596      
831     14.6236       3.2497       
832     7.71374       3.25772      
833     7.90619       3.26588      
834     5.23164       3.27098      
835     6.04914       3.27534      
836     4.11723       3.28027      
837     19.1595       3.28802      
838     71.4475       3.28895      
839     37.5696       3.29643      
840     18.0993       3.29671      
841     13.0104       3.30916      
842     24.8757       3.31149      
843     9.38585       3.3163       
844     7.24421       3.31954      
845     9.25895       3.32778      
846     5.55329       3.32804      
847     14.3355       3.33254      
848     19.6023       3.34592      
849     17.6918       3.34906      
850     8.46638       3.35382      
851     8.31974       3.36123      
852     16.9304       3.37181      
853     52.9425       3.37523      
854     21.656        3.37579      
855     36.7318       3.37745      
856     46.6132       3.3776       
857     4.87983       3.38919      
858     5.59144       3.39261      
859     4.88488       3.39601      
860     4.2937        3.39924      
861     4.29286       3.39924      
862     19.4253       3.40507      
863     101.743       3.40767      
864     10.0695       3.41071      
865     5.79401       3.41646      
866     3.65283       3.41839      
867     16.8276       3.42292      
868     6.21438       3.42609      
869     42.2229       3.42901      
870     31.7307       3.43417      
871     3.99056       3.43903      
872     67.1468       3.44987      
873     36.1722       3.45035      
874     172.193       3.4508       
875     132.468       3.45912      
876     17.3883       3.46098      
877     0.887119      3.46657      
878     11.5149       3.47437      
879     3.51492       3.48252      
880     37.2061       3.48466      
881     7.44071       3.48691      
882     10.4773       3.49086      
883     7.29842       3.49143      
884     9.42029       3.49921      
885     7.1399        3.50219      
886     11.6596       3.5068       
887     27.5586       3.52627      
888     46.8896       3.53562      
889     21.3861       3.53817      
890     39.6014       3.53819      
891     9.43695       3.53952      
892     7.6578        3.54002      
893     6.21346       3.54676      
894     8.07129       3.55186      
895     10.2943       3.55859      
896     6.46941       3.56149      
897     9.20585       3.56789      
898     30.3765       3.56815      
899     0.289982      3.57562      
900     26.1618       3.57567      
901     8.56131       3.58731      
902     5.67491       3.59244      
903     5.36252       3.59462      
904     4.34909       3.59732      
905     16.5859       3.6005       
906     20.5127       3.60286      
907     28.2127       3.60323      
908     8.08186       3.60467      
909     11.1757       3.60826      
910     4.13755       3.60852      
911     11.5486       3.61179      
912     10.8615       3.61209      
913     3.63307       3.61468      
914     3.27379       3.61644      
915     9.68371       3.62255      
916     9.87926       3.62799      
917     8.01035       3.63592      
918     52.5232       3.63775      
919     5.27193       3.63891      
920     26.6417       3.64838      
921     21.2498       3.65083      
922     9.84194       3.66254      
923     91.1308       3.66729      
924     19.4394       3.67271      
925     15.6156       3.67854      
926     19.8572       3.69856      
927     17.7317       3.6988       
928     644.045       3.71346      
929     25.6496       3.71605      
930     117.909       3.72023      
931     103.575       3.7217       
932     39.384        3.72476      
933     75.1574       3.72676      
934     12.7197       3.73511      
935     0.830065      3.74005      
936     18.48         3.75552      
937     28.4713       3.75566      
938     7.79075       3.76176      
939     2.50891       3.76948      
940     1.8878        3.77978      
941     10.8803       3.78181      
942     9.968         3.78418      
943     28.0154       3.7842       
944     13.7083       3.7862       
945     19.3153       3.78717      
946     6.45803       3.7961       
947     15.1277       3.80624      
948     14.315        3.80736      
949     18.6678       3.82389      
950     28.592        3.83732      
951     2.24246       3.83761      
952     13.2016       3.84534      
953     121.497       3.84965      
954     45.8989       3.85111      
955     4.16716       3.86156      
956     43.7589       3.86694      
957     16.4808       3.86982      
958     28.3679       3.87009      
959     28.6277       3.8778       
960     44.4676       3.88385      
961     1.38592       3.88437      
962     45.1162       3.89095      
963     12.3918       3.90551      
964     6.25002       3.91136      
965     17.8895       3.91999      
966     13.414        3.9207       
967     11.0321       3.93544      
968     17.3435       3.94284      
969     2.99937       3.95079      
970     22.4013       3.95889      
971     5.54166       3.96124      
972     13.6082       3.96731      
973     3.85531       3.97546      
974     2.29438       3.97786      
975     17.0614       3.98781      
976     408.754       3.99245      
977     15.6783       3.99415      
978     0.213037      3.99798      
979     55.6753       3.99904      
980     33.2373       4.00267      
981     71.3939       4.00547      
982     59.0744       4.00566      
983     17.4583       4.00747      
984     74.0308       4.00803      
985     117.705       4.01002      
986     31.2079       4.04862      
987     582.492       4.0514       
988     52.7461       4.05228      
989     84.067        4.05983      
990     142.002       4.06068      
991     9.87592       4.06651      
992     8.87894       4.07303      
993     10.2529       4.07885      
994     5.8507        4.0874       
995     3.27567       4.09145      
996     9.14778       4.09536      
997     4.54412       4.0984       
998     29.2858       4.09955      
999     3.94621       4.10191      
1000    5.7845        4.10555      
1001    6.37959       4.1095       
1002    7.2776        4.11062      
1003    4.63018       4.11625      
1004    3.80732       4.11919      
1005    1.90401       4.12537      
1006    0.756601      4.12833      
1007    29.1728       4.13008      
1008    23.3308       4.13012      
1009    8.22288       4.13112      
1010    3.52186       4.1327       
1011    22.5985       4.13412      
1012    1.92491       4.13774      
1013    28.2875       4.14616      
1014    9.87312       4.15505      
1015    3.5046        4.16109      
1016    45.12         4.164        
1017    24.3077       4.16847      
1018    9.81905       4.17415      
1019    39.6268       4.18434      
1020    29.2112       4.18626      
1021    14.6419       4.18981      
1022    5.43704       4.19586      
1023    10.8906       4.19928      
1024    8.85293       4.20721      
1025    8.59514       4.21452      
1026    9.39474       4.21845      
1027    24.1604       4.22411      
1028    5.62043       4.23022      
1029    14.6298       4.23503      
1030    3.45427       4.23933      
1031    41.238        4.24435      
1032    7.97285       4.24458      
1033    3.68757       4.24513      
1034    23.601        4.24721      
1035    12.3534       4.24912      
1036    1.72774       4.25273      
1037    9.86831       4.25749      
1038    12.3776       4.25825      
1039    48.1526       4.25984      
1040    10.5771       4.2611       
1041    16.9536       4.26129      
1042    9.77371       4.26218      
1043    0.749417      4.26331      
1044    10.0957       4.26622      
1045    5.89841       4.27531      
1046    16.6348       4.28331      
1047    17.5883       4.28567      
1048    6.72885       4.29307      
1049    8.10999       4.29721      
1050    3.94862       4.29928      
1051    7.51921       4.3027       
1052    9.50393       4.30797      
1053    1.13824       4.31174      
1054    1.11804       4.31287      
1055    1.05223       4.3144       
1056    5.47423       4.31592      
1057    15.8695       4.3242       
1058    53.1846       4.32755      
1059    50.4639       4.33164      
1060    16.0668       4.33952      
1061    2.81348       4.3411       
1062    27.6589       4.34411      
1063    0.164593      4.3443       
1064    1.57528       4.34482      
1065    24.7203       4.35239      
1066    38.3466       4.36658      
1067    162.819       4.36848      
1068    1292.27       4.37971      
1069    24.1786       4.38081      
1070    8.85605       4.38846      
1071    9.33152       4.39216      
1072    5.02967       4.39326      
1073    15.8452       4.40011      
1074    248.005       4.40746      
1075    10.8141       4.40842      
1076    196.307       4.40931      
1077    9.8012        4.41422      
1078    22.6248       4.4248       
1079    28.2384       4.43367      
1080    13.96         4.43564      
1081    13.2109       4.44572      
1082    16.0549       4.45249      
1083    3.84592       4.45393      
1084    7.5594        4.45683      
1085    7.83619       4.45915      
1086    2.99533       4.45926      
1087    3.58991       4.46006      
1088    3.86754       4.46064      
1089    8.61108       4.46535      
1090    8.56717       4.46551      
1091    2.54943       4.46575      
1092    25.4909       4.46699      
1093    1.89645       4.46745      
1094    4.02956       4.46912      
1095    10.1438       4.47864      
1096    2.44822       4.48758      
1097    4.43132       4.48924      
1098    59.2077       4.49423      
1099    13.6545       4.49528      
1100    28.7748       4.49649      
1101    27.7892       4.49718      
1102    30.8585       4.49768      
1103    8.1808        4.49773      
1104    8.2189        4.49837      
1105    5.21876       4.50431      
1106    31.2244       4.51427      
1107    14.2256       4.51745      
1108    0.411716      4.51761      
1109    6.90955       4.53011      
1110    4.92581       4.53426      
1111    42.4906       4.53487      
1112    10.2677       4.54011      
1113    4.1151        4.54315      
1114    8.00944       4.54485      
1115    13.2324       4.55188      
1116    18.3992       4.55247      
1117    25.7056       4.55265      
1118    33.2907       4.55406      
1119    8.31924       4.55667      
1120    3.44235       4.55724      
1121    8.26293       4.56446      
1122    7.20062       4.56606      
1123    3.36139       4.5669       
1124    24.1686       4.57087      
1125    11.8077       4.57329      
1126    7.85019       4.57883      
1127    15.5191       4.58366      
1128    7.1237        4.58464      
1129    8.63562       4.59036      
1130    4.84965       4.5979       
1131    10.5864       4.60322      
1132    45.1957       4.60521      
1133    7.51795       4.60765      
1134    18.6457       4.61729      
1135    15.5065       4.6232       
1136    69.2966       4.62494      
1137    9.14708       4.62846      
1138    11.514        4.63275      
1139    21.5203       4.63938      
1140    4.57932       4.65712      
1141    28.0442       4.66255      
1142    24.0241       4.66286      
1143    63.322        4.67224      
1144    9.2929        4.68218      
1145    19.5927       4.68221      
1146    11.3794       4.68258      
1147    9.12795       4.69016      
1148    11.5974       4.70029      
1149    23.949        4.70685      
1150    16.6339       4.71269      
1151    3.6636        4.71339      
1152    11.0002       4.72479      
1153    13.856        4.72576      
1154    41.2584       4.73453      
1155    8.80475       4.73501      
1156    6.75304       4.73861      
1157    24.005        4.75246      
1158    14.6435       4.75273      
1159    0.87961       4.75289      
1160    24.1427       4.75363      
1161    39.9322       4.75695      
1162    7.86625       4.75706      
1163    9.26155       4.76473      
1164    9.04064       4.78292      
1165    20.6132       4.78312      
1166    18.3312       4.80539      
1167    51.4814       4.80646      
1168    17.2912       4.80975      
1169    29.9957       4.82327      
1170    2.58603       4.83457      
1171    0.446185      4.83457      
1172    9.0004        4.84897      
1173    18.2793       4.85027      
1174    4.57618       4.87288      
1175    43.9523       4.87535      
1176    37.3336       4.89174      
1177    112.119       4.89252      
1178    27.8184       4.89255      
1179    33.759        4.89258      
1180    18.7357       4.91383      
1181    8.32438       4.92573      
1182    11.6285       4.93879      
1183    84.4403       4.94202      
1184    1.69303       4.94336      
1185    27.244        4.94854      
1186    2.18448       4.95783      
1187    17.0778       4.96115      
1188    20.2512       4.97073      
1189    8.99628       4.97642      
1190    9.6404        4.98141      
1191    11.5903       4.98727      
1192    4.68786       4.98924      
1193    0.541423      4.99206      
1194    9.22227       4.99442      
1195    3.79242       4.99643      
1196    436.465       4.99687      
1197    7.22988       4.99789      
1198    16.1259       5.00101      
1199    1.2208        5.00407      
1200    8.44315       5.00762      
1201    1.00721       5.00967      
1202    45.3401       5.01027      
1203    74.2672       5.01069      
1204    10.7395       5.01269      
1205    3.69815       5.0157       
1206    3.10748       5.01802      
1207    15.8059       5.02449      
1208    2.84458       5.03018      
1209    9.73014       5.0328       
1210    0.890265      5.03498      
1211    12.857        5.03515      
1212    26.6553       5.03828      
1213    40.0808       5.03984      
1214    21.3062       5.04036      
1215    28.9227       5.0405       
1216    6.22459       5.04379      
1217    2.19277       5.04495      
1218    84.042        5.05206      
1219    2.13188       5.06319      
1220    55.2716       5.06771      
1221    20.5986       5.07077      
1222    16.2758       5.0711       
1223    15.1992       5.07128      
1224    56.72         5.0716       
1225    3.76413       5.08337      
1226    6.59673       5.0905       
1227    6.54778       5.09757      
1228    37.9012       5.10115      
1229    18.4641       5.10523      
1230    150.436       5.10999      
1231    5.73999       5.11115      
1232    12.3414       5.11645      
1233    7.80665       5.11973      
1234    12.1919       5.12626      
1235    5.29569       5.13554      
1236    3.91166       5.13906      
1237    24.3497       5.14178      
1238    31.6129       5.14377      
1239    4.80152       5.1543       
1240    5.83792       5.1577       
1241    44.9212       5.17059      
1242    15.2936       5.17092      
1243    20.2366       5.18256      
1244    2.3656        5.18499      
1245    5.95126       5.18513      
1246    9.5341        5.19041      
1247    23.8977       5.1923       
1248    6.6923        5.1945       
1249    4.65608       5.19841      
1250    7.2077        5.19903      
1251    5.9247        5.20308      
1252    3.98137       5.20343      
1253    2.03897       5.20354      
1254    3.68752       5.20736      
1255    2.46694       5.20946      
1256    21.0532       5.21454      
1257    23.6351       5.21939      
1258    214.735       5.22316      
1259    23.2552       5.23047      
1260    28.9511       5.23443      
1261    6.92592       5.23693      
1262    11.3498       5.24237      
1263    7.73586       5.24324      
1264    14.8496       5.25042      
1265    10.3478       5.25781      
1266    14.6931       5.26413      
1267    8.30018       5.26505      
1268    9.24032       5.2745       
1269    9.13076       5.27777      
1270    5.42786       5.28319      
1271    61.8796       5.28412      
1272    20.2367       5.29256      
1273    18.2598       5.29275      
1274    5.19379       5.30188      
1275    6.76524       5.30451      
1276    10.4029       5.30901      
1277    11.3496       5.31503      
1278    10.6095       5.32315      
1279    6.17305       5.32734      
1280    1.99758       5.32885      
1281    19.5064       5.33189      
1282    18.5496       5.33238      
1283    13.4748       5.33354      
1284    69.9543       5.3359       
1285    109.788       5.33684      
1286    5.34834       5.34167      
1287    2.94078       5.34722      
1288    3.03324       5.3494       
1289    3.01351       5.35667      
1290    19.5559       5.3626       
1291    4.8625        5.37009      
1292    90.0909       5.37165      
1293    1.92861       5.3738       
1294    19.7121       5.37525      
1295    2.59892       5.37559      
1296    12.1874       5.38269      
1297    3.10723       5.38322      
1298    0.746928      5.38869      
1299    4.04828       5.3904       
1300    61.4391       5.39421      
1301    53.1438       5.39593      
1302    42.2492       5.3968       
1303    199.262       5.39937      
1304    7.87315       5.40376      
1305    1.39417       5.40646      
1306    4.9859        5.40955      
1307    20.1759       5.41713      
1308    113.907       5.4195       
1309    2.67762       5.42122      
1310    2.6922        5.42132      
1311    0.777807      5.42306      
1312    8.42062       5.42642      
1313    24.1936       5.43929      
1314    10.5232       5.4408       
1315    4.32332       5.44977      
1316    6.7992        5.45263      
1317    5.95403       5.46834      
1318    4.25059       5.46998      
1319    9.50282       5.47145      
1320    6.87986       5.47154      
1321    4.55996       5.47311      
1322    4.49701       5.48067      
1323    5.93346       5.48171      
1324    2.47211       5.48243      
1325    11.4497       5.48276      
1326    7.84101       5.48295      
1327    0.706338      5.48303      
1328    2.71478       5.48361      
1329    1.02498       5.48471      
1330    9.54494       5.48549      
1331    18.4709       5.48736      
1332    10.7854       5.48841      
1333    0.490068      5.48871      
1334    6.57734       5.48911      
1335    5.16145       5.48997      
1336    8.88012       5.49319      
1337    16.3862       5.52265      
1338    34.6574       5.53423      
1339    0.800447      5.54564      
1340    2.64081       5.54618      
1341    0.517153      5.54798      
1342    186.002       5.54971      
1343    11.3531       5.55044      
1344    11.4029       5.55105      
1345    10.1322       5.55115      
1346    2.19052       5.56931      
1347    7.92846       5.56961      
1348    16.5714       5.57608      
1349    2.01151       5.57612      
1350    2.12249       5.57665      
1351    23.2538       5.59066      
1352    46.0607       5.59879      
1353    18.7091       5.61308      
1354    56.4561       5.61746      
1355    5.66519       5.61997      
1356    11.2536       5.63194      
1357    7.40878       5.63202      
1358    18.4499       5.63225      
1359    8.99233       5.65864      
1360    12.2753       5.66515      
1361    4.08318       5.67633      
1362    6.54858       5.67761      
1363    1.36051       5.67796      
1364    22.4007       5.67878      
1365    19.3142       5.6789       
1366    6.96799       5.67955      
1367    20.0323       5.68319      
1368    10.077        5.68367      
1369    31.9265       5.68458      
1370    8.2126        5.68474      
1371    8.081         5.68795      
1372    11.1665       5.69371      
1373    7.06401       5.69862      
1374    9.37175       5.70329      
1375    15.6056       5.7102       
1376    4.10972       5.71628      
1377    129.28        5.71879      
1378    8.47821       5.72154      
1379    29.9122       5.72888      
1380    11.7715       5.73014      
1381    59.8447       5.74669      
1382    27.1261       5.74804      
1383    28.1495       5.74875      
1384    6.08126       5.75976      
1385    12.4475       5.76007      
1386    7.94979       5.76615      
1387    22.5803       5.77854      
1388    5.70257       5.7792       
1389    112.391       5.79012      
1390    30.0288       5.79135      
1391    19.568        5.79335      
1392    2.34958       5.7979       
1393    6.7692        5.8067       
1394    7.70472       5.81309      
1395    2.20672       5.81637      
1396    0.692523      5.81654      
1397    11.0246       5.81705      
1398    11.1348       5.81895      
1399    50.7134       5.82592      
1400    32.6306       5.8262       
1401    59.1855       5.82793      
1402    6.45485       5.83034      
1403    5.577         5.83346      
1404    12.3815       5.84267      
1405    10.5965       5.84295      
1406    3.34356       5.85068      
1407    4.90703       5.85428      
1408    28.1188       5.85953      
1409    28.2031       5.86031      
1410    25.085        5.86186      
1411    21.9002       5.8619       
1412    47.4622       5.86244      
1413    2.88112       5.87255      
1414    2.75752       5.87444      
1415    29.4481       5.88069      
1416    30.6815       5.88258      
1417    29.6159       5.88328      
1418    27.4606       5.88356      
1419    39.5947       5.88547      
1420    17.869        5.89418      
1421    5.17181       5.90116      
1422    7.19217       5.90846      
1423    8.7702        5.90898      
1424    0.662383      5.91111      
1425    15.6027       5.91184      
1426    16.7921       5.91248      
1427    1.63817       5.91681      
1428    18.3878       5.91999      
1429    0.752302      5.9226       
1430    39.8717       5.92383      
1431    28.0939       5.92561      
1432    177.873       5.92587      
1433    2.0334        5.92687      
1434    7.48636       5.92715      
1435    41.3542       5.92952      
1436    12.0119       5.93008      
1437    7.51364       5.93312      
1438    2.35133       5.93491      
1439    10.2259       5.93764      
1440    8.19122       5.94287      
1441    13.7062       5.94741      
1442    35.3673       5.94954      
1443    7.41552       5.95486      
1444    3.54061       5.96142      
1445    4.35844       5.9628       
1446    16.9775       5.96393      
1447    12.1316       5.9658       
1448    4.81104       5.97243      
1449    6.83082       5.97265      
1450    10.1914       5.97608      
1451    4.85817       5.98108      
1452    10.5743       5.98141      
1453    6.1621        5.98476      
1454    12.5595       5.98481      
1455    7.09939       5.9938       
1456    7.62561       5.99473      
1457    10.8068       5.99733      
1458    6.82475       5.99749      
1459    13.7273       5.9979       
1460    3.71194       5.99852      
1461    19.914        6.00004      
1462    7.56817       6.00169      
1463    9.29003       6.00814      
1464    7.07856       6.01584      
1465    4.07967       6.01856      
1466    0.688367      6.02071      
1467    0.572245      6.02094      
1468    0.380337      6.02127      
1469    37.4644       6.02156      
1470    26.5691       6.02355      
1471    5.6202        6.03012      
1472    2.79247       6.03066      
1473    0.990278      6.03216      
1474    10.5181       6.03269      
1475    10.5321       6.03468      
1476    2.47462       6.03513      
1477    10.6287       6.03571      
1478    19.32         6.03647      
1479    10.4606       6.03788      
1480    11.4733       6.04345      
1481    13.5167       6.04377      
1482    9.77925       6.04952      
1483    10.6653       6.05054      
1484    26.2204       6.05202      
1485    2.06196       6.05282      
1486    3.04014       6.0544       
1487    0.173383      6.05511      
1488    9.04755       6.05512      
1489    3.22109       6.0564       
1490    2.16617       6.05755      
1491    8.72099       6.05771      
1492    10.669        6.06437      
1493    22.66         6.09021      
1494    11.13         6.09522      
1495    0.4575        6.09523      
1496    9.37548       6.10545      
1497    19.0277       6.10598      
1498    18.0489       6.13453      
1499    14.5344       6.13467      
1500    7.45767       6.16996      
1501    5.0952        6.17008      
1502    3.36333       6.17279      
1503    0.433613      6.17403      
1504    61.0658       6.17408      
1505    0.576505      6.17481      
1506    0.606703      6.17537      
1507    10.1616       6.17616      
1508    11.5358       6.18422      
1509    12.7036       6.19726      
1510    4.98785       6.20789      
1511    15.8506       6.21112      
1512    10.3547       6.21163      
1513    30.7123       6.21409      
1514    1.72642       6.21452      
1515    2.83712       6.21533      
1516    7.12616       6.21552      
1517    5.0571        6.22037      
1518    2.30962       6.22065      
1519    7.37606       6.22198      
1520    8.72514       6.22827      
1521    3.2064        6.23524      
1522    14.7071       6.23552      
1523    16.0196       6.23617      
1524    6.12245       6.23697      
1525    3.34725       6.23784      
1526    8.10695       6.24465      
1527    0.331112      6.24466      
1528    39.9165       6.25102      
1529    4.69491       6.26093      
1530    1.1151        6.26111      
1531    12.8199       6.26133      
1532    1.82666       6.26146      
1533    2.92684       6.26571      
1534    10.3215       6.26586      
1535    4.44655       6.26849      
1536    1.75119       6.26909      
1537    4.32782       6.26928      
1538    2.64547       6.27004      
1539    4.69236       6.27044      
1540    5.11387       6.2708       
1541    2.70576       6.27224      
1542    9.11294       6.27259      
