0       35.145        0.000912059  
1       9.75699       0.00271226   
2       9.68001       0.00489197   
3       6.25559       0.00835539   
4       7.74829       0.0112732    
5       4.88395       0.0118622    
6       2.61259       0.0121401    
7       16.1177       0.0164932    
8       3.50887       0.0226676    
9       8.07596       0.0229696    
10      6.34503       0.0239028    
11      7.16746       0.0256288    
12      16.0872       0.029726     
13      23.5789       0.0298622    
14      10.2398       0.030557     
15      35.1558       0.0310461    
16      16.0277       0.0311784    
17      31.4612       0.0341482    
18      105.073       0.0356442    
19      50.2158       0.0366138    
20      27.673        0.0373067    
21      22.657        0.0401409    
22      22.7329       0.0427418    
23      19.6385       0.0448187    
24      10.706        0.0469884    
25      3.62476       0.0524011    
26      9.76208       0.0532034    
27      16.9615       0.0537222    
28      0.259755      0.0537438    
29      25.7925       0.0574263    
30      2.4855        0.0577937    
31      4.01579       0.0620048    
32      7.55785       0.0625066    
33      13.3696       0.0629682    
34      77.2994       0.0648713    
35      31.0987       0.0666983    
36      2.24506       0.0714454    
37      14.2023       0.0716252    
38      13.3063       0.0741858    
39      3.38156       0.074186     
40      8.88495       0.0743804    
41      4.88166       0.0757577    
42      1.67363       0.0760738    
43      0.407541      0.0764857    
44      24.3077       0.0766021    
45      13.4264       0.0769064    
46      1.92776       0.0782766    
47      14.9407       0.0859085    
48      23.8396       0.102395     
49      4.29224       0.103257     
50      14.5808       0.109062     
51      6.70303       0.113341     
52      31.6691       0.115089     
53      8.25216       0.115284     
54      1.09883       0.123534     
55      10.3275       0.124874     
56      90.4757       0.124969     
57      17.2242       0.125399     
58      11.9857       0.129835     
59      0.845392      0.132095     
60      21.2625       0.132352     
61      5.84135       0.133313     
62      4.61416       0.133322     
63      7.31118       0.134551     
64      19.9446       0.134667     
65      1.60234       0.134927     
66      5.99286       0.135531     
67      22.3415       0.142546     
68      13.9501       0.144065     
69      13.3521       0.156963     
70      16.3193       0.167429     
71      4.92857       0.169071     
72      3.79206       0.169395     
73      4.48514       0.173422     
74      6.52947       0.174189     
75      82.3698       0.178218     
76      26.8896       0.179203     
77      56.8303       0.179373     
78      43.3683       0.179383     
79      2.11006       0.185861     
80      11.1012       0.185944     
81      25.7882       0.186195     
82      56.5476       0.186899     
83      3.00735       0.189745     
84      15.5534       0.193258     
85      26.2535       0.194401     
86      24.194        0.196099     
87      95.5905       0.197578     
88      17.1903       0.201567     
89      6.40343       0.206199     
90      15.8687       0.209637     
91      14.0114       0.21135      
92      15.1244       0.215231     
93      1.09308       0.21711      
94      84.8017       0.218781     
95      25.2686       0.219398     
96      5.55912       0.224378     
97      6.39689       0.225334     
98      22.3753       0.228302     
99      30.8356       0.228308     
100     6.65205       0.231528     
101     23.1155       0.235998     
102     18.2002       0.238363     
103     12.5177       0.239013     
104     57.5529       0.246058     
105     20.0103       0.246644     
106     31.0006       0.247462     
107     66.2521       0.248008     
108     3.13744       0.251815     
109     4.01888       0.252397     
110     4.24603       0.253663     
111     10.2947       0.256231     
112     3.5655        0.256409     
113     3.0545        0.257612     
114     16.4558       0.259969     
115     29.9578       0.260881     
116     29.7649       0.262346     
117     9.20464       0.262556     
118     36.4785       0.262955     
119     7.58264       0.264667     
120     6.21502       0.266534     
121     7.68954       0.267759     
122     4.06363       0.269911     
123     15.8595       0.27059      
124     1.45594       0.271038     
125     4.16571       0.271212     
126     5.95736       0.272206     
127     20.0715       0.273652     
128     4.6103        0.275902     
129     2.45775       0.27685      
130     0.921041      0.278632     
131     20.7296       0.279868     
132     0.832516      0.281349     
133     16.751        0.281791     
134     51.1488       0.283399     
135     130.929       0.284057     
136     13.1373       0.284993     
137     86.4111       0.286394     
138     100.14        0.286397     
139     138.715       0.287619     
140     33.2574       0.28773      
141     29.2089       0.289315     
142     45.1685       0.289484     
143     0.774913      0.292009     
144     3.57442       0.29381      
145     15.0973       0.296761     
146     6.38831       0.299343     
147     0.920635      0.305907     
148     0.292628      0.306202     
149     18.8034       0.306232     
150     0.292945      0.306261     
151     62.6432       0.312024     
152     26.1673       0.312867     
153     94.5147       0.314996     
154     0.18148       0.315065     
155     7.19017       0.315801     
156     11.0111       0.318059     
157     2.80105       0.320475     
158     2.96261       0.321226     
159     8.11582       0.328497     
160     18.6403       0.329701     
161     7.9934        0.330099     
162     14.6361       0.334678     
163     0.27142       0.334693     
164     0.802447      0.334826     
165     19.1929       0.340583     
166     0.758114      0.34386      
167     0.682234      0.344054     
168     20.2662       0.345173     
169     148.539       0.345475     
170     33.0134       0.347421     
171     12.6508       0.348763     
172     9.74878       0.359858     
173     63.5899       0.362035     
174     5.35262       0.366486     
175     12.9251       0.367121     
176     45.5773       0.369777     
177     8.16782       0.370145     
178     41.0322       0.371702     
179     4.4253        0.371794     
180     5.72101       0.375308     
181     8.26128       0.382693     
182     3.38137       0.385646     
183     1.41243       0.386226     
184     54.0584       0.386773     
185     24.5751       0.386779     
186     7.43848       0.387553     
187     6.05767       0.388104     
188     4.13992       0.388879     
189     3.64953       0.389571     
190     10.6085       0.396167     
191     0.810838      0.396908     
192     45.9561       0.39798      
193     40.3724       0.398194     
194     12.3413       0.399277     
195     8.10789       0.403542     
196     0.468849      0.416408     
197     55.5478       0.416536     
198     0.448059      0.416664     
199     20.2657       0.418257     
200     6.30936       0.421943     
201     3.91602       0.430532     
202     0.169952      0.430533     
203     8.44256       0.43106      
204     0.911186      0.43723      
205     5.32384       0.437768     
206     3.55806       0.437796     
207     32.6099       0.438272     
208     37.1565       0.438295     
209     5.17983       0.440112     
210     11.1325       0.440139     
211     3.94101       0.44057      
212     5.39917       0.447329     
213     61.7879       0.448548     
214     7.24611       0.448913     
215     11.6059       0.455324     
216     4.93604       0.458019     
217     18.233        0.460198     
218     25.9524       0.460462     
219     23.4966       0.465353     
220     2.98947       0.48018      
221     41.0933       0.480294     
222     0.592528      0.48053      
223     22.0674       0.481879     
224     16.4356       0.492573     
225     28.4956       0.49354      
226     13.282        0.494419     
227     15.3288       0.498249     
228     6.10854       0.502107     
229     4.93049       0.502136     
230     1.77813       0.504519     
231     11.1577       0.504742     
232     16.9108       0.50535      
233     7.69481       0.506837     
234     6.54857       0.507396     
235     35.5361       0.508406     
236     14.0021       0.511794     
237     0.196326      0.511809     
238     6.9994        0.512255     
239     1.02965       0.512342     
240     13.7514       0.513138     
241     9.16033       0.51387      
242     15.113        0.513952     
243     8.61749       0.515153     
244     3.63653       0.516259     
245     135.65        0.517488     
246     0.281488      0.517525     
247     0.43285       0.517757     
248     0.558959      0.517961     
249     9.48116       0.519257     
250     4.18292       0.520795     
251     2.52165       0.522288     
252     5.86095       0.522575     
253     8.99494       0.52263      
254     0.828387      0.522891     
255     7.94047       0.523474     
256     1.72345       0.52366      
257     1.1001        0.523815     
258     1.3398        0.524672     
259     0.143756      0.524882     
260     3.69219       0.524883     
261     11.7656       0.526977     
262     6.35607       0.527192     
263     2.10979       0.528504     
264     34.036        0.528853     
265     2.1595        0.528921     
266     16.2541       0.531034     
267     53.6757       0.549041     
268     14.1599       0.549675     
269     18.2124       0.574641     
270     18.1932       0.581948     
271     0.161767      0.581959     
272     6.95133       0.582331     
273     0.930103      0.583734     
274     51.3862       0.584288     
275     3.08737       0.584397     
276     3.47619       0.585144     
277     4.12605       0.591831     
278     14.2428       0.593551     
279     14.9151       0.597939     
280     1.96246       0.59796      
281     19.6706       0.59971      
282     4.43153       0.599903     
283     48.7904       0.602181     
284     44.8796       0.603368     
285     10.7301       0.604459     
286     6.6315        0.607168     
287     6.04531       0.612678     
288     8.73275       0.61287      
289     6.62487       0.614124     
290     7.79025       0.61903      
291     31.5446       0.619363     
292     15.1645       0.630595     
293     5.17345       0.634119     
294     14.9401       0.634599     
295     13.5765       0.635004     
296     2.50788       0.640283     
297     43.6748       0.640767     
298     2.11392       0.640805     
299     8.44379       0.641557     
300     3.32148       0.650956     
301     3.06507       0.651506     
302     0.443745      0.651953     
303     0.386544      0.652029     
304     3.19434       0.65234      
305     156.423       0.652349     
306     0.437275      0.652699     
307     0.52988       0.652833     
308     3.08702       0.653895     
309     19.7514       0.655785     
310     13.2386       0.664072     
311     3.59927       0.665607     
312     8.96913       0.666226     
313     1.83424       0.66821      
314     12.3537       0.668222     
315     3.70209       0.670209     
316     2.20543       0.670555     
317     53.5934       0.671038     
318     7.06966       0.672918     
319     0.144245      0.674923     
320     1.91833       0.674923     
321     12.5652       0.676768     
322     5.9836        0.678016     
323     6.89338       0.678162     
324     3.87201       0.678275     
325     5.82752       0.67904      
326     0.305208      0.680323     
327     21.2455       0.68035      
328     0.303512      0.680377     
329     2.9325        0.681886     
330     22.4931       0.684812     
331     2.5073        0.68502      
332     40.7082       0.691717     
333     12.2331       0.693198     
334     40.5953       0.70177      
335     0.245532      0.704013     
336     112.56        0.704256     
337     137.154       0.707667     
338     0.179628      0.710677     
339     97.7181       0.710799     
340     0.266719      0.711043     
341     0.982109      0.713315     
342     4.39358       0.714617     
343     4.26692       0.73111      
344     9.66427       0.732344     
345     5.10339       0.734264     
346     0.333045      0.736154     
347     6.37071       0.736182     
348     2.79543       0.736216     
349     9.14378       0.737055     
350     13.4002       0.737333     
351     2.71145       0.737658     
352     3.77893       0.738252     
353     7.29438       0.73902      
354     13.1436       0.739325     
355     2.08108       0.740578     
356     23.8666       0.74083      
357     9.36829       0.741646     
358     6.00766       0.742274     
359     9.5984        0.743635     
360     15.7382       0.746563     
361     8.97367       0.747021     
362     0.110417      0.747024     
363     0.654737      0.769426     
364     16.4057       0.769501     
365     0.274616      0.769511     
366     5.59271       0.771817     
367     9.16489       0.771864     
368     39.7767       0.773633     
369     14.2712       0.774157     
370     8.28853       0.775888     
371     8.75909       0.77745      
372     5.0851        0.780453     
373     5.08683       0.780497     
374     14.5022       0.783504     
375     17.9696       0.786567     
376     16.4182       0.78982      
377     3.8941        0.792423     
378     7.76412       0.792591     
379     0.17853       0.797543     
380     2.65768       0.797543     
381     12.2185       0.798211     
382     9.07621       0.804378     
383     9.04306       0.80455      
384     16.99         0.804881     
385     6.54221       0.809573     
386     7.5239        0.811682     
387     14.757        0.811741     
388     0.336437      0.811815     
389     5.14527       0.81867      
390     0.177665      0.818671     
391     57.8814       0.821978     
392     6.95912       0.823084     
393     6.57006       0.823816     
394     8.93911       0.825341     
395     12.261        0.830437     
396     6.18137       0.830464     
397     9.22767       0.833101     
398     7.4553        0.835548     
399     3.31997       0.835607     
400     1.81602       0.837359     
401     40.3401       0.837584     
402     4.05354       0.837888     
403     5.56215       0.837915     
404     4.06723       0.83792      
405     28.0683       0.840744     
406     2.23225       0.84085      
407     0.529144      0.847667     
408     0.428009      0.84777      
409     85.7309       0.847994     
410     10.0978       0.848742     
411     4.82007       0.849628     
412     1.65283       0.850684     
413     26.6438       0.850734     
414     25.149        0.855696     
415     17.3035       0.856077     
416     2.8362        0.856662     
417     11.9937       0.858347     
418     11.1137       0.858826     
419     11.1068       0.858828     
420     1.11815       0.859018     
421     0.130173      0.859759     
422     1.55463       0.859759     
423     3.66435       0.860735     
424     6.0874        0.860842     
425     2.55594       0.876026     
426     53.9278       0.876606     
427     0.292902      0.876693     
428     11.454        0.877684     
429     18.1549       0.877743     
430     3.37111       0.879216     
431     7.4282        0.880086     
432     0.308465      0.883829     
433     57.1495       0.883973     
434     13.3555       0.884243     
435     6.25188       0.886731     
436     6.20534       0.894337     
437     16.3432       0.895418     
438     2.95796       0.895441     
439     8.34735       0.896339     
440     0.560678      0.909456     
441     0.356085      0.909511     
442     32.9421       0.909532     
443     3.35681       0.921108     
444     17.8412       0.921252     
445     3.30786       0.921359     
446     10.0986       0.925837     
447     4.07534       0.925973     
448     5.71546       0.928588     
449     17.4907       0.929423     
450     10.9717       0.929622     
451     4.10671       0.930646     
452     2.27315       0.930649     
453     4.75006       0.935279     
454     12.6278       0.935321     
455     4.37324       0.937585     
456     8.59007       0.937979     
457     5.63585       0.938848     
458     12.3842       0.951518     
459     14.6505       0.951584     
460     0.117651      0.961198     
461     15.6714       0.961204     
462     0.592157      0.961451     
463     2.2652        0.961649     
464     17.4487       0.961781     
465     16.6798       0.966674     
466     6.10477       0.978162     
467     16.7571       0.978373     
468     10.0952       0.979412     
469     2.54405       0.97945      
470     3.64774       0.981282     
471     4.81376       0.98198      
472     14.7923       0.9824       
473     2.8808        0.982419     
474     15.9363       0.987039     
475     0.492968      0.987044     
476     21.2454       0.992429     
477     14.1602       0.992554     
478     9.94565       0.998634     
479     0.397188      0.998636     
480     17.6268       1.00094      
481     0.456249      1.00095      
482     1.96087       1.00789      
483     0.530169      1.00813      
484     1.23809       1.00821      
485     16.9762       1.0083       
486     10.0948       1.0087       
487     39.6353       1.00956      
488     6.80518       1.00989      
489     9.14268       1.01251      
490     0.22353       1.01251      
491     26.3109       1.0216       
492     4.72577       1.02537      
493     31.9372       1.02573      
494     6.27059       1.02589      
495     4.47648       1.02629      
496     4.52676       1.02745      
497     6.47267       1.03661      
498     6.58288       1.03699      
499     0.479681      1.04563      
500     4.36147       1.04563      
501     14.6125       1.04788      
502     9.73169       1.04794      
503     0.703572      1.05743      
504     17.3779       1.05743      
505     18.2763       1.07197      
506     30.9369       1.07942      
507     16.4326       1.08151      
508     0.220305      1.08152      
509     3.34215       1.09107      
510     0.303723      1.09107      
511     17.1599       1.09301      
512     3.84654       1.09308      
513     3.63964       1.09569      
514     9.4659        1.09577      
515     1.93814       1.09593      
516     7.76444       1.0974       
517     28.0166       1.098        
518     2.35848       1.0981       
519     2.78456       1.09845      
520     14.2031       1.10251      
521     2.29794       1.10254      
522     2.40661       1.10282      
523     0.647255      1.10481      
524     28.5314       1.10496      
525     0.31572       1.105        
526     7.71156       1.10557      
527     1.83353       1.1073       
528     4.33445       1.10732      
529     8.32804       1.10733      
530     3.84755       1.10755      
531     5.98276       1.10851      
532     6.61289       1.11134      
533     6.33446       1.11317      
534     3.64308       1.11328      
535     22.9557       1.1134       
536     1.12288       1.11342      
537     0.591832      1.1142       
538     6.53803       1.11429      
539     3.61309       1.11439      
540     4.07135       1.11535      
541     14.4169       1.11563      
542     12.2218       1.11603      
543     4.54968       1.11627      
544     2.7296        1.1168       
545     21.2078       1.13404      
546     0.10682       1.13646      
547     4.79831       1.13646      
548     4.15797       1.13798      
549     0.398432      1.13848      
550     64.0291       1.13864      
551     0.150761      1.13865      
552     10.9132       1.13951      
553     3.1641        1.14035      
554     1.8175        1.14106      
555     2.87627       1.1413       
556     1.69366       1.14202      
557     10.7442       1.14285      
558     42.7137       1.14288      
559     8.15857       1.14289      
560     0.506415      1.14326      
561     0.741973      1.14395      
562     5.30289       1.14408      
563     2.638         1.14487      
564     17.0265       1.14947      
565     0.225793      1.15037      
566     22.7469       1.15039      
567     0.226915      1.15042      
568     4.68971       1.15315      
569     0.425527      1.15503      
570     41.5129       1.15509      
571     0.425322      1.15516      
572     8.88748       1.15918      
573     7.77061       1.16272      
574     11.1298       1.16344      
575     0.204089      1.16345      
576     16.0099       1.16449      
577     1.43815       1.16559      
578     0.384449      1.16575      
579     23.6263       1.16584      
580     8.53728       1.16636      
581     9.73798       1.16718      
582     32.1097       1.16812      
583     2.85921       1.16834      
584     4.7835        1.16896      
585     6.04078       1.16982      
586     32.7694       1.17017      
587     5.14877       1.1704       
588     0.282575      1.1709       
589     39.5833       1.17103      
590     4.82167       1.17142      
591     1.73051       1.1719       
592     30.0336       1.17534      
593     5.62097       1.19032      
594     10.7808       1.19129      
595     0.408543      1.19129      
596     1.79064       1.19174      
597     7.93947       1.1924       
598     24.8527       1.21098      
599     0.678626      1.21099      
600     21.5296       1.22275      
601     5.05117       1.22839      
602     5.75165       1.22887      
603     2.07953       1.2293       
604     2.25107       1.22949      
605     17.7684       1.2296       
606     2.9886        1.23194      
607     4.72934       1.23207      
608     4.5914        1.23246      
609     5.64202       1.23293      
610     11.6888       1.23303      
611     3.40044       1.23349      
612     12.4087       1.23385      
613     4.04554       1.23425      
614     12.0595       1.23438      
615     8.16579       1.23568      
616     4.75288       1.25135      
617     3.40387       1.25136      
618     6.46931       1.25184      
619     18.5291       1.25457      
620     7.8583        1.25518      
621     4.33164       1.25578      
622     3.23157       1.25634      
623     28.3151       1.2564       
624     0.973517      1.25672      
625     0.152705      1.25714      
626     45.817        1.25718      
627     5.49596       1.25739      
628     0.669118      1.26316      
629     19.1771       1.26345      
630     16.3654       1.2637       
631     2.53276       1.2659       
632     8.94408       1.26682      
633     49.2246       1.26716      
634     1.83063       1.26839      
635     30.7105       1.2694       
636     3.93926       1.26941      
637     33.7268       1.27004      
638     4.22051       1.27032      
639     66.3757       1.27098      
640     3.3358        1.2716       
641     2.40311       1.27194      
642     12.0919       1.27386      
643     11.1418       1.27844      
644     7.01519       1.28102      
645     21.4086       1.30134      
646     3.4709        1.31         
647     12.7574       1.3109       
648     0.184509      1.31091      
649     14.6732       1.31177      
650     14.3821       1.31206      
651     5.70116       1.31265      
652     2.02279       1.31322      
653     10.8108       1.31351      
654     8.73523       1.31674      
655     0.631473      1.31729      
656     11.0451       1.31748      
657     12.2053       1.31759      
658     1.28379       1.3181       
659     2.24036       1.31811      
660     17.7494       1.32055      
661     8.64651       1.32056      
662     8.672         1.32127      
663     7.51137       1.32291      
664     3.37201       1.32328      
665     28.3641       1.32337      
666     0.218252      1.3234       
667     2.2547        1.32906      
668     0.419714      1.32944      
669     22.9397       1.32975      
670     29.4863       1.32975      
671     5.29954       1.33158      
672     8.13823       1.33413      
673     21.7725       1.33682      
674     3.20816       1.33725      
675     3.46232       1.33756      
676     4.33297       1.33942      
677     1.81704       1.33956      
678     0.0938731     1.33956      
679     1.27793       1.3842       
680     13.6813       1.38501      
681     0.530781      1.38559      
682     67.0676       1.38598      
683     2.76312       1.38632      
684     14.6897       1.38924      
685     16.5633       1.39112      
686     16.4054       1.39134      
687     6.39515       1.39371      
688     2.76965       1.39459      
689     27.8181       1.39511      
690     20.5693       1.39578      
691     3.7067        1.39704      
692     2.43156       1.39782      
693     10.2856       1.39809      
694     0.288229      1.39898      
695     27.7779       1.39902      
696     0.289255      1.39907      
697     7.7294        1.39991      
698     16.2739       1.40138      
699     0.230685      1.40139      
700     7.21739       1.40206      
701     6.97298       1.40449      
702     0.130484      1.40603      
703     13.4793       1.40603      
704     52.5662       1.40725      
705     3.14977       1.40752      
706     7.25477       1.42083      
707     23.9896       1.42087      
708     35.8912       1.43317      
709     0.653884      1.4332       
710     25.8212       1.44857      
711     19.2801       1.4486       
712     4.85518       1.45684      
713     2.67595       1.45742      
714     24.1638       1.45787      
715     5.88895       1.4583       
716     6.30967       1.45954      
717     1.59938       1.4653       
718     3.08949       1.46583      
719     1.03688       1.466        
720     5.43319       1.4666       
721     0.623107      1.4668       
722     2.13035       1.46718      
723     41.1454       1.46734      
724     15.2493       1.46807      
725     6.04229       1.46814      
726     23.8708       1.46897      
727     27.1511       1.46946      
728     5.94749       1.47022      
729     7.93529       1.47125      
730     2.1435        1.47224      
731     14.2254       1.47312      
732     4.18362       1.47431      
733     4.98405       1.4746       
734     2.87288       1.47562      
735     29.2366       1.47608      
736     8.33614       1.47712      
737     6.58271       1.47728      
738     2.47194       1.47849      
739     1.3985        1.47891      
740     3.4415        1.47911      
741     10.1623       1.47942      
742     26.8908       1.47987      
743     2.0197        1.47991      
744     3.81529       1.48125      
745     3.71901       1.48153      
746     37.9333       1.48172      
747     1.405         1.48183      
748     0.55258       1.48199      
749     2.52545       1.48236      
750     1.76714       1.48264      
751     6.93206       1.48382      
752     27.2598       1.48516      
753     3.09096       1.48603      
754     0.736853      1.48964      
755     38.5408       1.49047      
756     59.6521       1.49113      
757     36.6396       1.49286      
758     0.225474      1.49292      
759     9.32008       1.49375      
760     23.6727       1.50025      
761     8.29563       1.51065      
762     3.44252       1.51076      
763     17.6919       1.51723      
764     50.1265       1.51868      
765     6.97802       1.51955      
766     20.1348       1.52655      
767     5.18461       1.52667      
768     22.7008       1.53515      
769     26.0304       1.54117      
770     5.88626       1.54384      
771     14.0489       1.54711      
772     29.6748       1.54778      
773     138.799       1.54966      
774     0.251195      1.54977      
775     0.461469      1.55008      
776     0.531427      1.5502       
777     2.7479        1.55097      
778     1.12427       1.5523       
779     14.7509       1.55347      
780     12.9076       1.56336      
781     4.43611       1.56345      
782     12.0436       1.57631      
783     86.449        1.57753      
784     2.67099       1.5779       
785     0.557144      1.5782       
786     9.33933       1.57942      
787     62.4536       1.5817       
788     16.8191       1.58246      
789     0.417023      1.58545      
790     0.134659      1.58582      
791     119.324       1.58583      
792     0.364061      1.58611      
793     0.433656      1.58622      
794     0.614914      1.58661      
795     0.848342      1.5875       
796     24.2793       1.58917      
797     3.0209        1.59457      
798     12.7203       1.59547      
799     0.239002      1.59548      
800     3.46782       1.59673      
801     5.59934       1.59945      
802     6.53439       1.60273      
803     11.4016       1.60411      
804     7.8696        1.60672      
805     14.0101       1.61018      
806     16.8357       1.61429      
807     10.543        1.61699      
808     2.23404       1.618        
809     4.11725       1.61866      
810     4.78462       1.61942      
811     55.6143       1.61978      
812     5.66638       1.61999      
813     1.76484       1.62053      
814     2.50815       1.62125      
815     7.52859       1.62163      
816     2.37531       1.62267      
817     5.35924       1.62298      
818     0.671943      1.62435      
819     12.6205       1.62485      
820     53.1598       1.62529      
821     40.1565       1.62617      
822     33.7631       1.6283       
823     8.07117       1.62845      
824     1.76618       1.62911      
825     10.9874       1.63239      
826     16.3141       1.63779      
827     26.4751       1.6393       
828     6.547         1.643        
829     7.72983       1.65693      
830     4.63555       1.65752      
831     8.0457        1.65934      
832     10.4798       1.65954      
833     26.6437       1.66108      
834     2.62005       1.6615       
835     3.81274       1.66356      
836     31.747        1.66471      
837     8.27961       1.66532      
838     14.463        1.66564      
839     9.86034       1.66713      
840     13.8787       1.66775      
841     6.65308       1.67067      
842     5.16415       1.67509      
843     39.2824       1.67652      
844     25.7595       1.67722      
845     14.9798       1.68245      
846     9.05968       1.69684      
847     13.7124       1.69708      
848     3.86983       1.71126      
849     30.8812       1.71266      
850     0.364945      1.71276      
851     11.4504       1.71312      
852     12.2866       1.71904      
853     15.5159       1.71963      
854     4.88861       1.72161      
855     6.57998       1.72257      
856     1.83889       1.7228       
857     53.1813       1.72409      
858     1.97059       1.72431      
859     14.1038       1.72526      
860     7.27636       1.72541      
861     3.97851       1.7281       
862     16.605        1.72993      
863     2.74523       1.7324       
864     60.9605       1.73326      
865     0.537678      1.73345      
866     2.3751        1.73598      
867     7.0156        1.73691      
868     3.39741       1.73711      
869     2.34553       1.73807      
870     26.7532       1.73837      
871     5.63361       1.73871      
872     2.14776       1.73919      
873     28.5025       1.73921      
874     3.67112       1.73981      
875     1.8638        1.74044      
876     8.31553       1.74086      
877     3.7669        1.74189      
878     4.25583       1.74267      
879     7.50872       1.74501      
880     13.3838       1.74909      
881     7.18527       1.75043      
882     18.1041       1.75075      
883     8.86602       1.76118      
884     12.3878       1.76157      
885     15.1607       1.7658       
886     6.19372       1.76816      
887     22.8541       1.76922      
888     7.79006       1.77018      
889     3.02232       1.77071      
890     3.61433       1.77161      
891     0.930219      1.77409      
892     1.90793       1.7743       
893     9.02041       1.77541      
894     26.1565       1.77587      
895     1.15044       1.77646      
896     140.412       1.77667      
897     0.309021      1.77701      
898     6.20465       1.77799      
899     18.6184       1.77833      
900     5.21832       1.78141      
901     21.8786       1.78262      
902     1.27293       1.78294      
903     3.35821       1.7831       
904     1.73082       1.78458      
905     21.1051       1.78505      
906     21.8844       1.7914       
907     98.6449       1.79219      
908     16.1836       1.79451      
909     11.5621       1.79821      
910     40.375        1.80684      
911     9.0534        1.80928      
912     29.1449       1.81057      
913     15.3208       1.81094      
914     29.5513       1.81206      
915     2.19177       1.8122       
916     7.22072       1.8135       
917     14.4644       1.8153       
918     2.70014       1.81727      
919     23.4171       1.81738      
920     0.791542      1.81969      
921     80.4185       1.82061      
922     21.0446       1.82121      
923     2.24845       1.8225       
924     3.93011       1.82328      
925     4.56584       1.82465      
926     36.8612       1.83586      
927     24.1133       1.83797      
928     5.49918       1.8424       
929     6.64536       1.84599      
930     7.40428       1.8484       
931     5.49943       1.85074      
932     1.14311       1.85241      
933     3.90245       1.85257      
934     15.883        1.85276      
935     58.2149       1.85342      
936     22.0949       1.85501      
937     7.45448       1.85525      
938     15.0394       1.85826      
939     0.262011      1.85827      
940     11.4679       1.86331      
941     6.98539       1.86818      
942     7.4369        1.86931      
943     13.4642       1.86946      
944     5.36454       1.87016      
945     14.0685       1.87285      
946     7.31971       1.88055      
947     5.50106       1.88207      
948     28.1985       1.88263      
949     17.9894       1.88442      
950     2.43848       1.88504      
951     1.60146       1.88538      
952     1.60299       1.88538      
953     7.25267       1.88758      
954     38.2406       1.89099      
955     14.8917       1.90013      
956     10.9992       1.90376      
957     14.9922       1.9062       
958     8.89666       1.90905      
959     24.3119       1.91226      
960     41.236        1.91317      
961     30.5387       1.91387      
962     16.2901       1.91522      
963     27.1848       1.91874      
964     62.6055       1.91898      
965     4.95995       1.92343      
966     11.1935       1.92503      
967     22.3324       1.92764      
968     4.25156       1.93045      
969     4.24812       1.93185      
970     5.86358       1.93469      
971     61.0297       1.9349       
972     4.78599       1.93592      
973     1.92306       1.93735      
974     26.8331       1.94037      
975     10.0312       1.94038      
976     10.3453       1.94406      
977     178.208       1.94443      
978     0.378566      1.94488      
979     2.84875       1.94543      
980     7.60987       1.94673      
981     4.52321       1.94808      
982     9.89112       1.95005      
983     13.8228       1.95242      
984     6.83172       1.95496      
985     13.8737       1.95666      
986     4.79195       1.95838      
987     2.77567       1.95918      
988     2.98938       1.96106      
989     7.75196       1.96266      
990     77.7021       1.96333      
991     25.2001       1.96383      
992     80.379        1.96394      
993     19.4982       1.96442      
994     7.39861       1.9657       
995     12.2982       1.96885      
996     102.326       1.96938      
997     6.13804       1.97135      
998     68.5393       1.97285      
999     4.52274       1.97393      
1000    139.498       1.97483      
1001    31.8709       1.97565      
1002    25.2255       1.97743      
1003    123.285       1.98315      
1004    0.692692      1.9845       
1005    26.3051       1.98746      
1006    26.9792       1.98886      
1007    4.70953       1.99115      
1008    5.6503        1.99369      
1009    12.4899       1.99715      
1010    40.2017       1.99998      
1011    33.176        2.00354      
1012    13.944        2.00564      
1013    3.4468        2.0088       
1014    4.62635       2.00944      
1015    7.91429       2.01127      
1016    10.0579       2.01416      
1017    4.55615       2.01641      
1018    42.912        2.01806      
1019    115.16        2.02117      
1020    58.6573       2.02185      
1021    31.6649       2.02225      
1022    88.8789       2.0281       
1023    112.827       2.03154      
1024    22.3256       2.03268      
1025    56.47         2.03306      
1026    39.5519       2.03575      
1027    88.0246       2.03651      
1028    13.0216       2.04418      
1029    0.578652      2.04632      
1030    16.233        2.04828      
1031    351.341       2.04929      
1032    90.478        2.05215      
1033    24.3419       2.0524       
1034    1.27736       2.05512      
1035    8.32049       2.05624      
1036    23.8305       2.05965      
1037    5.13202       2.06161      
1038    8.75155       2.06424      
1039    4.32196       2.06595      
1040    10.2859       2.06709      
1041    2.63647       2.06893      
1042    5.37101       2.06949      
1043    5.60522       2.07139      
1044    10.9473       2.0737       
1045    25.7234       2.0777       
1046    332.27        2.07828      
1047    22.8521       2.07974      
1048    3.27475       2.08148      
1049    45.7258       2.08749      
1050    8.11739       2.09116      
1051    0.511449      2.09238      
1052    117.59        2.09334      
1053    35.4392       2.09473      
1054    52.3041       2.09726      
1055    10.9165       2.09831      
1056    3.23994       2.10009      
1057    8.88737       2.10161      
1058    10.7354       2.1054       
1059    13.4661       2.10588      
1060    10.0128       2.10917      
1061    8.34153       2.11119      
1062    15.0336       2.11324      
1063    6.77045       2.1178       
1064    19.2024       2.11975      
1065    12.5468       2.12185      
1066    9.58506       2.12584      
1067    71.1066       2.12672      
1068    17.9063       2.1291       
1069    119.471       2.13078      
1070    8.52545       2.13101      
1071    12.6377       2.13516      
1072    43.2059       2.1383       
1073    5.66401       2.14439      
1074    0.303234      2.14588      
1075    97.4906       2.146        
1076    6.75495       2.14701      
1077    2.34585       2.14794      
1078    15.3933       2.15253      
1079    45.0652       2.15783      
1080    10.9626       2.16395      
1081    8.00583       2.16555      
1082    6.87508       2.16599      
1083    4.30319       2.16636      
1084    9.22511       2.16915      
1085    7.14649       2.1715       
1086    8.81943       2.17324      
1087    7.97183       2.1738       
1088    32.3358       2.17744      
1089    7.73518       2.18424      
1090    8.51907       2.1861       
1091    12.7803       2.18876      
1092    15.0672       2.1958       
1093    0.318649      2.19683      
1094    163.616       2.19715      
1095    0.36823       2.19762      
1096    11.0484       2.19844      
1097    5.75886       2.20122      
1098    64.9802       2.20221      
1099    2.32117       2.20233      
1100    7.12257       2.20386      
1101    52.138        2.2044       
1102    33.7436       2.20511      
1103    9.47917       2.20594      
1104    39.881        2.20643      
1105    38.6259       2.20707      
1106    4.94109       2.2092       
1107    15.0412       2.20959      
1108    0.599108      2.20975      
1109    1.54092       2.21012      
1110    6.4788        2.21074      
1111    4.62203       2.21228      
1112    4.03416       2.21304      
1113    8.76927       2.21444      
1114    7.34579       2.21613      
1115    8.63921       2.2178       
1116    13.8943       2.21888      
1117    9.02396       2.22102      
1118    9.51878       2.2256       
1119    13.6612       2.23749      
1120    18.5343       2.23839      
1121    14.4798       2.24436      
1122    0.410553      2.24913      
1123    69.4664       2.24915      
1124    0.562213      2.24931      
1125    4.00307       2.25059      
1126    3.47548       2.25205      
1127    5.68067       2.25265      
1128    20.7268       2.26516      
1129    8.71098       2.27088      
1130    11.6796       2.27117      
1131    32.0743       2.27607      
1132    35.3116       2.29677      
1133    3.82473       2.31203      
1134    22.7266       2.31286      
1135    8.24841       2.31489      
1136    9.73941       2.31638      
1137    5.17814       2.31649      
1138    24.5612       2.32184      
1139    28.4824       2.3241       
1140    29.4522       2.3247       
1141    0.0920967     2.32471      
1142    2.63082       2.32531      
1143    29.199        2.32533      
1144    0.130958      2.32597      
1145    8.52233       2.32597      
1146    13.5781       2.32798      
1147    3.41189       2.33072      
1148    1.01971       2.3351       
1149    5.7458        2.33575      
1150    77.0535       2.33603      
1151    2.02953       2.33622      
1152    2.2122        2.33643      
1153    4.58667       2.33727      
1154    11.7091       2.33914      
1155    10.0945       2.34369      
1156    7.472         2.34398      
1157    16.9186       2.3471       
1158    14.028        2.35274      
1159    14.0836       2.35309      
1160    28.6112       2.3673       
1161    14.5577       2.36919      
1162    4.2499        2.37282      
1163    5.82052       2.37302      
1164    31.0013       2.37514      
1165    0.423894      2.40238      
1166    128.852       2.40267      
1167    5.45818       2.40287      
1168    49.6628       2.40799      
1169    4.07692       2.41588      
1170    10.3288       2.41635      
1171    2.28657       2.41957      
1172    8.64828       2.41992      
1173    4.39466       2.41995      
1174    5.26849       2.42306      
1175    49.7111       2.42651      
1176    5.84702       2.42749      
1177    6.72853       2.42786      
1178    55.8062       2.42827      
1179    14.1119       2.42837      
1180    11.7048       2.42874      
1181    2.70463       2.42935      
1182    3.06006       2.42968      
1183    4.97807       2.43088      
1184    5.84837       2.43232      
1185    4.9721        2.43249      
1186    12.945        2.4361       
1187    4.61575       2.43705      
1188    12.0114       2.4395       
1189    10.9499       2.43954      
1190    4.77158       2.44171      
1191    49.4394       2.44243      
1192    0.412984      2.44255      
1193    8.49325       2.44331      
1194    6.40934       2.44556      
1195    2.88605       2.44627      
1196    8.31286       2.44732      
1197    133.559       2.46936      
1198    0.231965      2.46945      
1199    11.9992       2.47042      
1200    9.12034       2.47046      
1201    2.27841       2.47789      
1202    2.27846       2.47789      
1203    18.0723       2.48562      
1204    15.4117       2.49205      
1205    51.7911       2.49347      
1206    0.355096      2.49359      
1207    36.1958       2.49807      
1208    2.66998       2.49823      
1209    2.66919       2.49825      
1210    12.2259       2.50055      
1211    9.70213       2.50165      
1212    0.607846      2.50303      
1213    9.02749       2.50394      
1214    175.382       2.50427      
1215    21.813        2.50521      
1216    9.51118       2.50566      
1217    7.53603       2.50567      
1218    0.539825      2.50614      
1219    0.768524      2.50685      
1220    14.5957       2.50791      
1221    8.62476       2.50833      
1222    7.57431       2.51007      
1223    43.2498       2.51504      
1224    3.37948       2.51988      
1225    8.23181       2.51999      
1226    9.12741       2.52115      
1227    11.7201       2.52637      
1228    5.22978       2.52734      
1229    4.07221       2.52759      
1230    3.73835       2.53485      
1231    14.147        2.53504      
1232    9.48313       2.53533      
1233    21.7895       2.54749      
1234    1.54334       2.55456      
1235    5.77292       2.55462      
1236    26.0965       2.55524      
1237    16.4295       2.55754      
1238    9.30359       2.56243      
1239    19.7299       2.56343      
1240    5.81012       2.57138      
1241    16.9446       2.57479      
1242    12.1683       2.57578      
1243    1.97366       2.57853      
1244    37.0383       2.57989      
1245    1.24122       2.58018      
1246    1.31194       2.5807       
1247    0.436024      2.58134      
1248    59.8433       2.58165      
1249    6.10363       2.58389      
1250    25.1031       2.58938      
1251    13.0708       2.59536      
1252    258.834       2.59588      
1253    0.689606      2.59752      
1254    0.706194      2.59761      
1255    4.53778       2.59839      
1256    30.5714       2.60948      
1257    28.1093       2.61008      
1258    6.0772        2.62128      
1259    62.7027       2.62153      
1260    17.2405       2.62332      
1261    6.26031       2.63446      
1262    4.68508       2.63624      
1263    42.3941       2.63679      
1264    3.54376       2.63707      
1265    7.385         2.64177      
1266    3.10483       2.64184      
1267    39.7332       2.64641      
1268    66.5657       2.65148      
1269    12.7111       2.66096      
1270    4.37249       2.66969      
1271    12.0866       2.66972      
1272    43.5847       2.67316      
1273    16.6614       2.67676      
1274    19.4515       2.67975      
1275    12.4933       2.68725      
1276    14.3388       2.68728      
1277    6.7186        2.69476      
1278    11.9066       2.69598      
1279    16.8216       2.69947      
1280    14.5886       2.70047      
1281    10.6074       2.70071      
1282    20.6107       2.70099      
1283    12.6533       2.70211      
1284    17.6378       2.70217      
1285    26.0019       2.70264      
1286    29.2412       2.70288      
1287    11.7145       2.70588      
1288    450.377       2.71049      
1289    21.0931       2.71397      
1290    9.71982       2.71851      
1291    23.4989       2.72362      
1292    26.5474       2.72434      
1293    7.19848       2.72999      
1294    19.1624       2.73412      
1295    27.8293       2.73808      
1296    11.5948       2.73958      
1297    282.523       2.74234      
1298    155.659       2.74588      
1299    67.512        2.74825      
1300    102.5         2.75248      
1301    59.1867       2.75548      
1302    33.7051       2.75606      
1303    18.531        2.75719      
1304    1.60372       2.75976      
1305    18.3378       2.76172      
1306    2.01659       2.76175      
1307    2.51037       2.76327      
1308    5.31413       2.76409      
1309    3.48185       2.76493      
1310    9.53023       2.76828      
1311    2.5403        2.77002      
1312    6.29097       2.77195      
1313    5.58352       2.77302      
1314    6.42558       2.77663      
1315    15.992        2.78014      
1316    13.3561       2.78015      
1317    11.4428       2.78441      
1318    11.4692       2.78749      
1319    27.2102       2.78753      
1320    94.7551       2.78951      
1321    3.67902       2.79125      
1322    20.8114       2.79771      
1323    36.0308       2.79826      
1324    44.6233       2.79964      
1325    21.6309       2.80173      
1326    16.8037       2.80275      
1327    18.01         2.8099       
1328    11.2829       2.81376      
1329    25.5938       2.81735      
1330    29.088        2.82361      
1331    18.9134       2.82397      
1332    10.3851       2.82667      
1333    5.29814       2.83025      
1334    9.24693       2.83411      
1335    10.6711       2.83477      
1336    8.51739       2.83786      
1337    17.4124       2.84286      
1338    26.7874       2.84324      
1339    9.14788       2.84752      
1340    22.1127       2.84794      
1341    63.097        2.85789      
1342    29.5129       2.85973      
1343    84.371        2.85975      
1344    120.903       2.8607       
1345    28.4899       2.86236      
1346    1.60223       2.86975      
1347    459.187       2.87476      
1348    12.908        2.87485      
1349    8.77545       2.88011      
1350    6.12348       2.88227      
1351    21.2715       2.88423      
1352    102.307       2.88633      
1353    14.047        2.88677      
1354    1.23891       2.88844      
1355    6.67766       2.88998      
1356    15.6413       2.89307      
1357    5.09332       2.89653      
1358    4.21663       2.89908      
1359    57.1251       2.90503      
1360    17.0843       2.90655      
1361    48.2945       2.90673      
1362    125.275       2.9078       
1363    59.5837       2.91003      
1364    246.298       2.91248      
1365    49.226        2.91264      
1366    48.1069       2.91272      
1367    40.2203       2.9145       
1368    26.3592       2.91549      
1369    11.004        2.92289      
1370    6.07195       2.92596      
1371    1.57582       2.9276       
1372    12.0095       2.9298       
1373    6.63327       2.93243      
1374    13.9283       2.93374      
1375    5.0804        2.93668      
1376    10.7843       2.93809      
1377    23.3976       2.94072      
1378    25.217        2.94121      
1379    16.0056       2.94197      
1380    186.934       2.94439      
1381    8.4628        2.94562      
1382    623.535       2.94599      
1383    8.0282        2.94865      
1384    0.437621      2.95005      
1385    0.495589      2.95108      
1386    19.3525       2.95243      
1387    11.345        2.95509      
1388    5.0493        2.95787      
1389    4.20831       2.95999      
1390    48.4406       2.96258      
1391    18.3557       2.96348      
1392    2.98954       2.96728      
1393    1.65569       2.9688       
1394    5.87034       2.96973      
1395    16.2548       2.97372      
1396    12.378        2.98156      
1397    123.084       2.98175      
1398    30.7936       2.98342      
1399    17.035        2.98401      
1400    37.9325       2.98595      
1401    52.0234       2.98606      
1402    30.5494       2.98912      
1403    0.475714      2.9923       
1404    0.423912      2.993        
1405    0.36491       2.99361      
1406    0.334542      2.99387      
1407    0.301719      2.99412      
1408    0.262066      2.99439      
1409    0.230569      2.99458      
1410    498.889       2.99526      
1411    56.9758       2.99761      
1412    51.1534       3.0003       
1413    3.18454       3.00671      
1414    7.40698       3.01001      
1415    25.9611       3.0146       
1416    3.70091       3.0172       
1417    12.5948       3.01758      
1418    117.788       3.02736      
1419    21.3421       3.02833      
1420    195.928       3.0311       
1421    80.4958       3.0399       
1422    156.346       3.0399       
1423    22.9823       3.04078      
1424    93.2818       3.04097      
1425    59.037        3.04454      
1426    9.22597       3.05221      
1427    4.03709       3.05596      
1428    5.44493       3.05804      
1429    28.9245       3.06164      
1430    8.31589       3.06811      
1431    162.187       3.06929      
1432    13.7188       3.07409      
1433    34.4344       3.07501      
1434    1.99841       3.08136      
1435    1.89472       3.08157      
1436    0.128344      3.08157      
1437    8.7472        3.08203      
1438    6.90864       3.08636      
1439    32.1142       3.09328      
1440    114.274       3.09331      
1441    47.8624       3.09606      
1442    1.04261       3.09622      
1443    15.9774       3.09792      
1444    0.133186      3.10264      
1445    1.95989       3.10264      
1446    10.9391       3.1044       
1447    7.27575       3.10604      
1448    14.3326       3.10701      
1449    0.471648      3.10777      
1450    68.9335       3.10844      
1451    16.9575       3.10987      
1452    55.0529       3.11009      
1453    110.605       3.11185      
1454    26.5858       3.11287      
1455    8.10992       3.11359      
1456    10.5458       3.116        
1457    14.8125       3.12086      
1458    5.44397       3.12392      
1459    2.4057        3.13176      
1460    62.9891       3.13187      
1461    2.42272       3.1322       
1462    13.9952       3.13679      
1463    8.46652       3.1477       
1464    2.71999       3.1477       
1465    19.8816       3.15183      
1466    15.3514       3.1593       
1467    24.6386       3.16812      
1468    16.1689       3.17398      
1469    19.8252       3.18022      
1470    32.7901       3.18411      
1471    13.19         3.18467      
1472    12.0152       3.18789      
1473    7.88016       3.19074      
1474    0.239853      3.19075      
1475    8.13831       3.19248      
1476    21.3384       3.19942      
1477    38.6369       3.20011      
1478    6.69858       3.21637      
1479    18.7471       3.21694      
1480    6.59379       3.21718      
1481    16.5582       3.22264      
1482    16.5186       3.22827      
1483    24.8036       3.23381      
1484    33.8544       3.2365       
1485    22.0564       3.24347      
1486    8.69967       3.24722      
1487    11.0759       3.2482       
1488    26.788        3.24843      
1489    8.8789        3.24862      
1490    4.79754       3.24873      
1491    2.71487       3.25071      
1492    6.72313       3.2524       
1493    3.94685       3.2548       
1494    22.1321       3.25515      
1495    3.81437       3.2553       
1496    2.04863       3.256        
1497    27.4056       3.25757      
1498    0.663172      3.27844      
1499    49.3287       3.27917      
1500    261.377       3.28514      
1501    11.167        3.29065      
1502    43.1937       3.30597      
1503    94.1881       3.30648      
1504    41.8074       3.30741      
1505    27.2256       3.30964      
1506    12.1514       3.314        
1507    1.97894       3.31826      
1508    8.95174       3.31828      
1509    12.5673       3.32192      
1510    34.63         3.33075      
1511    47.8421       3.33091      
1512    21.9777       3.33998      
1513    16.2236       3.34953      
1514    5.06898       3.35696      
1515    97.3852       3.36735      
1516    112.129       3.36796      
1517    58.192        3.37011      
1518    81.6772       3.37128      
1519    37.1269       3.37906      
1520    6.93568       3.40033      
1521    1.91632       3.40283      
1522    10.9714       3.40342      
1523    83.45         3.40441      
1524    11.0278       3.40764      
1525    16.5011       3.41069      
1526    12.1513       3.41077      
1527    12.2567       3.41772      
1528    21.1735       3.42492      
1529    32.6187       3.43674      
1530    17.5565       3.44206      
1531    30.3513       3.44255      
1532    5.41073       3.44817      
1533    2.89376       3.44872      
1534    4.14601       3.44929      
1535    0.416347      3.44995      
1536    39.9939       3.45007      
1537    0.270824      3.45012      
1538    0.604089      3.45034      
1539    7.58601       3.45143      
1540    2.83688       3.45235      
1541    1.95784       3.45264      
1542    24.0958       3.45396      
1543    21.4853       3.46234      
1544    28.2436       3.46256      
1545    22.2622       3.4646       
1546    8.44034       3.46781      
1547    13.1573       3.47151      
1548    34.2659       3.48166      
1549    15.2699       3.48723      
1550    61.3665       3.48891      
1551    9.64711       3.48969      
1552    7.25265       3.49246      
1553    14.291        3.49298      
1554    22.1933       3.49915      
1555    1.90372       3.5042       
1556    37.5681       3.50479      
1557    0.628564      3.50512      
1558    4.09153       3.5102       
1559    1.36281       3.51295      
1560    70.5076       3.51429      
1561    29.0118       3.51469      
1562    35.0208       3.51508      
1563    7.33489       3.52394      
1564    78.6874       3.52901      
1565    39.7195       3.52941      
1566    45.4807       3.53528      
1567    1.40723       3.53835      
1568    0.323715      3.53875      
1569    37.2974       3.53886      
1570    0.325837      3.53897      
1571    7.2524        3.54103      
1572    4.96219       3.54419      
1573    6.89726       3.54468      
1574    18.5053       3.5482       
1575    20.5259       3.55303      
1576    10.0799       3.55635      
1577    5.02442       3.55737      
1578    5.88252       3.55745      
1579    5.38298       3.5579       
1580    9.96964       3.56083      
1581    9.2442        3.56274      
1582    10.6651       3.56655      
1583    4.39061       3.56823      
1584    17.1058       3.57259      
1585    15.3315       3.5727       
1586    31.3745       3.57615      
1587    45.9914       3.57849      
1588    0.908334      3.57853      
1589    21.3937       3.58108      
1590    54.9775       3.58211      
1591    0.298729      3.58234      
1592    8.65792       3.58529      
1593    3.10847       3.58786      
1594    5.86458       3.58858      
1595    0.267365      3.58992      
1596    101.369       3.59025      
1597    5.96458       3.59099      
1598    12.4148       3.59292      
1599    10.6932       3.59583      
1600    12.0577       3.59958      
1601    25.789        3.60149      
1602    23.9406       3.60294      
1603    52.0757       3.60324      
1604    10.1358       3.60508      
1605    6.41165       3.6078       
1606    17.8529       3.61417      
1607    32.9584       3.61539      
1608    8.32481       3.61618      
1609    45.3312       3.61657      
1610    9.27215       3.62205      
1611    19.0922       3.62318      
1612    0.584222      3.62552      
1613    0.577095      3.62577      
1614    12.2951       3.62715      
1615    10.6284       3.62919      
1616    10.7883       3.63172      
1617    0.438123      3.63361      
1618    18.2863       3.63873      
1619    30.89         3.63967      
1620    3056.2        3.64606      
1621    32.6288       3.64735      
1622    79.1586       3.6486       
1623    90.2601       3.64956      
1624    153.6         3.65062      
1625    142.426       3.65216      
1626    25.7783       3.65314      
1627    74.0586       3.65471      
1628    60.2495       3.65564      
1629    330.38        3.65579      
1630    22.7974       3.65837      
1631    7.61721       3.66904      
1632    14.3437       3.67179      
1633    14.3597       3.67535      
1634    17.2193       3.67817      
1635    24.4505       3.68376      
1636    31.9795       3.68928      
1637    31.0181       3.68984      
1638    109.985       3.6972       
1639    32.4719       3.69751      
1640    60.1389       3.70142      
1641    2.59589       3.70765      
1642    1.00942       3.70768      
1643    16.6035       3.71124      
1644    23.6056       3.71471      
1645    66.8606       3.71571      
1646    56.2812       3.71826      
1647    36.9399       3.72468      
1648    0.299573      3.72479      
1649    1.60642       3.72589      
1650    4.60067       3.72729      
1651    5.90971       3.73088      
1652    3.11382       3.73567      
1653    2.11519       3.73636      
1654    0.110242      3.73636      
1655    4.75494       3.73859      
1656    24.48         3.73909      
1657    3.46687       3.74003      
1658    23.9991       3.74146      
1659    14.7865       3.74166      
1660    2.2233        3.74419      
1661    35.1497       3.74456      
1662    3.07286       3.74825      
1663    4.6603        3.75026      
1664    7.51085       3.75203      
1665    12.7703       3.75256      
1666    5.34304       3.75469      
1667    5.3247        3.75635      
1668    5.77064       3.75826      
1669    3.21422       3.75931      
1670    14.8746       3.76054      
1671    3.45473       3.76231      
1672    2.05784       3.76272      
1673    1.43039       3.76326      
1674    4.76309       3.76427      
1675    28.3029       3.76469      
1676    3.73097       3.76613      
1677    56.9461       3.76652      
1678    2.21644       3.76697      
1679    0.58067       3.7674       
1680    2.23794       3.76818      
1681    1.598         3.76857      
1682    0.351233      3.76931      
1683    53.3477       3.76954      
1684    0.356247      3.76976      
1685    12.6073       3.77167      
1686    2.75857       3.77207      
1687    0.155677      3.77207      
1688    53.54         3.77605      
1689    24.573        3.77688      
1690    0.547326      3.78013      
1691    13.626        3.78111      
1692    97.5638       3.78132      
1693    11.7891       3.78456      
1694    2.19609       3.78617      
1695    4.97509       3.78701      
1696    7.907         3.79053      
1697    11.4527       3.79441      
1698    23.0955       3.79499      
1699    0.195083      3.79505      
1700    13.6148       3.80123      
1701    56.256        3.80201      
1702    557.498       3.80353      
1703    12.67         3.80597      
1704    16.449        3.81008      
1705    30.1514       3.81426      
1706    23.1766       3.82057      
1707    7.69408       3.82227      
1708    9.54501       3.8256       
1709    38.3096       3.82587      
1710    13.1885       3.82949      
1711    7.13225       3.83232      
1712    14.1038       3.83785      
1713    34.7631       3.84055      
1714    7.86836       3.84225      
1715    0.201181      3.84226      
1716    2.18889       3.84305      
1717    4.19758       3.84457      
1718    15.2367       3.84469      
1719    12.4214       3.85043      
1720    127.3         3.85074      
1721    10.3573       3.85334      
1722    26.8002       3.85784      
1723    1.24807       3.86015      
1724    25.3309       3.86046      
1725    73.0919       3.8605       
1726    56.4291       3.86361      
1727    3.42323       3.86726      
1728    5.3401        3.86841      
1729    2.07447       3.87052      
1730    28.7447       3.87212      
1731    34.8524       3.87349      
1732    45.6277       3.87359      
1733    4.67363       3.87608      
1734    4.18264       3.87699      
1735    61.3317       3.88242      
1736    7.51302       3.89179      
1737    13.8153       3.89647      
1738    16.8181       3.89972      
1739    2.39305       3.9036       
1740    1.37536       3.90427      
1741    61.8439       3.90527      
1742    1.17684       3.90534      
1743    32.2916       3.90989      
1744    30.2301       3.91394      
1745    424.775       3.91685      
1746    9.99869       3.9202       
1747    4.60049       3.92152      
1748    18.5591       3.92908      
1749    26.7348       3.93052      
1750    13.3107       3.93373      
1751    2.13572       3.9338       
1752    7.85872       3.93796      
1753    0.221577      3.93797      
1754    2.16419       3.93881      
1755    0.786598      3.93901      
1756    11.8907       3.93927      
1757    2.00052       3.93931      
1758    7.46202       3.94048      
1759    7.67544       3.94096      
1760    5.23147       3.94518      
1761    14.5794       3.94862      
1762    27.4026       3.95431      
1763    0.628061      3.95694      
1764    15.1749       3.95821      
1765    61.7872       3.95907      
1766    133.11        3.96079      
1767    7.60868       3.96151      
1768    219.455       3.96289      
1769    22.5585       3.96534      
1770    7.52472       3.97061      
1771    18.0052       3.97614      
1772    3.43629       3.97944      
1773    119.009       3.9831       
1774    11.1535       3.98464      
1775    8.37398       3.99612      
1776    43.9657       3.99737      
1777    16.1942       3.99981      
1778    3.4574        4.00362      
1779    19.05         4.00512      
1780    13.712        4.00599      
1781    5.13047       4.00965      
1782    62.9536       4.01713      
1783    70.6715       4.01741      
1784    6.77894       4.02445      
1785    76.5646       4.02546      
1786    24.4508       4.0255       
1787    9.05067       4.02836      
1788    20.1226       4.02861      
1789    24.4317       4.03133      
1790    7.39421       4.03254      
1791    35.5802       4.03271      
1792    7.50061       4.03366      
1793    2.81655       4.03701      
1794    17.0881       4.03715      
1795    18.8708       4.03843      
1796    6.69663       4.0418       
1797    10.892        4.04217      
1798    7.49156       4.04444      
1799    22.1394       4.04698      
1800    37.1839       4.05044      
1801    8.48462       4.05102      
1802    13.4643       4.05212      
1803    25.1346       4.05314      
1804    17.0879       4.05484      
1805    39.9898       4.05604      
1806    71.7458       4.05637      
1807    19.6939       4.05925      
1808    28.7515       4.0606       
1809    1.34848       4.06126      
1810    41.6749       4.06401      
1811    53.6268       4.06699      
1812    0.275897      4.06707      
1813    8.40153       4.0745       
1814    12.5784       4.07477      
1815    7.03977       4.0761       
1816    8.83893       4.07844      
1817    13.955        4.0809       
1818    7.08891       4.08395      
1819    3.93576       4.08731      
1820    11.3467       4.08906      
1821    17.6937       4.09183      
1822    23.5794       4.09267      
1823    23.5923       4.09275      
1824    4.85795       4.10171      
1825    2.00388       4.10289      
1826    51.0663       4.10453      
1827    44.237        4.10616      
1828    28.3008       4.10649      
1829    53.6452       4.10711      
1830    82.0567       4.11056      
1831    34.8873       4.11129      
1832    17.1153       4.11339      
1833    1.88964       4.11554      
1834    3.85828       4.12131      
1835    2.32516       4.12257      
1836    6.82965       4.12401      
1837    7.65177       4.12624      
1838    13.4276       4.13013      
1839    6.46529       4.13401      
1840    1.85184       4.13583      
1841    11.1182       4.13762      
1842    18.8432       4.13906      
1843    0.784042      4.13907      
1844    47.1553       4.14082      
1845    78.4279       4.14118      
1846    5.81263       4.14393      
1847    16.6502       4.14611      
1848    3.44757       4.14677      
1849    16.2468       4.15136      
1850    2.57815       4.15282      
1851    1.91242       4.15285      
1852    12.2051       4.15668      
1853    6.20282       4.15895      
1854    3.66475       4.1613       
1855    2.03025       4.1626       
1856    41.0001       4.16451      
1857    27.5782       4.16458      
1858    0.614379      4.1654       
1859    18.7104       4.16931      
1860    16.1927       4.17433      
1861    0.803292      4.18119      
1862    60.3522       4.18707      
1863    37.7947       4.18857      
1864    15.6294       4.19516      
1865    258.183       4.1998       
1866    593.941       4.20244      
1867    78.9479       4.20338      
1868    49.9956       4.20433      
1869    24.9138       4.20554      
1870    758.246       4.22487      
1871    99.0439       4.22719      
1872    69.2721       4.22866      
1873    75.7057       4.22917      
1874    70.2889       4.22947      
1875    129.95        4.23167      
1876    46.4099       4.23675      
1877    1676.48       4.23707      
1878    14.097        4.24397      
1879    5.43735       4.25176      
1880    37.9054       4.25504      
1881    13.2711       4.25566      
1882    0.668536      4.26012      
1883    24.534        4.26552      
1884    169.123       4.27276      
1885    44.3327       4.27467      
1886    18.4872       4.27472      
1887    39.2622       4.2796       
1888    8.71112       4.28047      
1889    5.66971       4.28363      
1890    12.7204       4.28598      
1891    18.6242       4.29196      
1892    4.58815       4.29344      
1893    15.9157       4.29386      
1894    25.3115       4.30065      
1895    36.2612       4.30213      
1896    2.2755        4.30495      
1897    1.48621       4.30793      
1898    33.6663       4.31039      
1899    41.1944       4.3106       
1900    30.988        4.31137      
1901    40.377        4.31237      
1902    14.7871       4.31916      
1903    4.25161       4.32211      
1904    0.743858      4.32619      
1905    10.7315       4.32775      
1906    112.52        4.32991      
1907    195.665       4.3314       
1908    31.9096       4.33208      
1909    25.5842       4.33346      
1910    73.2581       4.3362       
1911    16.4153       4.33645      
1912    9.16766       4.3388       
1913    9.96062       4.339        
1914    8.08632       4.34061      
1915    19.3392       4.34386      
1916    46.8739       4.34528      
1917    11.3389       4.35314      
1918    4.27058       4.35518      
1919    6.59288       4.35676      
1920    6.05826       4.35841      
1921    18.3114       4.36662      
1922    154.682       4.36795      
1923    27.8278       4.3722       
1924    26.3962       4.38154      
1925    22.7185       4.38378      
1926    79.8954       4.38589      
1927    22.3486       4.38728      
1928    8.27271       4.39349      
1929    11.8435       4.39566      
1930    5.86109       4.39935      
1931    23.5976       4.40142      
1932    2.2801        4.40293      
1933    7.724         4.40359      
1934    39.8905       4.40423      
1935    0.627669      4.40482      
1936    7.65484       4.4051       
1937    19.4028       4.40602      
1938    0.337906      4.40607      
1939    6.06789       4.40751      
1940    14.0596       4.41014      
1941    4.38086       4.4129       
1942    7.03108       4.41404      
1943    24.4791       4.41734      
1944    49.6389       4.41984      
1945    51.3592       4.41999      
1946    12.2841       4.42509      
1947    30.2413       4.42587      
1948    1.58035       4.4263       
1949    4.08239       4.42771      
1950    10.6408       4.42787      
1951    16.3065       4.42926      
1952    4.05122       4.43135      
1953    10.6163       4.4332       
1954    18.4129       4.43365      
1955    17.0329       4.43411      
1956    7.3137        4.43446      
1957    14.3827       4.4349       
1958    3.82473       4.44058      
1959    13.4991       4.44064      
1960    15.9555       4.44444      
1961    15.5857       4.44681      
1962    47.317        4.45166      
1963    15.5388       4.45351      
1964    25.6287       4.45878      
1965    42.0985       4.4678       
1966    29.1302       4.47334      
1967    225.937       4.4736       
1968    25.7406       4.47427      
1969    21.8054       4.48113      
1970    10.4892       4.48596      
1971    7.43466       4.48805      
1972    15.9782       4.49258      
1973    15.6893       4.49492      
1974    19.2276       4.49621      
1975    5.26797       4.4976       
1976    12.0899       4.50064      
1977    7.43466       4.50615      
1978    59.1048       4.5084       
1979    15.5735       4.51017      
1980    38.3295       4.51193      
1981    59.1469       4.51451      
1982    22.6768       4.51742      
1983    14.5275       4.52129      
1984    11.4474       4.52151      
1985    9.27924       4.52197      
1986    49.2408       4.52517      
1987    12.9871       4.52556      
1988    21.7344       4.52776      
1989    5.62335       4.53303      
1990    4.2267        4.53426      
1991    5.74057       4.53564      
1992    18.0059       4.54153      
1993    5.40388       4.54411      
1994    6.52313       4.54529      
1995    5.87654       4.54538      
1996    2.99006       4.54579      
1997    2.20387       4.54824      
1998    22.9762       4.54834      
1999    4.28692       4.54871      
2000    52.1713       4.55441      
2001    55.1535       4.55505      
2002    38.0437       4.5554       
2003    180.87        4.56363      
2004    0.417069      4.56414      
2005    14.1901       4.56864      
2006    18.5671       4.5764       
2007    33.6533       4.58051      
2008    13.7973       4.58447      
2009    16.5037       4.59024      
2010    107.143       4.59135      
2011    244.077       4.59164      
2012    41.3557       4.59182      
2013    17.7901       4.59537      
2014    169.503       4.59612      
2015    18.4377       4.59903      
2016    2.55098       4.60149      
2017    24.634        4.60459      
2018    31.7605       4.60489      
2019    9.47498       4.61211      
2020    36.666        4.61428      
2021    48.047        4.61467      
2022    80.0996       4.61994      
2023    11.4563       4.62816      
2024    11.2321       4.6303       
2025    16.0068       4.63373      
2026    16.6458       4.63447      
2027    3.82786       4.63646      
2028    10.0034       4.64059      
2029    11.9278       4.64164      
2030    16.192        4.64657      
2031    11.2472       4.64972      
2032    12.3647       4.65325      
2033    9.59554       4.65602      
2034    22.1647       4.66035      
2035    41.9076       4.66233      
2036    110.451       4.67357      
2037    132.872       4.67726      
2038    97.8742       4.67973      
2039    88.5604       4.68026      
2040    15.1342       4.68161      
2041    50.6395       4.68188      
2042    3.11043       4.68808      
2043    4.11851       4.6946       
2044    53.0336       4.69904      
2045    41.2478       4.70088      
2046    88.3002       4.70207      
2047    0.697238      4.70391      
2048    31.836        4.70674      
2049    2.47939       4.71353      
2050    21.9567       4.71844      
2051    216.839       4.72061      
2052    0.422519      4.72478      
2053    33.6874       4.72608      
2054    94.1836       4.72729      
2055    82.2086       4.72962      
2056    482.924       4.73371      
2057    12.9727       4.73507      
2058    0.446668      4.73735      
2059    16.3068       4.74498      
2060    11.2527       4.75232      
2061    41.5753       4.75955      
2062    139.683       4.75988      
2063    48.0034       4.76041      
2064    351.02        4.76182      
2065    871.077       4.76683      
2066    35.8346       4.76731      
2067    6.06517       4.78301      
2068    30.3999       4.78915      
2069    140.894       4.79288      
2070    88.116        4.7961       
2071    26.4283       4.79857      
2072    169.922       4.8044       
2073    37.0632       4.80635      
2074    134.737       4.80663      
2075    44.2949       4.81631      
2076    34.3712       4.81642      
2077    3.54632       4.82391      
2078    16.7499       4.82751      
2079    103.851       4.83074      
2080    24.7712       4.83079      
2081    16.0503       4.83225      
2082    42.0128       4.83927      
2083    19.1538       4.84831      
2084    31.3411       4.85331      
2085    41.5715       4.85546      
2086    184.365       4.85785      
2087    26.6888       4.8587       
2088    327.154       4.86052      
2089    30.1166       4.86263      
2090    18.924        4.86434      
2091    103.465       4.87107      
2092    13.6424       4.87135      
2093    23.1282       4.87263      
2094    5.90586       4.87693      
2095    23.231        4.88163      
2096    36.3036       4.88577      
2097    27.9226       4.89307      
2098    958.818       4.89326      
2099    19.6969       4.89535      
2100    26.3223       4.90397      
2101    55.624        4.90556      
2102    23.7098       4.90846      
2103    35.2266       4.91335      
2104    7.89333       4.9143       
2105    8.75758       4.91723      
2106    24.798        4.92106      
2107    34.4439       4.92334      
2108    24.658        4.93137      
2109    5.1952        4.93515      
2110    9.1899        4.93882      
2111    45.6073       4.94351      
2112    472.81        4.94676      
2113    34.2667       4.95226      
2114    40.723        4.95571      
2115    16.6411       4.95828      
2116    27.2131       4.96445      
2117    84.6283       4.96846      
2118    87.8803       4.97454      
2119    22.6994       4.97692      
2120    82.2          4.97733      
2121    9.12236       4.98004      
2122    48.7992       4.98565      
2123    20.3701       4.99146      
2124    33.6326       4.99955      
2125    17.4314       5.00203      
2126    19.8489       5.00495      
2127    27.3804       5.00997      
2128    38.4736       5.0177       
2129    11.3092       5.02103      
2130    24.4011       5.02503      
2131    22.0102       5.02732      
2132    34.0317       5.03398      
2133    17.3192       5.03559      
2134    35.9319       5.03655      
2135    16.0868       5.04272      
2136    0.417216      5.04804      
2137    159.138       5.04851      
2138    30.5323       5.05048      
2139    26.4392       5.05781      
2140    31.0494       5.06555      
2141    29.2152       5.06881      
2142    13.0179       5.07675      
2143    39.1824       5.07967      
2144    226.881       5.07978      
2145    61.7326       5.08226      
2146    64.983        5.08437      
2147    103.207       5.08934      
2148    53.5907       5.09266      
2149    11.3625       5.10179      
2150    17.7731       5.10657      
2151    12.9453       5.11094      
2152    7.15991       5.11502      
2153    20.0024       5.12248      
2154    21.0993       5.12876      
2155    65.3483       5.13904      
2156    99.3178       5.14009      
2157    128.608       5.14079      
2158    284.743       5.14393      
2159    29.0405       5.14632      
2160    87.859        5.14698      
2161    129.387       5.14792      
2162    30.8739       5.15216      
2163    13.5015       5.16562      
2164    11.9477       5.17087      
2165    41.1725       5.17515      
2166    11.905        5.18143      
2167    8.59571       5.18612      
2168    14.8316       5.18948      
2169    4.91488       5.19241      
2170    68.5766       5.19319      
2171    35.6865       5.19504      
2172    20.6084       5.19615      
2173    18.8971       5.19687      
2174    4.28969       5.19784      
2175    1.91379       5.19868      
2176    55.9107       5.20212      
2177    21.4257       5.20755      
2178    8.76001       5.20884      
2179    4.44343       5.20924      
2180    10.2001       5.21204      
2181    19.7285       5.2185       
2182    18.221        5.21896      
2183    9.45333       5.22186      
2184    30.4318       5.22785      
2185    33.7548       5.22892      
2186    18.6746       5.23143      
2187    8.85938       5.23497      
2188    22.3106       5.23879      
2189    6.65416       5.24192      
2190    20.0229       5.24614      
2191    14.8827       5.24621      
2192    147.978       5.24763      
2193    1.94506       5.24871      
2194    6.47894       5.25013      
2195    20.6009       5.25268      
2196    34.8384       5.25989      
2197    14.1807       5.26314      
2198    21.406        5.27212      
2199    23.7049       5.2727       
2200    8.49086       5.27747      
2201    7.95642       5.28155      
2202    16.3929       5.28201      
2203    40.2409       5.28319      
2204    12.9595       5.28832      
2205    30.6327       5.29239      
2206    74.6016       5.29917      
2207    31.9819       5.29956      
2208    31.9983       5.30018      
2209    127.732       5.30028      
2210    446.267       5.30342      
2211    22.1388       5.3132       
2212    29.8009       5.31479      
2213    17.1542       5.31483      
2214    10.455        5.32339      
2215    15.0556       5.32828      
2216    24.5003       5.33348      
2217    11.7615       5.33681      
2218    34.6217       5.34177      
2219    12.9619       5.34552      
2220    180.505       5.34639      
2221    13.4171       5.34894      
2222    13.1614       5.35208      
2223    7.24279       5.3537       
2224    16.1219       5.35828      
2225    5.78824       5.36338      
2226    76.2618       5.36859      
2227    41.2708       5.37004      
2228    29.1553       5.37846      
2229    10.5966       5.38413      
2230    139.097       5.38424      
2231    124.904       5.39699      
2232    58.0434       5.39745      
2233    131.959       5.40037      
2234    33.543        5.40788      
2235    72.4851       5.41078      
2236    15.884        5.41844      
2237    108.327       5.42266      
2238    64.979        5.42456      
2239    199.72        5.42636      
2240    24.0852       5.42712      
2241    12.8277       5.43176      
2242    18.2782       5.43447      
2243    7.64608       5.43534      
2244    42.5064       5.44511      
2245    13.5205       5.45145      
2246    0.457306      5.45341      
2247    0.447369      5.45353      
2248    6.90818       5.45466      
2249    786.867       5.45649      
2250    6.04931       5.45755      
2251    37.5194       5.45921      
2252    21.7838       5.46511      
2253    24.0512       5.4663       
2254    28.0594       5.46722      
2255    28.8881       5.46726      
2256    25.5754       5.46784      
2257    12.8266       5.47064      
2258    18.6745       5.47756      
2259    296.627       5.48151      
2260    26.5357       5.48432      
2261    44.9336       5.48467      
2262    24.3819       5.48766      
2263    2.92999       5.4959       
2264    26.0476       5.49738      
2265    35.4693       5.49812      
2266    15.4077       5.5024       
2267    22.7787       5.50806      
2268    24.0251       5.50934      
2269    6.23579       5.51286      
2270    17.814        5.51497      
2271    9.4716        5.51727      
2272    18.4324       5.51956      
2273    13.7082       5.52332      
2274    10.9106       5.52543      
2275    8.95516       5.52688      
2276    7.21057       5.52839      
2277    4.90752       5.53004      
2278    16.4389       5.53291      
2279    32.417        5.53541      
2280    8.08049       5.54183      
2281    14.0817       5.54355      
2282    7.12629       5.5464       
2283    6.98618       5.55038      
2284    11.5483       5.55258      
2285    19.057        5.55405      
2286    71.4153       5.55435      
2287    30.8726       5.55436      
2288    3.435         5.5611       
2289    64.1026       5.56813      
2290    71.1827       5.57285      
2291    105.545       5.57311      
2292    78.8524       5.57403      
2293    93.1967       5.5741       
2294    44.5516       5.5746       
2295    27.7231       5.58072      
2296    0.335239      5.58252      
2297    101.286       5.58333      
2298    53.8555       5.58572      
2299    131.364       5.5891       
2300    250.595       5.5905       
2301    184.737       5.59071      
2302    223.927       5.59634      
2303    503.991       5.59775      
2304    121.592       5.59948      
2305    99.2224       5.59992      
2306    40.7912       5.60191      
2307    6.21724       5.6029       
2308    0.473321      5.60479      
2309    31.2313       5.60872      
2310    5.0369        5.61082      
2311    61.8262       5.61083      
2312    2.49577       5.61323      
2313    4.59833       5.61522      
2314    0.914364      5.61637      
2315    15.3158       5.6183       
2316    2.55309       5.6202       
2317    1.60984       5.62206      
2318    7.71235       5.62298      
2319    4.3344        5.62545      
2320    3.85147       5.62577      
2321    1.36654       5.62975      
2322    13.062        5.63031      
2323    43.8692       5.63338      
2324    31.0734       5.63438      
2325    0.293329      5.63666      
2326    28.7035       5.63675      
2327    9.18947       5.64103      
2328    139.202       5.6417       
2329    38.9249       5.64709      
2330    9.94365       5.64815      
2331    87.9335       5.64924      
2332    88.107        5.65227      
2333    70.2553       5.65345      
2334    14.8467       5.65425      
2335    42.3141       5.66186      
2336    76.092        5.66214      
2337    68.5256       5.66327      
2338    27.4048       5.66545      
2339    474.45        5.67088      
2340    10.8242       5.67602      
2341    506.952       5.67666      
2342    40.3059       5.68022      
2343    32.4212       5.6819       
2344    12.0131       5.68514      
2345    0.769169      5.68704      
2346    10.3023       5.68931      
2347    30.0341       5.69337      
2348    7.33386       5.69762      
2349    13.5209       5.70237      
2350    16.3761       5.70607      
2351    34.5588       5.70845      
2352    9.21529       5.71283      
2353    75.5073       5.71283      
2354    36.4523       5.71791      
2355    33.9798       5.72017      
2356    15.489        5.72275      
2357    9.04978       5.72466      
2358    24.1167       5.73397      
2359    32.6042       5.73456      
2360    36.4994       5.73641      
2361    50.344        5.73684      
2362    6.64552       5.74112      
2363    14.2436       5.74733      
2364    15.5734       5.74766      
2365    25.7696       5.74816      
2366    9.39349       5.74971      
2367    12.3998       5.75156      
2368    18.4729       5.75572      
2369    7.80034       5.7605       
2370    21.8751       5.7636       
2371    14.694        5.76844      
2372    14.6767       5.76852      
2373    49.606        5.76974      
2374    15.1692       5.77062      
2375    10.8797       5.77153      
2376    14.5223       5.77188      
2377    3.79557       5.77522      
2378    21.5956       5.77736      
2379    3.38114       5.78017      
2380    6.008         5.78383      
2381    36.9481       5.78866      
2382    31.2397       5.79095      
2383    23.7332       5.7963       
2384    23.4739       5.80301      
2385    152.294       5.80584      
2386    153.99        5.80973      
2387    105.832       5.81041      
2388    200.686       5.81106      
2389    81.1682       5.81261      
2390    155.475       5.81374      
2391    1.77829       5.82351      
2392    7.90044       5.82726      
2393    3.35812       5.83291      
2394    140.346       5.83803      
2395    72.8377       5.84321      
2396    58.3909       5.84537      
2397    49.0123       5.8469       
2398    1.1516        5.84833      
2399    113.313       5.85125      
2400    11.3906       5.86122      
2401    48.4302       5.86131      
2402    15.3465       5.86421      
2403    15.3889       5.86924      
2404    19.6179       5.87039      
2405    15.0359       5.87378      
2406    9.591         5.88034      
2407    14.2438       5.89066      
2408    10.0473       5.89136      
2409    8.92439       5.89343      
2410    69.0608       5.89363      
2411    56.6397       5.89573      
2412    11.445        5.89604      
2413    105.371       5.897        
2414    16.6846       5.89759      
2415    76.7912       5.90167      
2416    45.459        5.90259      
2417    22.7039       5.90261      
2418    15.704        5.91106      
2419    36.7828       5.91327      
2420    19.3181       5.91361      
2421    6.53954       5.92285      
2422    6.41448       5.92375      
2423    16.6036       5.92617      
2424    22.794        5.92901      
2425    62.066        5.93231      
2426    7.46803       5.93758      
2427    10.7116       5.94136      
2428    17.1364       5.94545      
2429    61.1592       5.94669      
2430    20.3916       5.94719      
2431    17.245        5.9495       
2432    10.746        5.95592      
2433    20.3797       5.95727      
2434    10.0043       5.96109      
2435    16.9218       5.96602      
2436    24.1472       5.96765      
2437    67.4302       5.96962      
2438    5.03123       5.97151      
2439    43.8344       5.97595      
2440    13.6451       5.97875      
2441    5.06784       5.98366      
2442    4.02361       5.98444      
2443    14.8923       5.98735      
2444    4.64645       5.98807      
2445    30.0799       5.98918      
2446    3.74016       5.98961      
2447    4.39086       5.98978      
2448    3.94208       5.99036      
2449    2.64707       5.99101      
2450    21.006        5.99209      
2451    18.6709       5.99412      
2452    14.5433       5.99457      
2453    9.36924       5.99463      
2454    16.0067       5.99688      
2455    42.7353       5.99735      
2456    0.526655      5.99771      
2457    15.4808       5.99978      
2458    65.332        6.00067      
2459    2.34575       6.0087       
2460    62.8961       6.00881      
2461    20.3313       6.0125       
2462    49.4393       6.01625      
2463    13.9476       6.01841      
2464    11.2446       6.02219      
2465    44.3683       6.02833      
2466    74.6737       6.02951      
2467    17.8485       6.03293      
2468    15.9348       6.03335      
2469    8.16716       6.04844      
2470    27.0466       6.04929      
2471    45.5892       6.05717      
2472    1.63688       6.05725      
2473    74.9904       6.05923      
2474    2.1594        6.0605       
2475    14.5485       6.06218      
2476    12.2148       6.06385      
2477    3.82865       6.06539      
2478    13.2388       6.06805      
2479    14.1192       6.07001      
2480    4.75932       6.07252      
2481    4.60313       6.07336      
2482    15.1258       6.07459      
2483    28.1899       6.07864      
2484    111.373       6.08047      
2485    21.4565       6.08307      
2486    24.0485       6.08777      
2487    7.76521       6.09255      
2488    14.9858       6.09278      
2489    15.588        6.09633      
2490    14.1496       6.10178      
2491    20.0005       6.10789      
2492    29.4256       6.11134      
2493    8.42223       6.11251      
2494    4.46707       6.12182      
2495    6.28224       6.12331      
2496    32.7835       6.12622      
2497    28.4942       6.13076      
2498    85.5883       6.13231      
2499    58.0019       6.13261      
2500    60.0162       6.13906      
2501    92.1076       6.14385      
2502    32.6008       6.14445      
2503    12.6899       6.14683      
2504    5.99455       6.14981      
2505    38.7342       6.15425      
2506    2.6821        6.15438      
2507    17.8442       6.16139      
2508    2.30981       6.16716      
2509    8.59804       6.16718      
2510    20.677        6.16724      
2511    0.905813      6.16768      
2512    18.4447       6.16921      
2513    3.11026       6.16956      
2514    34.8332       6.17268      
2515    31.1012       6.17354      
2516    10.391        6.17605      
2517    21.1367       6.17767      
2518    25.3941       6.18691      
2519    8.20703       6.18765      
2520    7.66467       6.19374      
2521    30.6824       6.19562      
2522    32.7428       6.19657      
2523    6.43616       6.20137      
2524    51.4941       6.20286      
2525    43.6967       6.2081       
2526    20.5379       6.20989      
2527    6.52083       6.21485      
2528    6.20736       6.21832      
2529    1.64757       6.21866      
2530    10.835        6.21882      
2531    3.45429       6.22121      
2532    40.21         6.22217      
2533    74.2453       6.22671      
2534    29.5931       6.22732      
2535    16.6074       6.2287       
2536    50.4063       6.23381      
2537    8.64026       6.23416      
2538    3.46328       6.24167      
2539    0.176468      6.24168      
2540    110.413       6.25078      
2541    81.4823       6.25471      
2542    32.2808       6.26154      
2543    13.2109       6.26338      
2544    24.3121       6.26476      
2545    6.27765       6.27263      
2546    3.59381       6.27616      
2547    9.19561       6.27624      
2548    170.92        6.28175      
