0       7.27546       0.00952438   
1       2.94402       0.0786326    
2       2.83581       0.0809526    
3       9.43131       0.0920972    
4       2.42755       0.104111     
5       2.72562       0.182878     
6       11.4078       0.198803     
7       4.41094       0.215697     
8       4.83554       0.309985     
9       2.46547       0.311664     
10      3.76526       0.347798     
11      3.80195       0.350697     
12      0.565684      0.424981     
13      5.79059       0.425172     
14      5.10376       0.485326     
15      3.27964       0.538716     
16      9.72187       0.544085     
17      3.72655       0.599823     
18      7.21028       0.647275     
19      17.9657       0.677342     
20      12.6516       0.685628     
21      14.468        0.745871     
22      12.6605       0.770068     
23      0.658558      0.780927     
24      20.5331       0.793583     
25      19.4347       0.840222     
26      28.0453       0.841459     
27      0.655348      0.870624     
28      0.759868      0.877479     
29      0.912419      0.886507     
30      3.40899       0.944742     
31      3.63072       0.97849      
32      6.54134       1.02485      
33      6.79763       1.22499      
34      4.63614       1.28824      
35      22.1065       1.34085      
36      7.22484       1.35771      
37      0.636594      1.38272      
38      0.591197      1.38828      
39      11.1003       1.41191      
40      26.3889       1.41225      
41      3.61842       1.41921      
42      2.52189       1.44522      
43      8.27388       1.45558      
44      3.76911       1.48034      
45      0.680606      1.50325      
46      5.26784       1.50791      
47      4.99547       1.51677      
48      5.12882       1.55994      
49      6.26997       1.56334      
50      2.51799       1.72085      
51      4.96923       1.72146      
52      3.95951       1.74876      
53      0.471415      1.7489       
54      2.28363       1.76911      
55      3.57768       1.77254      
56      0.850018      1.81385      
57      3.67643       1.81652      
58      0.475845      1.81702      
59      1.15519       1.82114      
60      2.37952       1.87523      
61      2.00178       1.87895      
62      2.53565       1.88358      
63      3.28227       2.04654      
64      0.401861      2.04674      
65      1.89927       2.08051      
66      7.0942        2.08793      
67      0.419467      2.08991      
68      0.929996      2.11746      
69      4.74665       2.1349       
70      2.20687       2.14007      
71      0.41408       2.15087      
72      0.341406      2.15549      
73      32.3858       2.16009      
74      1.05092       2.17317      
75      11.1677       2.18291      
76      3.97791       2.19656      
77      6.00479       2.22487      
78      1.34314       2.22638      
79      2.1055        2.29027      
80      4.57401       2.29073      
81      5.85637       2.36928      
82      6.18181       2.45019      
83      1.27157       2.4504       
84      10.0326       2.46292      
85      0.501332      2.46638      
86      7.78998       2.51066      
87      3.81118       2.54084      
88      1.75892       2.54247      
89      12.5758       2.60333      
90      4.19993       2.61931      
91      8.61723       2.76387      
92      9.70121       2.76539      
93      3.6291        2.80581      
94      0.873576      2.89273      
95      2.12961       2.90378      
96      25.1086       2.91243      
97      0.435729      2.91421      
98      8.6277        2.94893      
99      8.20907       2.98468      
100     3.89759       3.0258       
101     4.90952       3.08769      
102     4.62947       3.10942      
103     9.17019       3.10962      
104     18.1013       3.14085      
105     11.3779       3.17465      
106     18.8186       3.20394      
107     4.97416       3.21141      
108     6.28959       3.39918      
109     1.83059       3.45159      
110     4.70425       3.45211      
111     0.459794      3.50185      
112     5.24057       3.50375      
113     8.08469       3.52511      
114     11.0159       3.56795      
115     2.34546       3.57655      
116     32.9267       3.58804      
117     3.8654        3.63352      
118     8.68532       3.63956      
119     0.572994      3.75046      
120     16.9176       3.75477      
121     2.46307       3.76162      
122     6.97701       3.9216       
123     6.91638       3.92518      
124     5.81545       3.93053      
125     3.11263       3.98318      
126     8.34455       4.00111      
127     5.14283       4.03358      
128     0.814088      4.09109      
129     4.92597       4.10337      
130     9.13249       4.10611      
131     11.7441       4.11788      
132     22.1364       4.27783      
133     2.66987       4.27881      
134     2.78589       4.30591      
135     5.26966       4.45946      
136     6.30958       4.56781      
137     31.1562       4.65029      
138     28.1915       4.65729      
139     36.8855       4.68278      
140     4.62344       4.68371      
141     6.02957       4.68469      
142     12.4842       4.71214      
143     11.0537       4.71577      
144     13.4101       4.78242      
145     13.0603       5.01985      
146     5.37105       5.06191      
147     12.0152       5.13625      
148     6.78476       5.13898      
149     8.83074       5.17107      
150     13.1969       5.30352      
151     16.9868       5.32693      
152     7.04688       5.34928      
153     14.533        5.35447      
154     7.13197       5.36178      
155     13.9936       5.40367      
156     0.468683      5.40748      
157     11.8454       5.52292      
158     0.583002      5.60115      
159     2.19745       5.60125      
160     0.702757      5.63949      
161     4.84984       5.64089      
162     15.2294       5.74987      
163     17.1858       5.82521      
164     0.615587      5.82542      
165     5.63439       5.90949      
166     9.15707       5.93053      
167     1.94893       5.93984      
168     0.511405      5.97813      
169     2.02698       5.97899      
170     1.76829       5.98373      
171     0.486829      6.01188      
172     1.89104       6.01299      
173     5.9239        6.02338      
174     15.9713       6.04402      
175     14.9454       6.06759      
176     0.551313      6.07491      
177     2.46773       6.11918      
178     10.8789       6.1954       
