0       10.7491       0.0053216    
1       5.7265        0.00577204   
2       2.86588       0.0121589    
3       24.5586       0.0124936    
4       13.3665       0.0168043    
5       5.286         0.0175779    
6       9.02863       0.0256598    
7       5.94732       0.0303848    
8       12.6898       0.0308594    
9       9.88545       0.0400733    
10      6.96254       0.0407316    
11      16.3685       0.0435668    
12      13.9436       0.0463528    
13      34.654        0.0478546    
14      4.77805       0.0531361    
15      6.2503        0.0564295    
16      3.19346       0.0634379    
17      36.3769       0.0643624    
18      0.989392      0.0654737    
19      11.3779       0.0854843    
20      27.7841       0.0883544    
21      32.0416       0.10125      
22      1.39769       0.125358     
23      11.401        0.126099     
24      0.552552      0.127505     
25      46.8973       0.129047     
26      29.252        0.130646     
27      2.80469       0.130734     
28      4.56866       0.142416     
29      12.5735       0.143568     
30      5.59713       0.143913     
31      9.34079       0.165603     
32      6.62828       0.171776     
33      62.9368       0.177275     
34      92.9487       0.177519     
35      29.7253       0.178042     
36      35.6114       0.184762     
37      15.8455       0.185707     
38      3.41745       0.197848     
39      8.24851       0.202082     
40      28.1351       0.215716     
41      14.5803       0.221221     
42      12.2753       0.232866     
43      10.802        0.247008     
44      15.4575       0.247452     
45      18.405        0.258079     
46      22.9088       0.258826     
47      7.41031       0.274579     
48      3.6249        0.279042     
49      9.58291       0.282562     
50      2.06961       0.288998     
51      19.4107       0.289278     
52      5.80507       0.294974     
53      7.02675       0.300018     
54      2.99931       0.302687     
55      5.1465        0.305105     
56      12.8607       0.309792     
57      2.38145       0.30982      
58      13.8167       0.316832     
59      5.32742       0.323544     
60      59.1906       0.330231     
61      30.7038       0.330407     
62      9.11335       0.343132     
63      74.3911       0.356028     
64      26.0143       0.358367     
65      8.62233       0.359412     
66      17.8045       0.359879     
67      15.709        0.361611     
68      22.7677       0.364514     
69      318.038       0.37157      
70      0.33007       0.371714     
71      230.475       0.37391      
72      11.3944       0.379539     
73      36.7334       0.380987     
74      58.1203       0.382017     
75      6.2097        0.388972     
76      9.50124       0.394699     
77      10.6866       0.398094     
78      43.1603       0.409904     
79      289.018       0.421089     
80      0.125624      0.421109     
81      2.64393       0.425031     
82      53.6635       0.44395      
83      60.4506       0.444454     
84      40.3675       0.446924     
85      38.7595       0.453389     
86      18.8696       0.464252     
87      23.4117       0.465852     
88      23.2265       0.466744     
89      25.9716       0.467805     
90      3.71198       0.469514     
91      5.56998       0.478268     
92      4.70573       0.48232      
93      3.73304       0.485646     
94      3.82926       0.488686     
95      2.09294       0.491837     
96      4.74171       0.500755     
97      7.36614       0.501426     
98      5.96144       0.501684     
99      20.0499       0.504682     
100     19.3788       0.510132     
101     25.7148       0.516195     
102     22.2708       0.518573     
103     12.3952       0.533717     
104     5.55208       0.542198     
105     169.357       0.543554     
106     138.933       0.545714     
107     251.101       0.549178     
108     62.2495       0.554787     
109     36.1997       0.556773     
110     0.664748      0.564554     
111     4.81278       0.575949     
112     32.3341       0.58678      
113     48.5001       0.587324     
114     1.53203       0.592441     
115     1.63018       0.593385     
116     2.43119       0.595696     
117     3.75837       0.59892      
118     4.12554       0.602573     
119     8.54689       0.604396     
120     8.61275       0.607794     
121     2.04817       0.610457     
122     5.52411       0.612774     
123     3.71223       0.61632      
124     4.03454       0.618789     
125     1.67985       0.619924     
126     4.54          0.623092     
127     18.2924       0.623638     
128     28.4741       0.628025     
129     77.5735       0.631361     
130     33.9206       0.635071     
131     1.80065       0.640786     
132     21.4253       0.646592     
133     6.59637       0.652552     
134     4.09569       0.654088     
135     6.53797       0.6586       
136     6.57236       0.667613     
137     5.1685        0.670955     
138     4.51476       0.675091     
139     23.9901       0.683946     
140     26.3135       0.687548     
141     40.7558       0.709352     
142     107.867       0.711242     
143     74.6685       0.715574     
144     13.5429       0.716641     
145     100.728       0.720812     
146     48.3458       0.732292     
147     3.34423       0.734214     
148     17.3684       0.740456     
149     19.8082       0.740844     
150     11.0552       0.744375     
151     1.67489       0.745694     
152     2.89173       0.749114     
153     2.30477       0.750738     
154     5.13358       0.752598     
155     17.0611       0.759658     
156     5.18744       0.765009     
157     7.41787       0.769337     
158     7.97102       0.775932     
159     8.42832       0.778565     
160     3.77472       0.781386     
161     4.51654       0.784783     
162     4.39864       0.787468     
163     17.0533       0.790721     
164     12.389        0.7949       
165     4.02925       0.795499     
166     7.1529        0.802312     
167     8.626         0.805571     
168     38.1969       0.811798     
169     13.501        0.813407     
170     1.79628       0.815319     
171     6.38584       0.817668     
172     5.06878       0.821331     
173     39.1355       0.826973     
174     1.41732       0.843068     
175     18.4313       0.843369     
176     1.74516       0.84569      
177     8.37871       0.845888     
178     31.6447       0.846217     
179     9.22379       0.858557     
180     3.6772        0.862094     
181     30.9959       0.871418     
182     32.273        0.882884     
183     17.0058       0.884581     
184     30.2307       0.888726     
185     0.746947      0.889843     
186     2.81187       0.891924     
187     17.4204       0.898922     
188     4.18087       0.901293     
189     14.3336       0.917012     
190     4.43829       0.925239     
191     2.32669       0.926977     
192     17.7474       0.938248     
193     33.9776       0.939484     
194     233.409       0.945662     
195     3.34687       0.967582     
196     22.1041       0.979047     
197     78.2769       0.97993      
198     102.41        0.991243     
199     26.3084       0.994988     
200     43.5599       0.997507     
201     159.945       0.999745     
202     24.6958       1.01025      
203     20.8523       1.01081      
204     15.0918       1.01344      
205     28.5645       1.03456      
206     3.30907       1.04583      
207     6.47751       1.04629      
208     11.4893       1.04735      
209     3.1342        1.04746      
210     2.16643       1.04901      
211     16.4859       1.05059      
212     4.13867       1.05297      
213     3.46015       1.05345      
214     19.5832       1.05512      
215     28.042        1.07001      
216     41.902        1.07909      
217     20.287        1.09399      
218     8.14991       1.09774      
219     32.7294       1.0987       
220     8.35899       1.10829      
221     5.93327       1.11335      
222     11.2574       1.11815      
223     13.8563       1.13346      
224     10.6363       1.14446      
225     50.2692       1.14522      
226     0.779527      1.14664      
227     11.3806       1.16551      
228     13.6334       1.17326      
229     12.627        1.18606      
230     5.53809       1.19934      
231     17.2298       1.21277      
232     23.4019       1.2195       
233     24.2829       1.22024      
234     2.25806       1.22415      
235     32.8825       1.23669      
236     12.789        1.23708      
237     33.9404       1.23716      
238     24.5868       1.23883      
239     71.3633       1.23897      
240     79.9293       1.23949      
241     5.52239       1.25273      
242     6.9407        1.26307      
243     5.12158       1.27675      
244     21.6974       1.27758      
245     51.1148       1.31002      
246     91.3252       1.31101      
247     51.1321       1.31108      
248     22.5594       1.3273       
249     20.481        1.34526      
250     3.12869       1.34696      
251     31.3853       1.36602      
252     225.04        1.38246      
253     3.46448       1.38425      
254     13.0909       1.38938      
255     26.5628       1.39546      
256     0.42384       1.39614      
257     16.2241       1.3996       
258     3.78797       1.40702      
259     35.716        1.40998      
260     17.1438       1.41834      
261     10.5296       1.41885      
262     9.74681       1.42479      
263     15.9007       1.43624      
264     16.7782       1.44208      
265     11.5257       1.45349      
266     4.37507       1.45826      
267     4.3692        1.46115      
268     12.1175       1.46774      
269     18.5652       1.47669      
270     21.3093       1.47939      
271     2.436         1.48066      
272     2.08525       1.48348      
273     2.77147       1.48695      
274     10.5668       1.49059      
275     7.89366       1.4996       
276     84.808        1.50143      
277     11.1454       1.50853      
278     52.1942       1.5098       
279     7.17856       1.51251      
280     52.3737       1.51275      
281     20.344        1.51854      
282     2.69596       1.53426      
283     2.58242       1.53781      
284     29.02         1.54676      
285     92.8949       1.55062      
286     22.459        1.55627      
287     12.9248       1.5796       
288     279.067       1.58425      
289     20.5198       1.595        
290     45.3589       1.59962      
291     29.9904       1.60052      
292     40.9017       1.60291      
293     19.936        1.61323      
294     10.0035       1.62416      
295     166.094       1.62603      
296     0.43416       1.62814      
297     5.19323       1.63057      
298     7.7343        1.63614      
299     13.4246       1.64309      
300     17.2728       1.65023      
301     4.64507       1.65682      
302     3.09957       1.6605       
303     3.61796       1.6656       
304     15.6786       1.66928      
305     25.2248       1.68253      
306     31.7656       1.68282      
307     22.5776       1.68381      
308     7.38159       1.70862      
309     4.85247       1.71493      
310     2.68549       1.72529      
311     62.524        1.72774      
312     2.90274       1.73616      
313     0.832472      1.74173      
314     29.367        1.74632      
315     33.791        1.74857      
316     21.101        1.75178      
317     32.8339       1.75185      
318     64.0278       1.75389      
319     30.6061       1.75852      
320     29.435        1.7612       
321     12.8767       1.76433      
322     5.14147       1.779        
323     3.11956       1.78654      
324     525.706       1.78804      
325     3.80238       1.79132      
326     4.4747        1.7955       
327     52.2165       1.80573      
328     7.14454       1.81496      
329     2.28144       1.8187       
330     2.02513       1.82081      
331     60.2219       1.82097      
332     23.0347       1.82238      
333     12.9093       1.82605      
334     12.0799       1.82748      
335     2.15395       1.8336       
336     3.77688       1.8384       
337     18.1173       1.84014      
338     6.21745       1.84387      
339     85.5545       1.85589      
340     97.1006       1.86035      
341     18.459        1.86796      
342     39.9047       1.88081      
343     86.769        1.88668      
344     1.16199       1.88925      
345     20.8317       1.90097      
346     106.656       1.90193      
347     8.33253       1.90721      
348     0.9562        1.90953      
349     0.973567      1.92498      
350     15.1383       1.92698      
351     22.5719       1.92899      
352     29.2174       1.92971      
353     3.32001       1.93637      
354     4.11001       1.93966      
355     3.60287       1.94252      
356     4.31362       1.94582      
357     3.60436       1.95032      
358     6.17088       1.95537      
359     34.7109       1.95747      
360     3.83965       1.9599       
361     1.62718       1.96402      
362     23.7594       1.96625      
363     3.7156        1.96641      
364     31.124        1.98565      
365     44.5561       1.98679      
366     30.1228       1.98771      
367     135.781       1.9893       
368     18.8314       2.00009      
369     5.03127       2.00566      
370     3.68847       2.0098       
371     11.6495       2.01343      
372     19.9507       2.02176      
373     5.06662       2.02834      
374     7.78714       2.0336       
375     4.70695       2.03726      
376     4.49136       2.04008      
377     2.94257       2.04232      
378     15.619        2.04697      
379     22.4006       2.04726      
380     11.2036       2.04741      
381     8.05472       2.04997      
382     7.26933       2.05         
383     2.54761       2.05417      
384     10.6445       2.05985      
385     9.07975       2.06503      
386     7.54025       2.07052      
387     5.41098       2.071        
388     6.82339       2.07106      
389     7.83087       2.0782       
390     16.0578       2.07943      
391     5.10222       2.0884       
392     14.7765       2.09033      
393     30.8257       2.09036      
394     0.760523      2.09211      
395     9.49772       2.09445      
396     9.54487       2.09473      
397     4.98867       2.10799      
398     9.29976       2.11345      
399     12.7826       2.12693      
400     22.4873       2.13082      
401     7.67268       2.13833      
402     24.3144       2.13894      
403     13.3897       2.15143      
404     9.70983       2.15609      
405     30.5032       2.16895      
406     8.3674        2.18175      
407     24.1757       2.18378      
408     7.95127       2.19009      
409     14.9714       2.19732      
410     2.45076       2.198        
411     6.47785       2.20268      
412     3.26987       2.20505      
413     3.32805       2.20677      
414     2.63546       2.20898      
415     8.10371       2.21251      
416     2.25239       2.2154       
417     16.8083       2.21973      
418     4.76275       2.22589      
419     2.14399       2.22927      
420     116.161       2.23191      
421     6.4703        2.23479      
422     40.1944       2.23694      
423     58.052        2.2387       
424     40.4328       2.24156      
425     27.0132       2.24417      
426     0.716686      2.24784      
427     2.1967        2.25015      
428     3.25322       2.25288      
429     0.855353      2.2695       
430     6.5557        2.27386      
431     0.727178      2.27751      
432     7.82516       2.28422      
433     12.3645       2.29112      
434     29.6135       2.295        
435     1.28032       2.29682      
436     22.0185       2.30365      
437     25.547        2.31063      
438     493.985       2.3118       
439     538.361       2.31502      
440     18.1668       2.32076      
441     21.6443       2.33014      
442     24.334        2.34929      
443     12.7013       2.35232      
444     93.1197       2.36894      
445     67.1398       2.36909      
446     34.4924       2.38926      
447     20.0314       2.41392      
448     24.6254       2.42358      
449     40.0133       2.42529      
450     2.47887       2.42999      
451     6.2733        2.4332       
452     0.397484      2.43327      
453     3.39352       2.4432       
454     4.74909       2.44908      
455     3.07486       2.45233      
456     1.18034       2.45705      
457     14.932        2.45991      
458     20.7129       2.46013      
459     23.3409       2.46446      
460     1.01786       2.47105      
461     12.7266       2.47265      
462     12.0058       2.47372      
463     22.2295       2.47529      
464     11.905        2.47636      
465     6.35923       2.48155      
466     7.38569       2.48403      
467     13.4034       2.49831      
468     5.41639       2.50513      
469     22.875        2.51428      
470     42.8285       2.51787      
471     29.0058       2.51816      
472     26.0175       2.51906      
473     6.1481        2.53169      
474     8.26278       2.53552      
475     4.33404       2.53954      
476     40.0064       2.55518      
477     54.808        2.55644      
478     54.8814       2.55729      
479     39.1412       2.55784      
480     12.3904       2.56842      
481     29.4804       2.58145      
482     9.62399       2.59639      
483     7.81787       2.60191      
484     5.01926       2.6064       
485     6.40384       2.61108      
486     17.5757       2.62144      
487     20.6555       2.62226      
488     6.05824       2.6369       
489     9.65205       2.64296      
490     52.375        2.64872      
491     8.69349       2.65496      
492     2.96745       2.66545      
493     9.68427       2.67007      
494     11.8379       2.67558      
495     4.2714        2.68181      
496     137.653       2.68943      
497     37.8973       2.6932       
498     152.121       2.69414      
499     311.704       2.69496      
500     17.1933       2.6969       
501     85.0588       2.70396      
502     64.9169       2.70579      
503     6.47828       2.71724      
504     119.926       2.71806      
505     57.3736       2.73637      
506     25.2207       2.73801      
507     1.39956       2.7503       
508     11.47         2.75638      
509     18.4699       2.76577      
510     6.78926       2.77078      
511     0.309338      2.77373      
512     0.318558      2.77493      
513     0.324195      2.77588      
514     853.755       2.77607      
515     3.62861       2.77769      
516     4.28578       2.77959      
517     3.61323       2.78141      
518     0.403058      2.78308      
519     7.78254       2.78566      
520     10.1706       2.79059      
521     11.3598       2.79751      
522     7.62052       2.79802      
523     3.88272       2.80357      
524     5.61067       2.8072       
525     4.90606       2.80721      
526     8.41587       2.81437      
527     9.04039       2.81552      
528     1.67103       2.81882      
529     11.9969       2.82395      
530     21.1844       2.82427      
531     15.9862       2.82742      
532     30.3806       2.82752      
533     6.93124       2.83028      
534     0.584672      2.83408      
535     15.2802       2.83482      
536     4.21996       2.83905      
537     12.4375       2.84033      
538     10.0186       2.84435      
539     12.6168       2.84601      
540     9.78962       2.85764      
541     6.41779       2.86295      
542     45.944        2.86315      
543     12.6383       2.86714      
544     17.5405       2.87811      
545     7.11601       2.88275      
546     33.598        2.89335      
547     13.9325       2.89837      
548     1.52149       2.89886      
549     14.8182       2.91216      
550     15.6227       2.92136      
551     13.7587       2.92366      
552     11.602        2.93024      
553     11.5138       2.93108      
554     3.03157       2.9355       
555     3.07527       2.93673      
556     2.09431       2.94076      
557     0.3337        2.94272      
558     19.4663       2.94283      
559     2.49761       2.94894      
560     9.38012       2.95203      
561     9.23296       2.95495      
562     43.3078       2.95535      
563     28.6895       2.95543      
564     1.92689       2.95778      
565     16.1979       2.9657       
566     29.6562       2.97016      
567     27.8295       2.97078      
568     3.8026        2.97146      
569     13.5382       2.97345      
570     19.6686       2.97512      
571     8.03787       2.97525      
572     8.88276       2.97567      
573     1.28243       2.9789       
574     2.18613       2.98064      
575     3.71394       2.98237      
576     3.95265       2.98485      
577     6.06235       2.98765      
578     6.65743       2.99142      
579     8.16774       2.99317      
580     8.92303       2.99381      
581     4.69794       2.99979      
582     12.9458       3.00472      
583     6.56559       3.0074       
584     5.17241       3.01138      
585     7.44432       3.01286      
586     11.1621       3.01336      
587     3.09975       3.01553      
588     22.4678       3.02245      
589     11.0608       3.02383      
590     4.8853        3.034        
591     39.6074       3.04376      
592     33.3444       3.04737      
593     6.12717       3.06197      
594     32.7493       3.06721      
595     14.548        3.08249      
596     11.3402       3.09617      
597     12.8535       3.1073       
598     3.20096       3.12984      
599     96.5528       3.13499      
600     13.7985       3.14769      
601     10.9824       3.16114      
602     5.64507       3.16656      
603     35.7829       3.17894      
604     16.8607       3.17977      
605     39.1318       3.18095      
606     27.7689       3.18179      
607     1.90708       3.19587      
608     0.297108      3.19587      
609     6.11734       3.20384      
610     1.67699       3.20943      
611     7.87366       3.20958      
612     19.0087       3.21414      
613     7.61761       3.21592      
614     35.518        3.23533      
615     29.7067       3.2372       
616     59.8943       3.23779      
617     25.0823       3.23849      
618     76.4251       3.23883      
619     27.3447       3.23941      
620     2.44904       3.25411      
621     14.8217       3.25493      
622     3.77304       3.25629      
623     19.3997       3.26582      
624     13.0015       3.27217      
625     5.58935       3.27346      
626     1.14468       3.27652      
627     1.09675       3.27704      
628     42.8194       3.27863      
629     2.67477       3.27866      
630     2.66715       3.28169      
631     5.69688       3.28402      
632     0.516112      3.29012      
633     148.676       3.29513      
634     17.4282       3.29603      
635     3.00159       3.30177      
636     3.94323       3.30362      
637     3.0211        3.30589      
638     4.95361       3.3082       
639     0.318516      3.31177      
640     5.85881       3.31493      
641     349.593       3.31496      
642     11.5575       3.31559      
643     8.81725       3.31726      
644     1.65649       3.32589      
645     20.5576       3.3269       
646     8.28724       3.32706      
647     35.4485       3.33377      
648     128.682       3.33613      
649     13.7061       3.33914      
650     11.5013       3.34826      
651     3.48859       3.35271      
652     6.32794       3.356        
653     2.66075       3.35848      
654     4.63718       3.36041      
655     36.454        3.37126      
656     15.5476       3.37312      
657     14.6003       3.37646      
658     20.2932       3.38761      
659     13.2114       3.39473      
660     6.40315       3.40056      
661     7.48096       3.40422      
662     9.11645       3.41479      
663     10.9752       3.41542      
664     18.4403       3.42156      
665     23.0828       3.42665      
666     8.43535       3.42858      
667     4.3104        3.43769      
668     13.8799       3.43783      
669     0.403676      3.44187      
670     17.0083       3.44194      
671     8.98623       3.45777      
672     13.2775       3.46038      
673     12.3518       3.46245      
674     6.79639       3.47171      
675     14.7457       3.4739       
676     6.53372       3.4759       
677     7.55876       3.47966      
678     9.52606       3.48416      
679     9.38948       3.49204      
680     14.3144       3.49578      
681     3.24974       3.49613      
682     3.38695       3.49766      
683     18.7384       3.50504      
684     7.50921       3.50697      
685     2.26944       3.51182      
686     45.9128       3.51543      
687     18.6218       3.51657      
688     5.29621       3.51735      
689     16.4005       3.52788      
690     10.9048       3.52806      
691     13.6555       3.53008      
692     5.98027       3.5419       
693     7.64382       3.54542      
694     3.3172        3.54876      
695     3.55393       3.5504       
696     5.61947       3.55083      
697     4.76533       3.55167      
698     4.779         3.55201      
699     4.18361       3.55226      
700     6.47349       3.55301      
701     9.35402       3.55482      
702     0.608192      3.55503      
703     5.23068       3.55615      
704     3.62686       3.55833      
705     11.0443       3.56506      
706     4.44132       3.57033      
707     23.3084       3.58184      
708     40.8034       3.5836       
709     47.7838       3.58558      
710     69.7174       3.58721      
711     6.17813       3.59481      
712     13.962        3.60199      
713     3.90032       3.60759      
714     4.59095       3.61162      
715     2.93885       3.61172      
716     1.04623       3.61209      
717     2.39621       3.61503      
718     6.05179       3.61524      
719     15.5284       3.62483      
720     5.8881        3.63945      
721     5.67769       3.65387      
722     22.138        3.65544      
723     2.66879       3.65645      
724     4.0736        3.65821      
725     3.42031       3.66325      
726     77.0772       3.6747       
727     134.998       3.68006      
728     62.8608       3.69232      
729     0.248488      3.69267      
730     10.92         3.71847      
731     8.16508       3.75127      
732     10.0248       3.76712      
733     20.6537       3.7791       
734     9.11147       3.79064      
735     4.59293       3.79968      
736     53.3746       3.81264      
737     40.858        3.81437      
738     0.378837      3.82072      
739     171.632       3.82374      
740     136.453       3.83205      
741     26.286        3.84152      
742     23.5831       3.84195      
743     6.84893       3.86389      
744     7.20412       3.86516      
745     5.98872       3.86531      
746     2.81241       3.86572      
747     5.58124       3.86813      
748     6.14696       3.88117      
749     13.5595       3.88563      
750     0.501379      3.88573      
751     6.7456        3.89875      
752     8.68189       3.90595      
753     9.7451        3.91086      
754     0.266555      3.9204       
755     7.43328       3.92041      
756     2.83122       3.92078      
757     9.47985       3.92528      
758     1.31902       3.92584      
759     3.94169       3.93614      
760     12.886        3.93719      
761     2.39098       3.93729      
762     15.774        3.94918      
763     7.05622       3.9524       
764     2.90121       3.9529       
765     3.86078       3.95301      
766     7.63708       3.95835      
767     8.14827       3.9648       
768     61.0242       3.97033      
769     45.5826       3.9741       
770     106.871       3.99189      
771     24.7326       3.99277      
772     23.5117       3.9935       
773     23.196        3.99794      
774     30.27         4.01041      
775     5.78532       4.02329      
776     2.29749       4.02609      
777     7.67935       4.02648      
778     11.0406       4.02739      
779     7.31054       4.02896      
780     6.78826       4.03142      
781     4.01667       4.03474      
782     3.84644       4.03702      
783     6.48577       4.0393       
784     0.528737      4.04016      
785     33.8689       4.04092      
786     0.195656      4.04099      
787     0.328002      4.04117      
788     17.5171       4.04376      
789     28.4298       4.05182      
790     10.3618       4.052        
791     2.33524       4.06165      
792     11.3661       4.06186      
793     3.36532       4.06637      
794     8.74968       4.06705      
795     6.40096       4.06707      
796     3.61623       4.06834      
797     3.59365       4.07084      
798     6.61379       4.07361      
799     36.3421       4.08081      
800     8.09775       4.08323      
801     21.6784       4.08599      
802     10.1215       4.08989      
803     10.2876       4.09723      
804     9.57488       4.1024       
805     11.6072       4.11093      
806     12.1128       4.11806      
807     10.1349       4.11976      
808     4.93915       4.12125      
809     4.63388       4.13266      
810     4.27947       4.13544      
811     12.6014       4.1418       
812     16.2294       4.14533      
813     97.0082       4.14835      
814     1.94483       4.1513       
815     4.16623       4.15291      
816     10.4317       4.15801      
817     33.5024       4.15835      
818     1.61475       4.16041      
819     9.50503       4.1655       
820     3.65502       4.17378      
821     26.838        4.17565      
822     19.8503       4.17956      
823     51.4552       4.18645      
824     25.56         4.1935       
825     32.8304       4.19813      
826     6.43953       4.20195      
827     13.8521       4.2162       
828     1.68049       4.21929      
829     27.3403       4.21993      
830     24.9893       4.22357      
831     3.14897       4.22527      
832     5.40853       4.22822      
833     10.8689       4.23361      
834     5.42204       4.23898      
835     6.22878       4.24282      
836     6.95087       4.24437      
837     10.3022       4.24466      
838     4.75499       4.24791      
839     16.079        4.2501       
840     0.550929      4.25526      
841     22.1827       4.2557       
842     4.36954       4.25603      
843     0.73205       4.25662      
844     4.82333       4.26453      
845     4.13052       4.26945      
846     15.7541       4.27196      
847     11.9823       4.27722      
848     25.2414       4.28096      
849     1.88736       4.28155      
850     14.5492       4.2883       
851     9.96163       4.28854      
852     15.6646       4.28921      
853     36.455        4.28976      
854     32.2548       4.29142      
855     17.7849       4.29294      
856     161.054       4.29527      
857     19.6146       4.29557      
858     2.35091       4.30006      
859     0.713476      4.30081      
860     7.96067       4.30508      
861     11.7331       4.30597      
862     10.5261       4.3072       
863     1.3651        4.30807      
864     2.48227       4.31254      
865     5.1023        4.31509      
866     6.93144       4.31546      
867     7.68161       4.31897      
868     6.09521       4.32033      
869     3.63256       4.32406      
870     8.6724        4.33835      
871     18.7169       4.34011      
872     21.0654       4.35448      
873     27.7528       4.37846      
874     28.7381       4.40986      
875     2.9199        4.41592      
876     10.0299       4.416        
877     2.03754       4.42994      
878     6.83096       4.42998      
879     12.5612       4.43286      
880     11.4021       4.4334       
881     10.2488       4.43409      
882     18.148        4.4467       
883     5.68643       4.44803      
884     24.5614       4.4508       
885     20.3927       4.46178      
886     10.8573       4.46203      
887     24.9599       4.46935      
888     17.0073       4.47015      
889     9.81213       4.4702       
890     23.3249       4.48949      
891     13.8224       4.49663      
892     4.8973        4.52285      
893     12.808        4.52352      
894     0.889794      4.52427      
895     5.00427       4.52502      
896     3.83916       4.52544      
897     6.51109       4.53284      
898     15.2875       4.53506      
899     5.72307       4.53848      
900     15.1536       4.54122      
901     2.36153       4.54125      
902     23.0506       4.54643      
903     18.4198       4.57066      
904     18.2026       4.57243      
905     15.1348       4.57258      
906     41.6722       4.57563      
907     7.06552       4.57946      
908     17.8177       4.5796       
909     7.58127       4.58078      
910     14.6946       4.61363      
911     15.7582       4.61464      
912     3.35743       4.6232       
913     9.08609       4.62326      
914     7.078         4.62361      
915     0.514336      4.62386      
916     2.06928       4.62607      
917     0.183511      4.62608      
918     1.95158       4.62643      
919     7.46857       4.6266       
920     10.4154       4.65041      
921     0.586003      4.65471      
922     13.874        4.65491      
923     0.767458      4.65528      
924     1.29367       4.65959      
925     12.5819       4.66071      
926     16.8789       4.66077      
927     21.288        4.6623       
928     2.5957        4.66317      
929     3.0057        4.66862      
930     13.4613       4.66882      
931     2.97347       4.66888      
932     12.2281       4.67156      
933     16.9984       4.67396      
934     26.8824       4.68626      
935     9.1099        4.73211      
936     9.78905       4.73248      
937     0.335986      4.73264      
938     10.9334       4.73612      
939     0.59409       4.73616      
940     3.67283       4.74339      
941     3.66911       4.74341      
942     7.27353       4.74705      
943     0.582935      4.74707      
944     3.90533       4.74997      
945     5.06121       4.75063      
946     5.74692       4.75091      
947     0.477187      4.75105      
948     5.70435       4.75452      
949     2.90384       4.75461      
950     3.87766       4.75633      
951     1.59125       4.76075      
952     0.802669      4.76159      
953     0.549737      4.76181      
954     18.8812       4.76208      
955     0.435245      4.76235      
956     3.9394        4.76278      
957     7.50171       4.76734      
958     3.4553        4.76762      
959     8.15834       4.77317      
960     0.682568      4.77319      
961     0.519657      4.79127      
962     0.286848      4.79138      
963     17.2334       4.79143      
964     0.503105      4.79158      
965     0.916682      4.79185      
966     1.51797       4.79973      
967     0.15633       4.79974      
968     5.20768       4.80132      
969     24.5115       4.8018       
970     1.30172       4.80334      
971     3.02588       4.80335      
972     0.955372      4.80652      
973     0.614292      4.80681      
974     11.0069       4.80703      
975     0.436361      4.80712      
976     4.27645       4.81432      
977     7.74415       4.8151       
978     6.28931       4.81699      
979     8.56012       4.81849      
980     4.01543       4.81899      
981     5.86604       4.82348      
982     0.47082       4.8235       
983     5.76066       4.82587      
984     4.59817       4.8264       
985     3.00476       4.82815      
986     5.57471       4.82887      
987     3.7419        4.82933      
988     5.58209       4.83068      
989     8.45226       4.83112      
990     0.57083       4.83134      
991     5.92494       4.8348       
992     0.534687      4.83482      
993     7.96736       4.84641      
994     2.97788       4.84655      
995     0.83497       4.85305      
996     0.670864      4.85335      
997     42.2134       4.85383      
998     0.763506      4.8542       
999     11.0128       4.86867      
1000    0.459448      4.87209      
1001    2.6672        4.87243      
1002    29.0368       4.87252      
1003    3.00451       4.87449      
1004    6.13742       4.8789       
1005    2.313         4.88041      
1006    4.73841       4.8822       
1007    3.59318       4.88298      
1008    0.177676      4.88357      
1009    17.0843       4.88358      
1010    5.42854       4.88577      
1011    11.2059       4.88605      
1012    3.76723       4.89066      
1013    15.4775       4.89517      
1014    8.70638       4.89532      
1015    15.5458       4.89539      
1016    5.78935       4.89551      
1017    9.62904       4.90688      
1018    4.70876       4.90967      
1019    4.7531        4.90992      
1020    7.09429       4.91404      
1021    0.658613      4.91406      
1022    14.5968       4.93293      
1023    0.513098      4.93299      
1024    4.61873       4.93919      
1025    0.48971       4.94046      
1026    28.297        4.94052      
1027    0.707186      4.94085      
1028    11.2354       4.96036      
1029    4.69448       4.96435      
1030    0.495067      4.96436      
1031    6.04473       4.96796      
1032    0.365074      4.96797      
1033    13.2696       4.97103      
1034    3.72348       4.97158      
1035    2.39692       4.97519      
1036    2.39476       4.9752       
1037    9.06322       4.97773      
1038    1.97961       4.97827      
1039    2.9018        4.97882      
1040    3.2541        4.97934      
1041    8.62309       4.98166      
1042    5.00462       4.98242      
1043    3.52817       4.98245      
1044    3.39094       4.98572      
1045    5.27669       4.98611      
1046    0.242841      4.98613      
1047    4.81683       4.99695      
1048    6.13631       4.99836      
1049    3.90904       5.00056      
1050    0.365221      5.00057      
1051    4.35675       5.00164      
1052    1.1547        5.01469      
1053    0.875375      5.01516      
1054    0.573333      5.01564      
1055    7.05224       5.01633      
1056    0.103475      5.01663      
1057    39.1109       5.01671      
1058    0.125253      5.01678      
1059    0.437411      5.0172       
1060    0.586404      5.01743      
1061    0.730616      5.01789      
1062    0.781896      5.01806      
1063    0.955168      5.01838      
1064    1.19328       5.01872      
1065    7.70184       5.05275      
1066    0.209181      5.05277      
1067    17.2286       5.05464      
1068    13.8578       5.0608       
1069    0.662953      5.06085      
1070    0.463448      5.0794       
1071    12.9292       5.07947      
1072    0.487778      5.07954      
1073    18.0185       5.09261      
1074    8.49953       5.09279      
1075    0.798389      5.09806      
1076    1.25231       5.0986       
1077    14.6531       5.09862      
1078    4.31075       5.09887      
1079    2.95067       5.10098      
1080    6.87831       5.1051       
1081    5.14584       5.10811      
1082    3.69796       5.11006      
1083    24.5442       5.11105      
1084    4.54307       5.11253      
1085    4.62563       5.11288      
1086    6.83457       5.12003      
1087    4.65563       5.12323      
1088    2.96914       5.12504      
1089    0.364628      5.12589      
1090    19.4226       5.12609      
1091    1.40561       5.12632      
1092    4.22424       5.12721      
1093    0.605853      5.13034      
1094    9.92018       5.13158      
1095    43.3869       5.1316       
1096    1.76095       5.13332      
1097    1.91923       5.13407      
1098    2.13033       5.13527      
1099    15.6965       5.13934      
1100    18.9059       5.14058      
1101    3.5057        5.17115      
1102    4.87009       5.17202      
1103    0.335294      5.17203      
1104    7.69809       5.17564      
1105    4.30688       5.17706      
1106    19.764        5.17721      
1107    9.12234       5.1812       
1108    7.31717       5.19448      
1109    5.58763       5.19557      
1110    6.8925        5.19568      
1111    5.66749       5.19973      
1112    2.43755       5.19992      
1113    3.39633       5.20098      
1114    2.3975        5.2012       
1115    8.93454       5.20622      
1116    5.11442       5.2064       
1117    3.20777       5.21413      
1118    0.578662      5.21481      
1119    17.702        5.2151       
1120    0.496539      5.21529      
1121    4.40991       5.21658      
1122    4.73908       5.21839      
1123    2.86551       5.22791      
1124    26.7447       5.22926      
1125    3.68429       5.22928      
1126    3.63089       5.23024      
1127    2.77776       5.23152      
1128    0.389038      5.23875      
1129    12.7432       5.23885      
1130    0.331457      5.23893      
1131    8.98802       5.2404       
1132    2.50315       5.25738      
1133    0.294971      5.25739      
1134    0.661459      5.26909      
1135    68.2486       5.26994      
1136    0.511325      5.27049      
1137    0.700845      5.27106      
1138    10.0231       5.27656      
1139    0.888926      5.299        
1140    0.826181      5.29939      
1141    0.73031       5.30042      
1142    0.602056      5.30105      
1143    0.57369       5.30155      
1144    120.706       5.30173      
1145    0.619334      5.30231      
1146    0.682773      5.30289      
1147    0.768895      5.30343      
1148    0.908318      5.30439      
1149    0.935699      5.30497      
1150    1.0308        5.30541      
1151    35.0094       5.33294      
1152    2.82962       5.34292      
1153    1.63728       5.34308      
1154    16.4991       5.34499      
1155    14.3337       5.3511       
1156    11.2475       5.35141      
1157    27.2906       5.36561      
1158    0.731808      5.36602      
1159    5.61516       5.37563      
1160    4.41128       5.37599      
1161    5.49943       5.37663      
1162    21.0954       5.38077      
1163    7.91204       5.38188      
1164    21.8775       5.38795      
1165    2.93289       5.39047      
1166    1.5516        5.39203      
1167    9.91735       5.39212      
1168    0.60614       5.39241      
1169    5.78796       5.39345      
1170    2.17516       5.39899      
1171    11.5726       5.3995       
1172    4.48068       5.40276      
1173    5.71671       5.40458      
1174    4.53123       5.4063       
1175    0.871226      5.40707      
1176    1.81716       5.4077       
1177    1.36891       5.4088       
1178    16.9789       5.40897      
1179    15.4483       5.4094       
1180    3.74736       5.4106       
1181    17.3655       5.41101      
1182    1.34642       5.4125       
1183    2.20601       5.41303      
1184    1.01564       5.4139       
1185    2.68565       5.41453      
1186    2.10191       5.41549      
1187    0.807119      5.42165      
1188    0.651634      5.42237      
1189    0.460448      5.42318      
1190    97.9098       5.42414      
1191    14.146        5.42584      
1192    9.30389       5.43105      
1193    2.61183       5.44203      
1194    9.0548        5.44263      
1195    24.9024       5.4439       
1196    1.97479       5.44439      
1197    3.12072       5.44467      
1198    2.03142       5.44599      
1199    7.30144       5.44871      
1200    17.4014       5.4558       
1201    6.90014       5.46413      
1202    9.95458       5.47177      
1203    10.9515       5.47806      
1204    1.18186       5.48364      
1205    6.169         5.48487      
1206    24.1755       5.48698      
1207    22.1285       5.48789      
1208    4.6431        5.4895       
1209    3.69207       5.49163      
1210    27.5506       5.4925       
1211    9.25349       5.49504      
1212    8.05676       5.49927      
1213    6.55308       5.50009      
1214    2.73516       5.50337      
1215    3.28308       5.50446      
1216    7.66542       5.50763      
1217    1.39528       5.51023      
1218    23.2707       5.51097      
1219    1.18138       5.51526      
1220    40.6895       5.5165       
1221    0.980042      5.51714      
1222    0.468222      5.51871      
1223    2.6845        5.51963      
1224    43.4551       5.5205       
1225    13.476        5.52187      
1226    30.4052       5.52678      
1227    8.49117       5.52696      
1228    65.5356       5.52853      
1229    21.6226       5.53204      
1230    2.6027        5.5322       
1231    0.617828      5.53927      
1232    19.467        5.54058      
1233    21.1476       5.5426       
1234    37.1509       5.54364      
1235    31.5437       5.54426      
1236    41.9881       5.54506      
1237    8.00598       5.55641      
1238    0.435188      5.55875      
1239    20.8063       5.55895      
1240    9.06921       5.56362      
1241    11.2078       5.57427      
1242    8.81674       5.57972      
1243    13.9263       5.58716      
1244    6.53636       5.60345      
1245    25.4657       5.60359      
1246    4.99842       5.61267      
1247    0.401918      5.61411      
1248    52.5738       5.61416      
1249    28.92         5.62436      
1250    28.6214       5.69845      
1251    13.0836       5.70202      
1252    20.1937       5.70252      
1253    12.7275       5.70898      
1254    6.881         5.71377      
1255    0.385004      5.71381      
1256    8.17423       5.71581      
1257    8.85612       5.71865      
1258    10.663        5.73029      
1259    0.566979      5.73032      
1260    3.88956       5.73402      
1261    2.59779       5.73407      
1262    3.8372        5.7342       
1263    2.62831       5.73424      
1264    16.9366       5.73937      
1265    10.1266       5.73969      
1266    7.95237       5.74196      
1267    7.12782       5.74423      
1268    7.23773       5.75735      
1269    4.40618       5.76044      
1270    1.02079       5.76187      
1271    3.24602       5.76214      
1272    9.68145       5.76219      
1273    13.3484       5.76347      
1274    3.1094        5.77022      
1275    39.846        5.77401      
1276    43.8674       5.78217      
1277    0.538724      5.78262      
1278    7.36641       5.78844      
1279    2.39563       5.79685      
1280    2.39318       5.79686      
1281    3.79672       5.80047      
1282    11.1613       5.80049      
1283    6.68312       5.80382      
1284    7.71567       5.80389      
1285    2.39659       5.80511      
1286    4.98684       5.81259      
1287    20.0651       5.81344      
1288    12.6461       5.82844      
1289    19.5423       5.8301       
1290    17.9122       5.83222      
1291    13.9672       5.83225      
1292    19.0263       5.83366      
1293    0.783278      5.83478      
1294    2.83633       5.83582      
1295    4.02971       5.84182      
1296    5.83075       5.84351      
1297    5.42288       5.8484       
1298    7.87644       5.85021      
1299    8.15034       5.8523       
1300    14.147        5.85281      
1301    9.86878       5.85529      
1302    3.11931       5.86284      
1303    18.6374       5.86698      
1304    25.1044       5.86858      
1305    30.2918       5.90549      
1306    1.22725       5.91629      
1307    4.71229       5.91636      
1308    0.444404      5.92134      
1309    104.923       5.92159      
1310    0.488203      5.92225      
1311    5.25686       5.92592      
1312    12.0667       5.93082      
1313    6.85792       5.94238      
1314    68.2961       5.94693      
1315    44.309        5.9474       
1316    12.8074       5.94941      
1317    26.3252       5.95297      
1318    4.8923        5.96174      
1319    2.63681       5.9821       
1320    4.4535        5.98392      
1321    0.235705      5.98395      
1322    0.802208      5.9859       
1323    43.7941       5.98745      
1324    3.92516       5.98756      
1325    2.73073       5.98771      
1326    5.06091       5.98805      
1327    6.34331       5.98832      
1328    33.3094       5.99695      
1329    4.79693       6.00002      
1330    45.8895       6.0183       
1331    19.3662       6.02103      
1332    64.9215       6.02464      
1333    0.413819      6.0254       
1334    11.3152       6.02954      
1335    3.19354       6.03323      
1336    3.25554       6.03374      
1337    15.7263       6.03494      
1338    11.0906       6.04662      
1339    8.09428       6.04845      
1340    11.1955       6.06042      
1341    0.721526      6.06698      
1342    11.6307       6.06712      
1343    13.2648       6.09753      
1344    11.878        6.1001       
1345    15.1482       6.10782      
1346    18.1653       6.10868      
1347    17.1299       6.10891      
1348    15.0781       6.1227       
1349    14.2828       6.12949      
1350    29.4394       6.13142      
1351    38.7119       6.14862      
1352    90.2563       6.15285      
1353    53.904        6.15398      
1354    36.5107       6.15448      
1355    28.831        6.16232      
1356    48.2314       6.16426      
1357    22.9546       6.16644      
1358    0.734905      6.16838      
1359    1.80795       6.17106      
1360    8.11061       6.18334      
1361    5.35651       6.18836      
1362    12.8349       6.19311      
1363    10.4356       6.19751      
1364    20.8751       6.20679      
1365    46.7464       6.20878      
1366    0.574562      6.20984      
1367    6.14596       6.21423      
1368    0.575357      6.21777      
1369    34.5484       6.21834      
1370    0.504849      6.21874      
1371    7.26477       6.22415      
1372    9.78737       6.24924      
1373    15.6578       6.25489      
1374    7.70663       6.25732      
1375    8.71422       6.25739      
1376    24.1083       6.25888      
1377    6.62171       6.25971      
1378    8.93401       6.26154      
1379    2.96804       6.26402      
1380    9.97167       6.27532      
