0       7.40873       0.00296415   
1       9.64704       0.00332413   
2       0.181339      0.00337505   
3       3.37677       0.0112638    
4       7.16268       0.0117083    
5       1.06777       0.0118928    
6       1.20202       0.011957     
7       0.14495       0.0252313    
8       5.62459       0.0252434    
9       2.45307       0.0256834    
10      2.68526       0.0259513    
11      6.97513       0.0259942    
12      5.759         0.033414     
13      3.72767       0.0336776    
14      5.84208       0.0413295    
15      0.700113      0.0419437    
16      0.354285      0.0428355    
17      21.3238       0.0429062    
18      0.548628      0.0432162    
19      0.842968      0.0438082    
20      0.905379      0.04418      
21      6.12169       0.0451353    
22      6.80653       0.0608488    
23      8.98568       0.060874     
24      3.76565       0.0757114    
25      0.46108       0.0761197    
26      13.0504       0.0763649    
27      0.306584      0.0764295    
28      0.955178      0.0768585    
29      28.6102       0.090519     
30      1.37849       0.0916449    
31      1.40674       0.0916776    
32      1.44611       0.0958528    
33      0.259142      0.0958611    
34      2.96697       0.0962947    
35      0.58032       0.0999038    
36      0.45737       0.0999931    
37      14.128        0.100214     
38      0.540171      0.100436     
39      3.47862       0.101237     
40      9.56759       0.112729     
41      9.57153       0.112901     
42      2.21294       0.132086     
43      16.8226       0.132541     
44      1.90429       0.132859     
45      3.55847       0.134269     
46      3.65575       0.136866     
47      24.7883       0.138581     
48      3.21204       0.140824     
49      4.30613       0.14353      
50      0.724693      0.144032     
51      10.4108       0.144906     
52      11.7714       0.146279     
53      0.0741779     0.146286     
54      0.293395      0.148109     
55      19.2916       0.148295     
56      1.85446       0.148397     
57      4.92276       0.149721     
58      3.89546       0.150089     
59      13.5334       0.150765     
60      0.632559      0.15897      
61      7.94946       0.159089     
62      7.10094       0.162227     
63      0.629508      0.171681     
64      10.6637       0.171697     
65      3.89592       0.175371     
66      5.54152       0.175584     
67      1.52792       0.175671     
68      6.41583       0.186677     
69      2.76948       0.188487     
70      2.83679       0.188807     
71      10.4637       0.191832     
72      11.1901       0.202944     
73      0.744741      0.202995     
74      7.33714       0.21985      
75      0.384174      0.219883     
76      4.88009       0.220952     
77      2.74125       0.227693     
78      2.47299       0.228177     
79      6.39415       0.228192     
80      2.10115       0.236728     
81      3.11743       0.237008     
82      3.42755       0.237375     
83      5.62367       0.240463     
84      3.6533        0.240617     
85      12.3873       0.24076      
86      9.33512       0.253778     
87      0.72459       0.255163     
88      0.605905      0.255579     
89      0.530845      0.255737     
90      0.511564      0.255888     
91      36.837        0.256459     
92      0.33589       0.256574     
93      0.493584      0.256829     
94      0.69404       0.257151     
95      0.881566      0.257705     
96      1.06188       0.25804      
97      23.8903       0.30193      
98      12.6535       0.302333     
99      9.08863       0.313716     
100     3.74214       0.313726     
101     40.7735       0.314715     
102     0.129483      0.314762     
103     1.58645       0.319323     
104     2.57655       0.319585     
105     4.33176       0.320113     
106     3.10134       0.32258      
107     1.77816       0.323059     
108     6.53611       0.323806     
109     2.4785        0.324687     
110     6.98493       0.32789      
111     0.453896      0.327941     
112     17.5379       0.337911     
113     0.612066      0.338065     
114     4.70907       0.340692     
115     9.58585       0.359139     
116     2.94364       0.360224     
117     0.280815      0.360257     
118     3.55398       0.36057      
119     2.72489       0.361081     
120     5.16481       0.362374     
121     8.33743       0.364413     
122     0.518883      0.364486     
123     3.24526       0.379308     
124     27.5624       0.380555     
125     6.30602       0.380719     
126     7.32158       0.403482     
127     10.1792       0.403943     
128     6.30728       0.408544     
129     4.80646       0.408656     
130     11.3787       0.422106     
131     9.5001        0.422375     
132     0.354893      0.422618     
133     7.06924       0.434698     
134     1.84634       0.436543     
135     0.74616       0.436948     
136     0.409766      0.438249     
137     41.7037       0.438898     
138     5.64409       0.439215     
139     17.9674       0.440807     
140     2.2688        0.440816     
141     4.22052       0.44272      
142     10.7557       0.447952     
143     17.9803       0.449368     
144     3.4601        0.451506     
145     7.00792       0.454363     
146     2.59595       0.460677     
147     7.05789       0.461904     
148     4.6159        0.462348     
149     6.20432       0.462865     
150     7.34725       0.468542     
151     2.80545       0.470732     
152     0.393496      0.47074      
153     3.94489       0.474874     
154     0.584845      0.474882     
155     5.29723       0.509514     
156     0.431399      0.510568     
157     18.1435       0.510882     
158     4.54634       0.511125     
159     1.09008       0.512131     
160     3.27433       0.522216     
161     4.51891       0.523873     
162     28.2352       0.524404     
163     1.99625       0.524932     
164     2.52495       0.525531     
165     15.8858       0.559723     
166     11.5135       0.560447     
167     4.93095       0.564697     
168     1.59354       0.564708     
169     2.96433       0.565237     
170     2.75988       0.566147     
171     9.56546       0.573405     
172     6.79598       0.594894     
173     0.542258      0.596043     
174     0.486872      0.596405     
175     0.295716      0.596984     
176     58.8315       0.597165     
177     0.370956      0.597525     
178     2.71846       0.598454     
179     18.2389       0.611363     
180     22.2405       0.611705     
181     36.9459       0.61246      
182     10.6779       0.647901     
183     11.8353       0.648324     
184     2.65643       0.660358     
185     0.333603      0.660376     
186     1.15828       0.660694     
187     2.60396       0.661163     
188     3.01251       0.665843     
189     9.5803        0.665904     
190     10.9334       0.667045     
191     6.35111       0.667245     
192     23.8836       0.668192     
193     7.67327       0.687443     
194     2.12431       0.689494     
195     9.14643       0.689777     
196     0.503741      0.689932     
197     15.8167       0.695395     
198     8.9709        0.708301     
199     3.75391       0.712571     
200     5.65902       0.715247     
201     3.97312       0.716892     
202     2.93518       0.720369     
203     4.65021       0.723059     
204     19.0622       0.726393     
205     22.1453       0.726514     
206     9.08166       0.72815      
207     23.5495       0.731464     
208     9.0348        0.733798     
209     43.0491       0.734691     
210     1.4412        0.737295     
211     7.55456       0.740765     
212     43.968        0.745904     
213     6.11119       0.749224     
214     4.24244       0.755168     
215     11.3034       0.761098     
216     2.18078       0.764039     
217     0.813188      0.765892     
218     64.93         0.771195     
219     46.0686       0.772003     
220     10.5283       0.776566     
221     18.2125       0.776759     
222     0.708623      0.781648     
223     0.701617      0.78195      
224     0.694588      0.782502     
225     0.676917      0.78299      
226     0.647062      0.783456     
227     0.633576      0.783702     
228     0.623011      0.784054     
229     0.589533      0.784636     
230     0.555334      0.785088     
231     0.510541      0.785624     
232     30.7616       0.789104     
233     22.828        0.789856     
234     115.761       0.789912     
235     21.8878       0.793683     
236     18.2661       0.794134     
237     33.4297       0.797405     
238     0.759069      0.801033     
239     0.811         0.802107     
240     21.2123       0.805956     
241     14.5608       0.806488     
242     4.19138       0.813621     
243     3.92904       0.820306     
244     3.75094       0.820743     
245     15.8189       0.821364     
246     3.227         0.82142      
247     8.4138        0.825506     
248     2.94891       0.832893     
249     1.99262       0.834149     
250     16.5834       0.838914     
251     7.74196       0.839637     
252     49.1942       0.840443     
253     39.6058       0.854284     
254     12.7812       0.856498     
255     1.2186        0.857961     
256     8.11493       0.858804     
257     18.7467       0.875597     
258     0.626286      0.892306     
259     0.443032      0.893219     
260     117.93        0.894201     
261     0.279856      0.89445      
262     9.48137       0.89826      
263     11.9666       0.899084     
264     21.1341       0.902727     
265     4.09558       0.911224     
266     1.81893       0.911578     
267     28.7961       0.913108     
268     1.97001       0.913271     
269     8.86063       0.913937     
270     2.02161       0.916455     
271     7.6167        0.922658     
272     3.79201       0.927784     
273     18.7921       0.928467     
274     0.244433      0.928529     
275     15.8804       0.944611     
276     17.3513       0.945811     
277     6.31545       0.988243     
278     4.28955       0.98876      
279     5.39963       1.00351      
280     20.3603       1.00864      
281     17.6939       1.00866      
282     10.6132       1.01119      
283     0.133257      1.0112       
284     10.5573       1.02373      
285     13.0708       1.05995      
286     3.46161       1.06211      
287     5.63417       1.06739      
288     0.402564      1.06744      
289     4.71044       1.07029      
290     3.3192        1.07043      
291     4.73552       1.07063      
292     5.54241       1.07515      
293     0.254048      1.07702      
294     46.2887       1.07715      
295     14.076        1.07989      
296     0.260037      1.08511      
297     24.5346       1.0852       
298     5.28926       1.10311      
299     0.421129      1.10393      
300     10.4608       1.10406      
301     0.46493       1.10418      
302     11.5324       1.11294      
303     21.5826       1.14091      
304     14.5916       1.14662      
305     3.74492       1.15352      
306     1.27825       1.15636      
307     4.57481       1.15647      
308     10.9654       1.15825      
309     10.9641       1.15834      
310     1.85989       1.1602       
311     14.3203       1.16056      
312     7.13105       1.16172      
313     20.9714       1.16746      
314     14.5597       1.16924      
315     0.439861      1.16957      
316     17.3284       1.17268      
317     7.32532       1.17329      
318     10.3431       1.17455      
319     24.7501       1.18394      
320     4.67738       1.23715      
321     1.75421       1.23802      
322     20.397        1.23888      
323     0.398143      1.23908      
324     1.75636       1.24002      
325     3.49198       1.24135      
326     3.27126       1.243        
327     0.297599      1.24433      
328     19.2653       1.24449      
329     3.86017       1.24704      
330     21.453        1.24715      
331     2.34513       1.24926      
332     20.7496       1.25004      
333     13.9448       1.25012      
334     7.51527       1.25183      
335     8.01155       1.26308      
336     0.572642      1.26318      
337     4.63421       1.26483      
338     5.85885       1.27273      
339     8.10932       1.2731       
340     1.19362       1.2741       
341     9.07809       1.27444      
342     8.88374       1.27544      
343     11.6628       1.30922      
344     10.0165       1.31744      
345     3.3228        1.31755      
346     8.49545       1.33825      
347     2.61981       1.34175      
348     2.64555       1.34248      
349     5.04858       1.35225      
350     0.935727      1.354        
351     0.246369      1.35401      
352     6.32849       1.35677      
353     40.5659       1.3584       
354     99.6132       1.36258      
355     0.14417       1.36281      
356     6.11167       1.36507      
357     23.1088       1.36651      
358     70.9358       1.37774      
359     10.4674       1.38971      
360     4.71339       1.40817      
361     3.05881       1.40845      
362     18.343        1.43443      
363     15.9381       1.44617      
364     14.3931       1.45264      
365     0.618228      1.4529       
366     3.71288       1.46541      
367     47.8394       1.46829      
368     19.3362       1.47396      
369     36.7296       1.47712      
370     21.3544       1.48757      
371     2.82094       1.49712      
372     40.6266       1.49712      
373     10.301        1.49762      
374     6.17643       1.49788      
375     0.779035      1.49942      
376     6.39667       1.50142      
377     2.12655       1.51103      
378     5.37988       1.51182      
379     3.50766       1.51196      
380     3.74339       1.51237      
381     12.5018       1.52057      
382     6.8872        1.52135      
383     7.93326       1.54408      
384     12.0903       1.54962      
385     4.44439       1.55176      
386     5.52595       1.55281      
387     12.112        1.57075      
388     19.108        1.57196      
389     14.9627       1.57262      
390     16.707        1.57773      
391     1.62847       1.58439      
392     61.9776       1.58734      
393     32.5894       1.59375      
394     13.3525       1.59391      
395     14.4708       1.59461      
396     94.2559       1.60821      
397     29.5212       1.60945      
398     32.6953       1.61375      
399     47.9725       1.61398      
400     46.6688       1.61595      
401     2.92569       1.61958      
402     4.06197       1.62356      
403     13.0906       1.6301       
404     32.879        1.63472      
405     28.6193       1.64231      
406     26.3881       1.64308      
407     3.27658       1.65083      
408     3.44536       1.65287      
409     7.94848       1.65718      
410     5.29329       1.67654      
411     43.6998       1.67997      
412     16.1735       1.73324      
413     21.8025       1.76858      
414     6.46523       1.78264      
415     7.3377        1.78308      
416     10.0792       1.78572      
417     11.0719       1.78579      
418     21.5217       1.78663      
419     8.45224       1.78916      
420     12.491        1.79159      
421     13.0735       1.7996       
422     6.9793        1.80652      
423     6.6143        1.81055      
424     8.45468       1.8161       
425     6.47726       1.81772      
426     30.2139       1.81788      
427     12.4395       1.81925      
428     11.3288       1.82262      
429     2.55717       1.82304      
430     7.91614       1.8263       
431     9.18009       1.83126      
432     4.6706        1.83156      
433     20.5712       1.8427       
434     26.7076       1.85921      
435     4.61574       1.85983      
436     2.56289       1.86531      
437     8.65541       1.8666       
438     3.90688       1.86749      
439     11.7409       1.8793       
440     14.3544       1.89242      
441     4.49897       1.89263      
442     3.41421       1.89412      
443     6.36447       1.90366      
444     22.6094       1.90766      
445     25.5653       1.91728      
446     30.1017       1.91732      
447     43.2211       1.92238      
448     0.507558      1.92326      
449     5.01622       1.9321       
450     3.06609       1.93267      
451     12.5179       1.93585      
452     70.9718       1.94224      
453     27.6417       1.9652       
454     22.7048       1.97134      
455     16.9344       1.97756      
456     9.19257       1.99929      
457     18.6089       2.00363      
458     18.5295       2.00467      
459     8.57468       2.00868      
460     14.9741       2.01081      
461     44.5884       2.01308      
462     5.26524       2.02617      
463     8.16463       2.03284      
464     10.9654       2.03393      
465     7.25171       2.03494      
466     8.03674       2.03621      
467     1.77421       2.03959      
468     1.69651       2.0415       
469     35.643        2.04256      
470     36.1792       2.05075      
471     28.7289       2.07103      
472     26.7073       2.07374      
473     17.2532       2.07482      
474     9.65943       2.07697      
475     46.7955       2.07892      
476     40.4476       2.08253      
477     9.4715        2.08551      
478     5.02601       2.09182      
479     7.5016        2.10132      
480     15.7801       2.10911      
481     27.738        2.10939      
482     13.4115       2.10959      
483     12.6401       2.11001      
484     17.437        2.11065      
485     9.63411       2.11175      
486     48.7004       2.11225      
487     9.79657       2.12878      
488     19.9353       2.13517      
489     8.27842       2.13942      
490     0.724655      2.14329      
491     4.644         2.14589      
492     18.2055       2.15241      
493     28.9732       2.15304      
494     3.83284       2.15783      
495     251.395       2.15819      
496     4.16473       2.15953      
497     5.57643       2.15957      
498     15.5992       2.1606       
499     23.0615       2.17163      
500     48.2281       2.17182      
501     30.3196       2.17371      
502     254.491       2.18711      
503     24.7401       2.19216      
504     195.835       2.20045      
505     184.777       2.20475      
506     12.5685       2.21538      
507     12.3172       2.22301      
508     6.38977       2.2325       
509     21.7699       2.25119      
510     23.591        2.25439      
511     116.513       2.25441      
512     27.9888       2.26921      
513     23.5963       2.27489      
514     10.9054       2.27862      
515     45.0815       2.27926      
516     75.153        2.28214      
517     13.199        2.28549      
518     4.93925       2.28835      
519     18.8837       2.29838      
520     3.16217       2.30892      
521     16.2122       2.31712      
522     45.7291       2.32978      
523     56.327        2.33616      
524     108.357       2.34669      
525     23.6002       2.35099      
526     49.6957       2.36103      
527     1.68075       2.36491      
528     3.40389       2.36905      
529     38.7763       2.38766      
530     5.43911       2.40067      
531     15.015        2.40592      
532     9.39057       2.40871      
533     12.1293       2.41611      
534     15.6443       2.44089      
535     61.3235       2.44552      
536     73.5069       2.44845      
537     48.3754       2.45192      
538     141.864       2.47105      
539     21.1951       2.47276      
540     180.436       2.47547      
541     32.1779       2.48325      
542     25.7331       2.48895      
543     30.386        2.49775      
544     10.0901       2.50824      
545     18.2383       2.51456      
546     12.8219       2.53271      
547     2.72259       2.53555      
548     8.98945       2.53575      
549     6.13294       2.5361       
550     2.70907       2.5361       
551     20.952        2.55099      
552     56.5057       2.556        
553     14.7471       2.56395      
554     38.3424       2.56465      
555     17.2571       2.56741      
556     14.9156       2.58538      
557     7.83161       2.59499      
558     16.491        2.5969       
559     24.4856       2.60734      
560     12.3393       2.62184      
561     12.3444       2.63049      
562     28.654        2.63555      
563     21.7267       2.64568      
564     13.4496       2.65528      
565     144.798       2.66159      
566     15.3262       2.66738      
567     20.729        2.67617      
568     37.629        2.70684      
569     26.7981       2.7133       
570     16.6313       2.71771      
571     73.9539       2.73155      
572     15.7065       2.7345       
573     11.1727       2.73794      
574     25.8783       2.74302      
575     14.2819       2.7559       
576     56.1392       2.76005      
577     26.7362       2.76099      
578     1.37741       2.76463      
579     19.0704       2.77038      
580     7.63255       2.79077      
581     8.17741       2.80137      
582     206.773       2.80397      
583     29.5081       2.81036      
584     27.0159       2.82235      
585     32.9415       2.82329      
586     18.5435       2.82534      
587     9.38562       2.83345      
588     42.2787       2.85493      
589     36.0681       2.85512      
590     16.4724       2.8829       
591     21.9273       2.88692      
592     19.2354       2.91324      
593     86.2102       2.91767      
594     17.4494       2.92192      
595     17.3024       2.94224      
596     14.2176       2.96097      
597     2.96351       2.97634      
598     20.9437       2.97783      
599     5.30638       2.98484      
600     17.4812       2.99384      
601     44.7804       2.99551      
602     13.7347       3.00438      
603     1.84591       3.01488      
604     69.8612       3.02593      
605     18.2728       3.02827      
606     23.9895       3.031        
607     34.9153       3.03484      
608     23.8721       3.0353       
609     44.1096       3.04328      
610     39.7386       3.04435      
611     35.4357       3.04597      
612     8.15702       3.05428      
613     14.5346       3.06312      
614     1.91116       3.06497      
615     14.1059       3.06812      
616     7.17908       3.07765      
617     3.55954       3.08218      
618     11.2112       3.08812      
619     473.76        3.08942      
620     10.0754       3.09451      
621     18.3392       3.11229      
622     14.8286       3.13251      
623     85.0862       3.13874      
624     226.074       3.1489       
625     97.0061       3.14914      
626     30.4346       3.15388      
627     27.4257       3.15659      
628     59.8492       3.15834      
629     22.4513       3.16249      
630     2.19468       3.17719      
631     25.0991       3.18537      
632     22.6876       3.2041       
633     11.0623       3.21415      
634     10.1499       3.21958      
635     15.8194       3.22441      
636     37.1264       3.2293       
637     124.043       3.25386      
638     21.4652       3.26089      
639     16.496        3.26959      
640     23.0823       3.27856      
641     48.5537       3.28228      
642     5.70813       3.29054      
643     20.1936       3.30579      
644     15.3359       3.31763      
645     64.8572       3.32204      
646     40.107        3.32602      
647     21.29         3.33117      
648     8.95343       3.34286      
649     48.5438       3.35672      
650     18.9037       3.35829      
651     130.129       3.36014      
652     7.1583        3.37318      
653     21.0644       3.38669      
654     6.40878       3.39948      
655     34.1241       3.4016       
656     11.1482       3.41225      
657     89.5649       3.41308      
658     9.40635       3.42554      
659     12.6188       3.43523      
660     8.73737       3.45121      
661     31.575        3.46187      
662     20.7261       3.4619       
663     29.5775       3.46209      
664     28.8132       3.46872      
665     28.8296       3.4971       
666     29.6393       3.50049      
667     59.6875       3.50164      
668     21.7371       3.51013      
669     4.82865       3.52179      
670     9.77147       3.5361       
671     8.18063       3.53624      
672     5.70615       3.53735      
673     19.6873       3.54137      
674     29.5832       3.54859      
675     10.5287       3.55763      
676     15.7631       3.55961      
677     3.29867       3.56195      
678     13.5108       3.57323      
679     27.029        3.58504      
680     31.3613       3.58831      
681     30.4639       3.58906      
682     14.8644       3.60198      
683     7.40831       3.61102      
684     14.9267       3.61371      
685     13.4023       3.62119      
686     9.22545       3.63163      
687     26.696        3.63679      
688     19.8509       3.63994      
689     30.3346       3.64061      
690     15.7648       3.64278      
691     20.7483       3.64311      
692     9.58692       3.65684      
693     13.4955       3.65698      
694     11.6645       3.66513      
695     6.81886       3.67101      
696     7.64373       3.68536      
697     7.03409       3.69483      
698     18.7579       3.69512      
699     25.7193       3.69526      
700     29.6526       3.71322      
701     41.7847       3.72025      
702     8.95941       3.72857      
703     10.7007       3.74114      
704     9.59684       3.75212      
705     25.4972       3.76409      
706     21.7316       3.7658       
707     14.9661       3.78476      
708     16.8961       3.78481      
709     18.8491       3.82203      
710     27.1245       3.82354      
711     38.7902       3.83603      
712     37.7027       3.83643      
713     80.866        3.84247      
714     18.1432       3.85537      
715     20.698        3.87086      
716     45.063        3.87525      
717     3.64865       3.8823       
718     9.25677       3.89187      
719     5.47986       3.90118      
720     15.1726       3.9069       
721     28.7471       3.90696      
722     6.86465       3.91863      
723     24.3062       3.92534      
724     32.7438       3.93776      
725     57.7109       3.94334      
726     9.99897       3.95382      
727     34.4984       3.95682      
728     1.40724       3.98466      
729     17.4074       3.98569      
730     113.477       4.0009       
731     77.4448       4.00175      
732     19.2477       4.01441      
733     19.2219       4.02835      
734     52.3361       4.03838      
735     530.012       4.03875      
736     58.3816       4.0418       
737     453.855       4.04253      
738     16.3379       4.06842      
739     41.9646       4.07282      
740     50.1989       4.08258      
741     1.04666       4.08834      
742     7.64209       4.08913      
743     11.4301       4.08924      
744     4.45945       4.09108      
745     12.8002       4.10544      
746     5.18252       4.11963      
747     4.85096       4.12591      
748     22.9692       4.1321       
749     52.17         4.13645      
750     290.547       4.14752      
751     22.1432       4.16623      
752     14.6825       4.16931      
753     44.1334       4.17235      
754     63.0102       4.18113      
755     15.6636       4.18195      
756     19.4418       4.18448      
757     7.11837       4.18833      
758     20.0504       4.20212      
759     12.632        4.20347      
760     10.0536       4.2046       
761     0.349714      4.21983      
762     15.1733       4.21998      
763     10.381        4.22414      
764     6.05361       4.22621      
765     0.572583      4.22661      
766     8.1948        4.22721      
767     1.66762       4.22883      
768     3.77048       4.23149      
769     1.20713       4.2409       
770     5.61111       4.24132      
771     27.513        4.24357      
772     4.56313       4.25405      
773     28.0154       4.25419      
774     4.2796        4.27117      
775     8.02594       4.28018      
776     2.97011       4.28787      
777     3.23736       4.29239      
778     33.5183       4.29788      
779     7.267         4.2987       
780     15.3034       4.30763      
781     16.2736       4.31065      
782     8.41811       4.31132      
783     10.7309       4.31461      
784     49.8753       4.31501      
785     103.635       4.31541      
786     10.0679       4.31698      
787     90.4438       4.32808      
788     114.907       4.33637      
789     0.355897      4.35095      
790     17.1537       4.35171      
791     15.1196       4.35241      
792     16.3324       4.35416      
793     26.7401       4.35722      
794     5.51281       4.36257      
795     734.084       4.38373      
796     16.0639       4.3856       
797     6.23707       4.39471      
798     7.91035       4.4015       
799     5.36726       4.40683      
800     14.5649       4.41504      
801     83.7775       4.4401       
802     16.4414       4.44403      
803     37.3637       4.4452       
804     19.1503       4.45143      
805     135.888       4.47612      
806     31.8622       4.47996      
807     41.0781       4.48339      
808     13.8606       4.49859      
809     10.6423       4.50921      
810     6.18785       4.52236      
811     7.16629       4.52275      
812     6.98746       4.53117      
813     11.1465       4.54026      
814     17.5836       4.55558      
815     20.8699       4.56595      
816     32.7228       4.56973      
817     18.6799       4.57329      
818     11.4888       4.58666      
819     10.9035       4.59901      
820     2.36287       4.61114      
821     0.338955      4.61115      
822     4.4381        4.61929      
823     12.7107       4.62002      
824     2.86134       4.62458      
825     14.2496       4.62596      
826     9.98787       4.6278       
827     30.9403       4.63787      
828     13.4564       4.63858      
829     10.6475       4.64819      
830     8.73329       4.64844      
831     15.5404       4.67192      
832     21.1245       4.68067      
833     5.72404       4.69397      
834     39.1645       4.70178      
835     25.6045       4.71153      
836     6.87319       4.71735      
837     25.5289       4.71753      
838     29.0741       4.72219      
839     3.69662       4.72274      
840     45.6484       4.72444      
841     19.3778       4.72728      
842     7.68437       4.72889      
843     9.61246       4.72979      
844     13.6323       4.73162      
845     12.5363       4.73862      
846     3.52163       4.7437       
847     10.1835       4.74877      
848     3.99544       4.7544       
849     21.9244       4.76657      
850     13.5153       4.76763      
851     10.6887       4.76873      
852     10.1062       4.7759       
853     37.6492       4.77602      
854     9.89522       4.78438      
855     7.01583       4.79197      
856     5.04502       4.7926       
857     0.538755      4.81211      
858     7.69894       4.8122       
859     0.548455      4.8123       
860     14.1047       4.82169      
861     23.1576       4.83392      
862     24.492        4.86099      
863     16.3965       4.87613      
864     57.9724       4.87919      
865     8.15916       4.89893      
866     3.21668       4.90471      
867     14.3551       4.90583      
868     18.7492       4.91276      
869     21.5104       4.91536      
870     12.2587       4.92664      
871     3.66488       4.93467      
872     5.73292       4.93714      
873     4.95776       4.93928      
874     2.75767       4.93966      
875     4.63557       4.94011      
876     4.88563       4.94091      
877     8.49696       4.94123      
878     5.06785       4.94126      
879     5.12032       4.94404      
880     9.90007       4.94975      
881     9.91716       4.94986      
882     6.64474       4.95796      
883     10.7981       4.96697      
884     5.31234       4.97804      
885     26.9349       4.98637      
886     12.0392       4.9875       
887     18.4705       4.98823      
888     31.4227       4.99146      
889     28.2193       4.99388      
890     21.6544       4.99455      
891     4.63172       4.99698      
892     2.01702       5.0146       
893     12.245        5.02518      
894     7.96879       5.0307       
895     97.6436       5.03615      
896     28.5801       5.03993      
897     74.3654       5.04046      
898     310.769       5.04633      
899     13.7705       5.05788      
900     1.96129       5.06374      
901     1.20747       5.06583      
902     3.19942       5.06775      
903     5.59176       5.06857      
904     38.6635       5.07053      
905     31.4469       5.07317      
906     12.7607       5.07555      
907     20.0769       5.07581      
908     6.07278       5.08211      
909     3.83577       5.09219      
910     8.57119       5.10014      
911     3.78354       5.10456      
912     11.4411       5.10653      
913     8.10781       5.10798      
914     5.7534        5.11418      
915     5.63754       5.11746      
916     5.89121       5.1201       
917     36.7593       5.13215      
918     11.1888       5.1335       
919     100.837       5.13522      
920     24.2449       5.14538      
921     142.945       5.15093      
922     1.61575       5.15485      
923     12.7298       5.1601       
924     18.83         5.16945      
925     7.57978       5.17943      
926     7.74889       5.18525      
927     11.7237       5.19756      
928     13.4753       5.20323      
929     5.96389       5.21288      
930     6.72099       5.21961      
931     24.4135       5.23059      
932     28.2112       5.23489      
933     8.04769       5.24722      
934     8.6122        5.24895      
935     8.55368       5.25172      
936     41.9934       5.25457      
937     14.123        5.25828      
938     13.2737       5.25982      
939     3.74122       5.26806      
940     17.5243       5.27633      
941     15.5805       5.27721      
942     43.4866       5.28311      
943     8.05287       5.28335      
944     50.5512       5.28998      
945     14.6445       5.29323      
946     42.5137       5.29628      
947     0.381566      5.29692      
948     18.3117       5.30037      
949     11.2611       5.31408      
950     17.7436       5.32072      
951     8.1872        5.33653      
952     16.369        5.36005      
953     9.38452       5.37511      
954     4.5643        5.38647      
955     15.237        5.38916      
956     3.93231       5.38949      
957     44.2244       5.38963      
958     18.5185       5.3916       
959     3.27103       5.39295      
960     12.1932       5.40672      
961     7.78208       5.41919      
962     48.8286       5.42406      
963     17.9691       5.43018      
964     4.46115       5.45239      
965     143.302       5.46004      
966     132.025       5.46613      
967     32.7099       5.47463      
968     51.0004       5.47695      
969     4.10344       5.478        
970     29.245        5.49644      
971     3.60736       5.49671      
972     3.29432       5.51146      
973     54.7793       5.51428      
974     8.24516       5.51668      
975     4.93564       5.52184      
976     7.98138       5.53215      
977     2.65314       5.53512      
978     3.24352       5.53656      
979     2.74596       5.53803      
980     5.30943       5.53852      
981     6.8023        5.53977      
982     9.12708       5.54418      
983     9.04011       5.55268      
984     15.3164       5.56113      
985     6.58302       5.57368      
986     15.5138       5.57497      
987     4.20619       5.58132      
988     4.93          5.58316      
989     5.85874       5.58384      
990     5.8761        5.58391      
991     5.10645       5.58432      
992     18.9685       5.59317      
993     8.34157       5.60271      
994     10.4188       5.60418      
995     3.13762       5.60492      
996     8.51427       5.60908      
997     7.58352       5.61042      
998     3.44436       5.61422      
999     11.7486       5.61518      
1000    6.58649       5.6158       
1001    3.96901       5.6164       
1002    6.75743       5.61647      
1003    4.13243       5.61975      
1004    2.42396       5.64379      
1005    8.38437       5.64511      
1006    4.17554       5.64537      
1007    14.021        5.64821      
1008    12.5658       5.65191      
1009    6.63122       5.66212      
1010    10.3332       5.66967      
1011    4.64681       5.67536      
1012    3.21627       5.67931      
1013    22.8511       5.68411      
1014    100.145       5.68952      
1015    22.5937       5.69745      
1016    30.0548       5.69756      
1017    20.2985       5.69878      
1018    10.227        5.69981      
1019    8.7877        5.70539      
1020    3.37019       5.70925      
1021    1.87699       5.71233      
1022    16.1593       5.71608      
1023    96.7008       5.72423      
1024    6.48842       5.72516      
1025    8.31691       5.72707      
1026    13.4241       5.73551      
1027    10.6253       5.73608      
1028    31.0211       5.74243      
1029    7.20705       5.74404      
1030    3.24966       5.74436      
1031    2.33922       5.74748      
1032    3.94595       5.75289      
1033    18.153        5.76365      
1034    17.4923       5.77478      
1035    3.95785       5.78062      
1036    2.76705       5.78315      
1037    8.11492       5.78527      
1038    33.3191       5.78931      
1039    26.8327       5.79158      
1040    13.1055       5.79291      
1041    1.59365       5.79559      
1042    35.2394       5.80116      
1043    6.98284       5.81594      
1044    10.3453       5.82614      
1045    37.4954       5.83014      
1046    5.10639       5.83056      
1047    17.5191       5.83901      
1048    18.0025       5.84672      
1049    3.69357       5.84731      
1050    2.60511       5.84907      
1051    4.81139       5.85055      
1052    4.09846       5.85111      
1053    8.33992       5.85169      
1054    4.92588       5.85473      
1055    21.8543       5.85772      
1056    9.22931       5.85964      
1057    20.4482       5.85968      
1058    46.9994       5.86767      
1059    152.236       5.88251      
1060    0.428366      5.8836       
1061    19.4499       5.89125      
1062    17.0736       5.90195      
1063    11.3447       5.91764      
1064    36.4643       5.92571      
1065    7.89584       5.928        
1066    16.7218       5.92958      
1067    13.2615       5.92996      
1068    25.5913       5.93018      
1069    4.88181       5.93073      
1070    5.82182       5.93366      
1071    2.32163       5.9367       
1072    4.65982       5.9453       
1073    11.9628       5.94549      
1074    0.666574      5.95238      
1075    8.04937       5.95254      
1076    4.30902       5.96275      
1077    4.19779       5.96493      
1078    33.6901       5.96573      
1079    0.751753      5.96653      
1080    8.85665       5.97401      
1081    12.0781       5.97814      
1082    5.65669       5.97827      
1083    8.60732       5.97959      
1084    26.0009       6.00434      
1085    6.72473       6.01147      
1086    19.2276       6.01387      
1087    7.9853        6.03571      
1088    19.9571       6.03797      
1089    14.6526       6.04274      
1090    12.0457       6.04464      
1091    9.50743       6.04603      
1092    15.1062       6.04709      
1093    4.066         6.04913      
1094    9.40091       6.05503      
1095    2.5212        6.058        
1096    11.5099       6.05824      
1097    21.2147       6.07584      
1098    5.80525       6.07605      
1099    9.60799       6.08217      
1100    22.3469       6.08575      
1101    12.8011       6.0861       
1102    21.2224       6.09541      
1103    11.4255       6.12101      
1104    11.3412       6.12187      
1105    14.0096       6.12957      
1106    4.27293       6.13389      
1107    4.27355       6.1339       
1108    0.704996      6.14467      
1109    8.10741       6.14487      
1110    0.4828        6.14497      
1111    8.82527       6.15066      
1112    16.6199       6.15158      
1113    32.2898       6.15459      
1114    16.7295       6.16038      
1115    7.76447       6.1701       
1116    3.01635       6.17066      
1117    0.222201      6.17068      
1118    3.97495       6.17592      
1119    2.31015       6.17727      
1120    7.84953       6.17805      
1121    12.9537       6.18431      
1122    15.2775       6.18442      
1123    15.2582       6.18454      
1124    0.818478      6.18609      
1125    7.58901       6.19215      
1126    3.52346       6.19752      
1127    17.0357       6.19779      
1128    12.498        6.23371      
1129    16.5633       6.23547      
1130    0.280744      6.23562      
1131    12.0209       6.23704      
1132    12.8264       6.23811      
1133    1.87761       6.23849      
1134    1.95725       6.23885      
1135    13.6712       6.24008      
1136    15.5829       6.24298      
1137    25.1501       6.24922      
1138    3.18525       6.24989      
