0       1.79651       0.0          
1       1.82863       1.18421e-05  
2       4.8676        0.00906432   
3       13.3824       0.00951215   
4       6.76843       0.0172436    
5       0.453048      0.0172624    
6       3.93954       0.0188685    
7       4.83197       0.0196559    
8       6.02413       0.0206039    
9       5.56105       0.0220398    
10      1.97127       0.0221643    
11      9.17808       0.0242277    
12      1.07049       0.0243991    
13      10.3349       0.0245823    
14      0.791092      0.0250239    
15      4.73994       0.0313227    
16      4.72028       0.0313345    
17      14.9728       0.0716022    
18      3.77942       0.0724388    
19      10.6405       0.0735476    
20      8.58561       0.0742224    
21      1.35045       0.0742787    
22      21.0169       0.0897657    
23      0.743329      0.0961787    
24      3.04006       0.0967325    
25      3.05224       0.0967992    
26      12.267        0.0968232    
27      18.124        0.0977458    
28      31.1926       0.105795     
29      15.1121       0.115716     
30      0.37733       0.115844     
31      3.6314        0.117018     
32      22.1401       0.118466     
33      13.5645       0.119213     
34      16.2992       0.121846     
35      14.5731       0.13403      
36      10.0124       0.134701     
37      12.0653       0.138217     
38      36.2942       0.139023     
39      6.07242       0.144448     
40      3.67992       0.144654     
41      3.83932       0.14511      
42      17.4184       0.150487     
43      8.91863       0.155005     
44      10.8633       0.157155     
45      6.2685        0.157329     
46      9.78608       0.157824     
47      3.23916       0.165818     
48      12.2599       0.165915     
49      3.06145       0.166786     
50      13.1365       0.168017     
51      0.629021      0.177474     
52      33.8042       0.177688     
53      0.892819      0.178218     
54      8.36149       0.186139     
55      11.0121       0.194253     
56      1.53685       0.195195     
57      9.25288       0.195569     
58      0.864827      0.196191     
59      2.46205       0.196467     
60      2.72347       0.197324     
61      7.62753       0.198899     
62      17.4724       0.202112     
63      23.9585       0.202407     
64      1.90041       0.205971     
65      26.2305       0.205993     
66      2.33699       0.206983     
67      30.0497       0.243661     
68      8.36619       0.259706     
69      4.04752       0.265017     
70      30.4431       0.266838     
71      9.22819       0.267515     
72      11.6203       0.26884      
73      5.49717       0.281321     
74      14.2615       0.281914     
75      5.50855       0.283684     
76      12.0937       0.294335     
77      6.72993       0.302051     
78      27.3665       0.302058     
79      17.214        0.303751     
80      4.26851       0.307729     
81      21.7317       0.312135     
82      28.7816       0.314314     
83      16.4712       0.314832     
84      31.5007       0.325364     
85      41.9072       0.325566     
86      26.8572       0.327431     
87      34.0601       0.334706     
88      21.0792       0.337434     
89      2.54431       0.33933      
90      13.1142       0.345098     
91      3.29306       0.345147     
92      14.2964       0.352294     
93      30.9743       0.352606     
94      2.75381       0.359054     
95      2.64785       0.361183     
96      40.9445       0.361756     
97      17.4041       0.365035     
98      5.99795       0.370867     
99      0.770369      0.375511     
100     9.69456       0.375956     
101     2.5233        0.37597      
102     23.1971       0.38471      
103     13.0741       0.389258     
104     6.58503       0.391452     
105     0.415932      0.393465     
106     0.348614      0.393968     
107     178.517       0.395113     
108     6.8616        0.396553     
109     11.9092       0.401687     
110     107.681       0.409298     
111     46.781        0.411406     
112     56.6505       0.422625     
113     22.2957       0.424071     
114     8.47083       0.428265     
115     27.6597       0.430456     
116     7.01463       0.433353     
117     11.3084       0.437359     
118     9.45829       0.441773     
119     9.62839       0.443862     
120     3.90986       0.44787      
121     16.1254       0.455357     
122     11.1325       0.464994     
123     4.66219       0.470084     
124     2.33756       0.472244     
125     40.8557       0.475153     
126     9.01536       0.47631      
127     33.2113       0.480065     
128     25.2873       0.494656     
129     30.1825       0.498204     
130     5.69053       0.504427     
131     18.6609       0.512268     
132     12.6363       0.515202     
133     40.7101       0.515748     
134     4.51379       0.525231     
135     8.58102       0.528297     
136     0.390408      0.530851     
137     25.3007       0.531031     
138     8.25549       0.532375     
139     6.05007       0.536495     
140     19.2201       0.537224     
141     6.46867       0.539262     
142     3.9057        0.540938     
143     0.547053      0.541476     
144     18.3384       0.541826     
145     0.350774      0.541943     
146     3.37036       0.543083     
147     3.24649       0.543675     
148     5.6966        0.543851     
149     9.07425       0.54521      
150     4.04698       0.548691     
151     11.4434       0.562518     
152     24.1459       0.562859     
153     9.9668        0.569558     
154     99.9677       0.573863     
155     15.9991       0.57395      
156     0.736112      0.57648      
157     8.3654        0.57929      
158     5.67861       0.581307     
159     10.6782       0.581636     
160     3.78111       0.582154     
161     11.2814       0.585931     
162     30.9831       0.593528     
163     5.79961       0.593689     
164     12.6819       0.5999       
165     40.098        0.601109     
166     0.128413      0.601141     
167     0.691372      0.602125     
168     0.761545      0.602435     
169     3.1744        0.603026     
170     5.06656       0.604998     
171     5.53803       0.611623     
172     6.89247       0.612512     
173     10.7829       0.624401     
174     9.94137       0.634148     
175     5.94          0.640215     
176     9.10145       0.64129      
177     2.72247       0.642046     
178     2.80843       0.642901     
179     9.14487       0.64327      
180     19.2537       0.647046     
181     12.503        0.658377     
182     10.3404       0.658614     
183     16.8047       0.660825     
184     29.7954       0.675551     
185     13.4658       0.68221      
186     8.83376       0.68339      
187     4.0547        0.683675     
188     4.63463       0.685049     
189     15.8168       0.692958     
190     9.97453       0.704554     
191     16.5589       0.707709     
192     3.74394       0.707811     
193     8.54071       0.712057     
194     12.0872       0.713453     
195     45.1028       0.733107     
196     22.4116       0.737341     
197     12.4025       0.737365     
198     64.6296       0.737508     
199     2.17581       0.741896     
200     4.62469       0.747239     
201     6.66452       0.752135     
202     4.42683       0.771168     
203     4.22997       0.771458     
204     5.72852       0.772862     
205     7.34373       0.774323     
206     3.6013        0.774445     
207     10.4242       0.775353     
208     7.69624       0.777233     
209     8.81473       0.78175      
210     9.51035       0.786591     
211     24.8089       0.799041     
212     10.5353       0.801636     
213     5.13621       0.811463     
214     19.1172       0.811973     
215     8.11723       0.812807     
216     6.10742       0.812952     
217     4.45534       0.818413     
218     0.3137        0.818431     
219     3.95265       0.819246     
220     1.86137       0.820013     
221     5.91343       0.820278     
222     2.25765       0.820762     
223     4.34271       0.82219      
224     11.5736       0.843526     
225     8.79472       0.848787     
226     4.35746       0.854029     
227     11.3126       0.862919     
228     7.36184       0.868678     
229     1.86112       0.874282     
230     5.53259       0.876023     
231     0.832405      0.878231     
232     3.43592       0.882607     
233     14.2539       0.885492     
234     57.3285       0.886622     
235     83.6081       0.888144     
236     178.693       0.888169     
237     21.2396       0.898747     
238     51.1051       0.90093      
239     0.405638      0.901783     
240     2.20268       0.912158     
241     3.33229       0.915667     
242     17.8924       0.924391     
243     52.6752       0.924716     
244     93.3231       0.925302     
245     19.0917       0.925377     
246     10.1696       0.933092     
247     128.104       0.937148     
248     0.332743      0.938041     
249     2.12645       0.939422     
250     1.39821       0.940441     
251     2.1584        0.944482     
252     10.8209       0.94909      
253     65.8862       0.9504       
254     13.6401       0.952023     
255     14.5051       0.954618     
256     6.67779       0.955581     
257     2.01386       0.959467     
258     10.2828       0.963594     
259     5.99456       0.965011     
260     26.5673       0.976562     
261     7.30767       0.976982     
262     5.94116       0.991136     
263     2.44855       0.997829     
264     20.5436       1.00068      
265     25.1798       1.00302      
266     10.7388       1.00461      
267     8.58498       1.01452      
268     23.3552       1.03617      
269     3.58656       1.04345      
270     4.2224        1.04658      
271     19.8169       1.04672      
272     5.31036       1.04916      
273     2.95906       1.05588      
274     22.2096       1.05894      
275     12.5304       1.05951      
276     13.4885       1.05982      
277     5.33475       1.06615      
278     21.7553       1.0727       
279     18.3751       1.07842      
280     4.51767       1.09024      
281     2.93532       1.09636      
282     9.39877       1.10121      
283     19.0232       1.10949      
284     419.059       1.1135       
285     45.0461       1.12313      
286     23.6334       1.12749      
287     10.052        1.14084      
288     31.9993       1.15184      
289     47.4672       1.15378      
290     16.8094       1.15555      
291     7.3271        1.16399      
292     3.45287       1.16864      
293     3.50961       1.17123      
294     6.62348       1.17798      
295     156.009       1.18562      
296     33.6336       1.18583      
297     10.0643       1.18599      
298     5.49419       1.19211      
299     163.744       1.19997      
300     8.46348       1.20211      
301     1.94027       1.20921      
302     14.6976       1.22074      
303     5.32615       1.22613      
304     8.32924       1.23247      
305     13.8578       1.23295      
306     2.29836       1.2377       
307     5.57394       1.24129      
308     14.3304       1.24677      
309     1.52306       1.24684      
310     7.0377        1.25114      
311     1.68546       1.25363      
312     18.1598       1.25907      
313     48.8011       1.26011      
314     49.2513       1.26669      
315     34.748        1.26724      
316     68.0279       1.26778      
317     18.1465       1.27148      
318     6.12179       1.27868      
319     4.18571       1.28305      
320     82.62         1.29123      
321     17.1597       1.2922       
322     197.294       1.294        
323     9.66142       1.29463      
324     4.40231       1.29899      
325     17.4233       1.29987      
326     2.41108       1.30275      
327     26.2079       1.30563      
328     9.45107       1.30742      
329     5.28666       1.31017      
330     1.93163       1.31437      
331     74.8607       1.32443      
332     29.8518       1.32967      
333     5.12191       1.34828      
334     7.05718       1.35118      
335     10.3203       1.35697      
336     9.728         1.36235      
337     16.046        1.37748      
338     17.7977       1.3838       
339     6.45998       1.38381      
340     10.4326       1.40098      
341     23.2179       1.40246      
342     17.2444       1.41904      
343     10.0529       1.41924      
344     5.58818       1.42898      
345     2.37035       1.43214      
346     4.61726       1.43259      
347     6.2304        1.43426      
348     8.85065       1.43529      
349     2.01679       1.43533      
350     4.5126        1.43628      
351     3.11209       1.4365       
352     11.4969       1.43711      
353     0.477379      1.43731      
354     5.11773       1.43785      
355     9.32533       1.43925      
356     6.0244        1.43986      
357     2.83267       1.44188      
358     2.9389        1.44472      
359     11.223        1.44626      
360     25.1582       1.4539       
361     19.4311       1.47515      
362     33.8076       1.47651      
363     11.5186       1.49724      
364     19.1507       1.50896      
365     5.2995        1.50972      
366     5.92362       1.51971      
367     15.9659       1.52045      
368     101.241       1.54078      
369     36.3751       1.54119      
370     38.4191       1.54366      
371     2.93907       1.56087      
372     9.10247       1.56528      
373     10.0013       1.56574      
374     37.8587       1.57055      
375     42.4511       1.5712       
376     26.2999       1.57171      
377     15.4649       1.57269      
378     24.8893       1.57439      
379     4.99616       1.57489      
380     5.10576       1.57962      
381     7.75711       1.5854       
382     3.09354       1.5861       
383     34.0749       1.58728      
384     39.9453       1.59919      
385     19.6973       1.59934      
386     6.44523       1.61089      
387     11.3978       1.61863      
388     14.0882       1.62994      
389     11.9133       1.63956      
390     0.447823      1.63967      
391     5.60117       1.64057      
392     4.69037       1.64158      
393     11.596        1.65109      
394     19.6973       1.65339      
395     14.8638       1.6606       
396     10.204        1.66462      
397     10.1918       1.66477      
398     7.80613       1.66766      
399     8.35601       1.6755       
400     2.02928       1.67828      
401     20.0655       1.67975      
402     19.5027       1.6809       
403     6.23402       1.68707      
404     7.21518       1.70086      
405     3.82725       1.7053       
406     11.0146       1.71059      
407     58.561        1.71418      
408     16.1235       1.71606      
409     25.9657       1.71755      
410     0.590655      1.71842      
411     2.03548       1.72072      
412     7.09859       1.72637      
413     7.07778       1.73529      
414     11.2807       1.73968      
415     10.4601       1.7401       
416     19.3325       1.74104      
417     0.856092      1.74191      
418     12.7916       1.75309      
419     10.0674       1.75492      
420     0.964223      1.75796      
421     12.0519       1.75983      
422     18.5667       1.7605       
423     18.6094       1.76143      
424     38.1416       1.7625       
425     12.1085       1.76415      
426     9.62436       1.76576      
427     3.16823       1.76848      
428     2.87984       1.7703       
429     4.21529       1.77465      
430     3.51633       1.77594      
431     6.64035       1.77902      
432     43.8509       1.78956      
433     34.6845       1.78961      
434     3.09622       1.79356      
435     7.68031       1.81399      
436     14.0039       1.81671      
437     53.2634       1.81849      
438     16.4069       1.82143      
439     11.0937       1.82574      
440     178.372       1.82681      
441     143.509       1.83361      
442     55.0291       1.83593      
443     11.04         1.83703      
444     4.00994       1.8485       
445     3.9646        1.85128      
446     14.0671       1.8561       
447     3.64792       1.85681      
448     9.76244       1.86118      
449     6.2168        1.87009      
450     28.8063       1.87595      
451     11.124        1.88108      
452     11.6207       1.88805      
453     7.78567       1.89073      
454     5.45497       1.89699      
455     5.35309       1.90065      
456     4.30044       1.90459      
457     28.9289       1.90956      
458     12.1404       1.90958      
459     7.78394       1.91829      
460     6.8805        1.92086      
461     14.5352       1.92874      
462     7.39999       1.93474      
463     202.692       1.93676      
464     11.0581       1.94251      
465     55.7862       1.94994      
466     6.66834       1.95878      
467     13.9285       1.96894      
468     6.78809       1.97511      
469     3.49512       1.97662      
470     2.3165        1.98012      
471     10.6876       1.98017      
472     31.1423       1.98235      
473     10.2326       1.99157      
474     12.1815       1.99247      
475     35.407        1.99324      
476     14.5699       1.99795      
477     0.400709      1.99817      
478     2.16624       2.00717      
479     14.8663       2.00791      
480     9.25709       2.01453      
481     26.8437       2.0163       
482     0.152816      2.01637      
483     3.63314       2.0261       
484     1.56002       2.03199      
485     20.2817       2.03591      
486     24.3157       2.03627      
487     9.72462       2.03664      
488     1.6085        2.04136      
489     3.85361       2.04702      
490     1.91923       2.05137      
491     20.4854       2.05469      
492     10.3187       2.05558      
493     16.6873       2.05668      
494     36.3372       2.05673      
495     0.468209      2.06727      
496     0.452586      2.06812      
497     0.434107      2.06905      
498     1126.39       2.07999      
499     18.7598       2.08004      
500     50.2095       2.08263      
501     15.6016       2.08854      
502     4.94878       2.09779      
503     2.96991       2.10345      
504     7.82296       2.10634      
505     15.8618       2.11453      
506     6.79877       2.12168      
507     403.11        2.1393       
508     51.8251       2.14033      
509     114.094       2.1406       
510     30.7283       2.15854      
511     35.4899       2.16459      
512     30.3973       2.1754       
513     0.425658      2.17607      
514     1.90634       2.18539      
515     10.9781       2.19068      
516     13.5689       2.20439      
517     45.9422       2.21093      
518     8.9283        2.21682      
519     10.2121       2.23016      
520     567.507       2.23347      
521     30.0325       2.24044      
522     10.2467       2.25097      
523     18.8166       2.26704      
524     163.513       2.27192      
525     631.9         2.30771      
526     18.9327       2.31047      
527     36.6468       2.31128      
528     116.03        2.32045      
529     71.5955       2.32271      
530     55.1158       2.33431      
531     71.5744       2.33722      
532     59.0539       2.33879      
533     21.1293       2.34168      
534     4.4917        2.35477      
535     4.41049       2.35918      
536     0.352056      2.35923      
537     2.04415       2.36178      
538     8.15602       2.36197      
539     20.3748       2.36383      
540     12.2128       2.36705      
541     5.97085       2.37244      
542     4.12723       2.3753       
543     7.59051       2.38066      
544     7.76424       2.38835      
545     8.43074       2.39405      
546     2.79992       2.39745      
547     4.2612        2.39903      
548     21.2148       2.40516      
549     3.32991       2.41237      
550     4.81893       2.4169       
551     65.3709       2.41822      
552     25.9516       2.41954      
553     3.48771       2.42212      
554     6.02634       2.42331      
555     1.71455       2.42463      
556     6.02098       2.42825      
557     8.79867       2.43409      
558     15.6526       2.44204      
559     8.90921       2.45437      
560     13.6367       2.4579       
561     10.2793       2.45946      
562     37.9231       2.46749      
563     14.197        2.46771      
564     5.1839        2.47934      
565     4.2695        2.4835       
566     59.6262       2.49281      
567     25.4303       2.49298      
568     26.6769       2.49747      
569     42.2688       2.49771      
570     17.3377       2.50805      
571     4.58335       2.51581      
572     6.00326       2.5219       
573     8.32049       2.52895      
574     24.9445       2.53149      
575     78.756        2.53615      
576     4.73507       2.54628      
577     46.8651       2.54878      
578     14.5033       2.54939      
579     5.87088       2.55646      
580     27.035        2.56472      
581     11.3799       2.57645      
582     96.4122       2.57978      
583     18.4405       2.58164      
584     5.03835       2.58719      
585     3.50324       2.58838      
586     5.21783       2.59096      
587     13.3775       2.59386      
588     7.36027       2.60057      
589     10.2535       2.6024       
590     10.6601       2.60987      
591     13.8547       2.6099       
592     23.1278       2.61123      
593     8.32067       2.62223      
594     6.70559       2.62936      
595     26.8632       2.63528      
596     8.65273       2.63583      
597     4.06801       2.63909      
598     8.30825       2.64656      
599     13.6305       2.64778      
600     13.7466       2.65417      
601     8.64254       2.66384      
602     20.9526       2.66976      
603     18.1904       2.67053      
604     31.955        2.67836      
605     15.8113       2.68465      
606     53.9797       2.68467      
607     27.0424       2.68955      
608     158.481       2.69342      
609     6.11714       2.6972       
610     20.7119       2.70498      
611     8.75892       2.7073       
612     92.0885       2.71146      
613     4.35031       2.7128       
614     4.36969       2.713        
615     8.41597       2.72243      
616     15.1494       2.72677      
617     4.58722       2.73234      
618     16.1307       2.74001      
619     48.7667       2.75805      
620     75.8685       2.76097      
621     32.9658       2.76292      
622     11.2277       2.76491      
623     3.72436       2.77288      
624     5.96301       2.77642      
625     5.29868       2.78132      
626     3.74445       2.7854       
627     2.78466       2.78778      
628     26.3539       2.78859      
629     2.75763       2.78926      
630     6.29313       2.79313      
631     4.84638       2.79371      
632     7.86746       2.79457      
633     4.67697       2.80146      
634     38.9115       2.80663      
635     18.2603       2.81635      
636     6.6083        2.82509      
637     0.761762      2.83101      
638     113.271       2.83545      
639     34.5907       2.83708      
640     50.1916       2.83808      
641     16.3713       2.84556      
642     23.8131       2.84621      
643     36.2254       2.85313      
644     20.5926       2.8538       
645     16.078        2.85591      
646     3.86597       2.86657      
647     9.35766       2.87025      
648     5.03492       2.87384      
649     13.5484       2.87581      
650     11.737        2.88087      
651     11.6042       2.88422      
652     3.96838       2.88724      
653     8.6238        2.8931       
654     4.30521       2.89677      
655     16.131        2.89689      
656     8.83012       2.89854      
657     12.1751       2.9005       
658     24.3196       2.9075       
659     10.7848       2.91134      
660     26.7246       2.91348      
661     4.13269       2.91447      
662     4.77964       2.9185       
663     10.8212       2.92695      
664     13.1787       2.93154      
665     9.38241       2.93718      
666     13.0577       2.94748      
667     43.8514       2.96055      
668     24.7074       2.96136      
669     11.9533       2.96691      
670     38.7338       2.99368      
671     73.2437       2.99418      
672     35.7025       2.99636      
673     626.786       2.99861      
674     19.3754       2.99916      
675     30.5512       3.01095      
676     42.984        3.01261      
677     365.949       3.01619      
678     31.6726       3.03377      
679     18.0332       3.03438      
680     8.87459       3.04679      
681     8.76454       3.05388      
682     12.9519       3.06001      
683     13.9456       3.06808      
684     2.58133       3.07355      
685     17.014        3.08026      
686     72.8632       3.08564      
687     16.48         3.08934      
688     34.7287       3.10217      
689     55.3122       3.10315      
690     19.9864       3.11761      
691     61.9613       3.11842      
692     2.73592       3.12831      
693     11.2147       3.13577      
694     4.06078       3.14037      
695     7.13944       3.14275      
696     2.59447       3.14543      
697     4.88623       3.14733      
698     17.9358       3.15422      
699     24.075        3.16065      
700     204.822       3.16255      
701     0.345004      3.16442      
702     107.143       3.17436      
703     34.1513       3.17704      
704     21.4328       3.17975      
705     16.2605       3.19582      
706     22.861        3.20052      
707     19.9573       3.20547      
708     11.0056       3.21356      
709     35.5672       3.22518      
710     19.7732       3.23508      
711     6.11305       3.24069      
712     7.5741        3.24501      
713     6.87237       3.24808      
714     6.17383       3.25277      
715     6.14598       3.25598      
716     15.6717       3.26073      
717     12.8701       3.26583      
718     16.3347       3.27652      
719     24.6902       3.28485      
720     10.9771       3.2907       
721     11.692        3.29774      
722     18.2201       3.30694      
723     6.03728       3.31346      
724     20.9094       3.32686      
725     2.86001       3.33384      
726     18.7252       3.34028      
727     22.0331       3.3518       
728     44.5716       3.36458      
729     107.877       3.36604      
730     264.629       3.36794      
731     110.691       3.37028      
732     40.1576       3.37053      
733     64.7019       3.371        
734     56.356        3.37192      
735     55.1878       3.37283      
736     92.2436       3.3734       
737     28.0588       3.38223      
738     6.30024       3.41697      
739     7.94605       3.42119      
740     2.01267       3.42164      
741     2.86622       3.42171      
742     4.1243        3.42653      
743     29.6823       3.43439      
744     24.6019       3.44616      
745     58.7634       3.44783      
746     50.3981       3.45733      
747     9.82386       3.46692      
748     12.5651       3.48203      
749     6.4097        3.48515      
750     9.65278       3.49677      
751     30.924        3.49962      
752     29.8675       3.50366      
753     6.44022       3.50963      
754     11.7611       3.51853      
755     14.0475       3.52251      
756     10.488        3.53431      
757     20.3532       3.54328      
758     33.9847       3.55655      
759     71.4395       3.55713      
760     38.5421       3.57173      
761     35.9623       3.59225      
762     19.0354       3.59277      
763     25.0055       3.59778      
764     2.23434       3.59961      
765     26.4314       3.614        
766     16.1099       3.61562      
767     182.971       3.62015      
768     7.58875       3.62391      
769     78.6459       3.62495      
770     89.9705       3.62641      
771     7.32528       3.63751      
772     48.5936       3.65726      
773     60.6455       3.65918      
774     4.54878       3.66165      
775     6.76071       3.67062      
776     7.52534       3.6812       
777     14.8129       3.69118      
778     4.13911       3.69309      
779     23.7462       3.69811      
780     16.0345       3.69895      
781     1.63153       3.70943      
782     57.1096       3.71089      
783     18.0543       3.71801      
784     18.0326       3.72013      
785     113.095       3.72047      
786     2.4591        3.72892      
787     10.7062       3.73776      
788     22.3729       3.74141      
789     17.5587       3.74552      
790     13.4287       3.75534      
791     7.64864       3.75909      
792     6.09008       3.76542      
793     10.1572       3.76921      
794     4.85148       3.77406      
795     19.82         3.77412      
796     15.1298       3.77874      
797     12.4553       3.78481      
798     4.27347       3.79409      
799     3.9091        3.79524      
800     7.20611       3.79534      
801     10.6456       3.79878      
802     2.26586       3.79958      
803     16.9911       3.80028      
804     10.905        3.80586      
805     20.8934       3.81197      
806     8.04676       3.81306      
807     36.0788       3.81672      
808     13.0462       3.8211       
809     12.2969       3.83237      
810     6.54774       3.83782      
811     8.08409       3.84154      
812     6.6349        3.84674      
813     94.0821       3.85454      
814     44.6377       3.85669      
815     264.248       3.85853      
816     6.59887       3.86984      
817     31.8658       3.87574      
818     57.4096       3.87756      
819     119.01        3.88036      
820     23.6692       3.89215      
821     18.0622       3.89234      
822     1.33742       3.89556      
823     17.6121       3.90562      
824     95.9238       3.90565      
825     6.80262       3.91502      
826     9.77428       3.92127      
827     27.3561       3.92426      
828     23.7017       3.9331       
829     23.5402       3.9363       
830     5.57111       3.94251      
831     6.36126       3.94655      
832     7.35282       3.95135      
833     36.8878       3.96099      
834     28.6118       3.97876      
835     33.1833       3.9791       
836     111.39        3.98498      
837     10.5518       3.99228      
838     11.6019       4.00118      
839     7.34077       4.00742      
840     4.01681       4.01096      
841     7.95865       4.01275      
842     3.7398        4.01439      
843     29.5065       4.01572      
844     22.2154       4.01818      
845     4.41895       4.02754      
846     20.3865       4.02848      
847     14.121        4.02875      
848     4.66572       4.03371      
849     9.05765       4.03546      
850     8.99948       4.04274      
851     9.06284       4.04835      
852     338.349       4.05382      
853     13.3086       4.05592      
854     35.5617       4.05904      
855     190.559       4.05998      
856     20.5369       4.06298      
857     90.1354       4.06317      
858     5.34726       4.07219      
859     6.95296       4.07726      
860     14.4419       4.08418      
861     10.2429       4.09193      
862     1.2721        4.09508      
863     22.8888       4.09525      
864     3.49357       4.0972       
865     35.2267       4.10541      
866     23.466        4.11229      
867     0.655683      4.11438      
868     22.1747       4.11535      
869     18.7265       4.11937      
870     26.4302       4.12052      
871     2.69778       4.12207      
872     7.89644       4.13823      
873     10.7027       4.13841      
874     4.61628       4.13849      
875     6.54857       4.15224      
876     5.82703       4.15254      
877     7.97003       4.1528       
878     48.3602       4.16456      
879     26.9311       4.16546      
880     36.1896       4.16898      
881     38.0903       4.16961      
882     72.4142       4.1719       
883     9.58807       4.18663      
884     8.63238       4.19602      
885     4.83517       4.19986      
886     8.50351       4.20403      
887     160.754       4.20651      
888     3.34964       4.20759      
889     15.6736       4.21551      
890     8.25902       4.21881      
891     248.322       4.22638      
892     34.027        4.23009      
893     65.696        4.23192      
894     4.44415       4.2346       
895     49.5734       4.24342      
896     28.5762       4.2468       
897     313.723       4.25097      
898     40.7357       4.25488      
899     27.8028       4.2553       
900     5.45516       4.26052      
901     0.729414      4.26325      
902     2.65452       4.26452      
903     11.5605       4.26976      
904     16.4319       4.27276      
905     12.2546       4.29094      
906     1.81632       4.29643      
907     17.1278       4.30282      
908     19.4868       4.30958      
909     8.46329       4.31091      
910     22.218        4.31328      
911     34.2211       4.31512      
912     60.3628       4.31558      
913     38.371        4.31624      
914     61.4105       4.31698      
915     43.587        4.31874      
916     76.3854       4.31889      
917     7.11807       4.3192       
918     9.67316       4.32642      
919     4.77462       4.33288      
920     5.03278       4.33666      
921     2.34099       4.33902      
922     4.06858       4.3413       
923     8.04995       4.34475      
924     1.7324        4.34954      
925     26.4288       4.35761      
926     328.195       4.36802      
927     36.3584       4.37417      
928     67.5182       4.37451      
929     67.4938       4.37533      
930     107.222       4.37596      
931     33.8565       4.38676      
932     31.1782       4.39441      
933     2.56505       4.39783      
934     2.49144       4.39967      
935     12.8585       4.39987      
936     3.43657       4.40204      
937     3.63686       4.40309      
938     5.8131        4.40626      
939     17.9561       4.41469      
940     9.27117       4.42348      
941     10.1508       4.42624      
942     5.75874       4.43468      
943     2.86932       4.438        
944     13.9642       4.44134      
945     6.86117       4.44788      
946     8.95055       4.45496      
947     25.5097       4.45697      
948     29.8651       4.4581       
949     20.5456       4.45915      
950     7.37222       4.46735      
951     25.157        4.4724       
952     14.5161       4.48051      
953     17.797        4.48071      
954     29.5671       4.48357      
955     4.55806       4.48784      
956     14.3397       4.4951       
957     16.1127       4.50081      
958     8.89033       4.50761      
959     9.09047       4.51122      
960     25.2841       4.52375      
961     12.0004       4.52842      
962     4.89098       4.53289      
963     5.72595       4.53293      
964     4.69          4.5381       
965     8.37616       4.53915      
966     14.3878       4.53985      
967     42.9339       4.54576      
968     0.313206      4.54586      
969     4.57919       4.54811      
970     20.9356       4.55364      
971     6.27734       4.55385      
972     6.14302       4.55872      
973     5.23955       4.56187      
974     7.40401       4.56608      
975     3.09135       4.56915      
976     36.3114       4.56999      
977     67.591        4.57837      
978     33.7868       4.58223      
979     25.8018       4.58883      
980     4.53314       4.59703      
981     5.66493       4.60152      
982     3.88927       4.60637      
983     8.49973       4.60644      
984     7.96695       4.61134      
985     15.0203       4.61328      
986     3.65411       4.6141       
987     2.73925       4.61516      
988     7.01881       4.61831      
989     7.28112       4.63553      
990     7.90804       4.64126      
991     31.388        4.64315      
992     13.3968       4.65512      
993     8.41592       4.66222      
994     2.42081       4.66466      
995     0.17231       4.66671      
996     55.0059       4.66686      
997     0.192646      4.66954      
998     39.0311       4.66977      
999     50.5063       4.67206      
1000    0.66911       4.67402      
1001    3.9755        4.67628      
1002    31.4753       4.68019      
1003    28.7084       4.68258      
1004    19.2765       4.68405      
1005    3.33714       4.69256      
1006    8.05378       4.70003      
1007    26.9236       4.71609      
1008    11.7686       4.71658      
1009    6.67257       4.71681      
1010    8.81517       4.71768      
1011    9.83145       4.7179       
1012    11.7043       4.72613      
1013    14.5865       4.7411       
1014    12.4954       4.75234      
1015    4.64292       4.76061      
1016    0.51733       4.76552      
1017    45.5683       4.76581      
1018    0.773409      4.76658      
1019    12.3593       4.77836      
1020    8.73286       4.77911      
1021    15.6569       4.78036      
1022    18.0423       4.78412      
1023    43.8657       4.79132      
1024    64.6604       4.79285      
1025    43.1349       4.79727      
1026    25.7875       4.80164      
1027    84.4264       4.80802      
1028    32.5503       4.80835      
1029    17.1371       4.81946      
1030    20.4142       4.82026      
1031    5.59895       4.83409      
1032    17.2718       4.8349       
1033    5.62857       4.83934      
1034    16.432        4.83942      
1035    6.45074       4.84313      
1036    10.9207       4.86607      
1037    7.89532       4.88113      
1038    71.2826       4.88821      
1039    67.7818       4.89226      
1040    17.2922       4.89399      
1041    13.7343       4.90774      
1042    0.951796      4.9144       
1043    12.4544       4.91534      
1044    14.6446       4.91564      
1045    6.77679       4.92664      
1046    6.63172       4.9272       
1047    5.66995       4.92765      
1048    8.72772       4.93143      
1049    31.8837       4.9379       
1050    20.943        4.93865      
1051    11.6391       4.95102      
1052    5.67671       4.96493      
1053    1.73595       4.96785      
1054    6.09164       4.96964      
1055    33.1034       4.96975      
1056    21.0709       4.97325      
1057    1.1576        4.97856      
1058    4.28282       4.97897      
1059    54.5404       4.98318      
1060    118.884       4.98693      
1061    57.1137       4.98711      
1062    0.673672      4.99161      
1063    7.16864       4.99634      
1064    6.36012       5.018        
1065    49.4942       5.01953      
1066    4.72939       5.02162      
1067    6.31324       5.03251      
1068    17.7372       5.03543      
1069    3.90973       5.0404       
1070    8.09146       5.04204      
1071    4.38749       5.04311      
1072    4.39923       5.04328      
1073    6.77154       5.04358      
1074    5.21419       5.04537      
1075    6.79853       5.05776      
1076    15.7226       5.05867      
1077    6.98525       5.06001      
1078    5.42579       5.08805      
1079    6.78385       5.08812      
1080    5.3416        5.09618      
1081    3.59264       5.09789      
1082    9.12272       5.10045      
1083    19.8993       5.10206      
1084    9.70734       5.10351      
1085    16.5272       5.10664      
1086    14.4787       5.10669      
1087    8.23807       5.10756      
1088    34.8279       5.10869      
1089    5.72127       5.11119      
1090    5.04569       5.11689      
1091    14.1865       5.12074      
1092    23.2499       5.12283      
1093    17.4667       5.12321      
1094    18.4645       5.1235       
1095    3.16549       5.13401      
1096    4.22544       5.13652      
1097    21.8349       5.1371       
1098    1.26858       5.13731      
1099    17.2424       5.13746      
1100    22.379        5.13893      
1101    4.13437       5.13913      
1102    1.58009       5.14052      
1103    1.01152       5.14115      
1104    8.92208       5.14223      
1105    2.07528       5.1434       
1106    3.14765       5.14554      
1107    13.6954       5.14617      
1108    4.65037       5.14716      
1109    4.46738       5.15266      
1110    5.69558       5.15508      
1111    6.13769       5.1574       
1112    7.29292       5.15797      
1113    8.38667       5.15826      
1114    20.1051       5.16085      
1115    9.22136       5.16598      
1116    8.31649       5.16721      
1117    1.27335       5.17653      
1118    4.99914       5.17672      
1119    10.8261       5.17769      
1120    14.2355       5.17781      
1121    6.26884       5.17855      
1122    26.1524       5.1879       
1123    8.24171       5.18932      
1124    26.631        5.21967      
1125    2.54819       5.21999      
1126    6.58789       5.22127      
1127    2.56411       5.2286       
1128    2.99353       5.23005      
1129    9.91811       5.23201      
1130    18.3134       5.23217      
1131    16.1229       5.23531      
1132    54.429        5.23671      
1133    2.52689       5.23885      
1134    1.74611       5.24311      
1135    10.266        5.24335      
1136    3.66277       5.2439       
1137    8.67447       5.24828      
1138    5.33891       5.25317      
1139    5.40757       5.25343      
1140    7.9713        5.27262      
1141    12.1744       5.27267      
1142    10.1904       5.27292      
1143    0.343604      5.29582      
1144    3.59195       5.29582      
1145    1.22246       5.30219      
1146    41.5266       5.30307      
1147    13.5178       5.31468      
1148    0.530009      5.3147       
1149    3.37111       5.31782      
1150    3.60976       5.31804      
1151    0.149417      5.31805      
1152    4.49078       5.39909      
1153    2.70036       5.39934      
1154    0.395588      5.40208      
1155    15.0941       5.40216      
1156    2.17108       5.40276      
1157    3.16543       5.4041       
1158    1.92574       5.40451      
1159    6.48839       5.40505      
1160    13.5616       5.40572      
1161    1.93721       5.40658      
1162    6.53241       5.40673      
1163    0.882327      5.4073       
1164    0.546584      5.40875      
1165    17.1642       5.40896      
1166    0.540055      5.40917      
1167    2.67126       5.4098       
1168    0.755695      5.41569      
1169    0.415226      5.41584      
1170    10.8927       5.41593      
1171    0.381648      5.41603      
1172    2.92077       5.41634      
1173    5.05811       5.42314      
1174    1.45985       5.42434      
1175    6.97296       5.42635      
1176    5.66859       5.42649      
1177    0.920154      5.42764      
1178    18.2356       5.42794      
1179    0.776896      5.42803      
1180    4.33467       5.42871      
1181    27.1875       5.42949      
1182    18.5454       5.42986      
1183    0.98041       5.43044      
1184    0.661345      5.43116      
1185    0.650198      5.43123      
1186    0.735238      5.43133      
1187    4.15058       5.43218      
1188    6.62786       5.4343       
1189    10.019        5.4408       
1190    0.539145      5.44083      
1191    1.54003       5.44989      
1192    4.95486       5.4505       
1193    11.0781       5.4514       
1194    0.325467      5.45143      
1195    5.0307        5.4548       
1196    5.0402        5.45483      
1197    4.93482       5.47554      
1198    6.73989       5.47719      
1199    12.5365       5.47864      
1200    25.1001       5.48012      
1201    10.2827       5.48225      
1202    12.4725       5.49158      
1203    16.0554       5.49321      
1204    0.217048      5.49597      
1205    39.1991       5.49612      
1206    1.06025       5.49624      
1207    35.3359       5.49966      
1208    38.755        5.50052      
1209    18.6807       5.50203      
1210    13.6847       5.51094      
1211    29.0676       5.51346      
1212    3.26811       5.5145       
1213    13.6438       5.52042      
1214    3.51394       5.52097      
1215    22.3635       5.52669      
1216    10.731        5.53862      
1217    12.0022       5.54788      
1218    8.35893       5.56303      
1219    6.86686       5.56563      
1220    6.45873       5.57039      
1221    3.76311       5.5747       
1222    13.5555       5.57766      
1223    43.5633       5.58504      
1224    19.8417       5.5851       
1225    21.9103       5.58532      
1226    0.83749       5.58795      
1227    1.68003       5.59         
1228    2.64192       5.59238      
1229    7.00514       5.59372      
1230    37.4571       5.59616      
1231    10.1582       5.59825      
1232    41.6015       5.59995      
1233    52.5873       5.60364      
1234    55.4946       5.61114      
1235    29.4661       5.61153      
1236    6.15045       5.61198      
1237    17.052        5.61769      
1238    5.97442       5.62589      
1239    10.8452       5.63743      
1240    3.50832       5.63758      
1241    3.73904       5.63906      
1242    25.2195       5.65435      
1243    2.32047       5.6593       
1244    0.233601      5.65931      
1245    2.95907       5.66113      
1246    3.93317       5.66481      
1247    1.02542       5.66722      
1248    11.3618       5.67027      
1249    27.312        5.67163      
1250    46.4485       5.67634      
1251    33.5423       5.67658      
1252    83.3784       5.67892      
1253    47.5866       5.67997      
1254    44.7059       5.68382      
1255    118.549       5.68451      
1256    17.4426       5.68473      
1257    0.531517      5.68809      
1258    0.613324      5.68898      
1259    0.63066       5.6892       
1260    0.66582       5.68965      
1261    7.09372       5.69099      
1262    8.5479        5.69286      
1263    7.71331       5.69844      
1264    6.32987       5.70408      
1265    2.71059       5.70638      
1266    8.00729       5.70954      
1267    35.7483       5.72835      
1268    0.159412      5.72835      
1269    30.585        5.73219      
1270    2.43949       5.73677      
1271    4.22522       5.73945      
1272    5.09042       5.74163      
1273    4.78391       5.74475      
1274    0.888048      5.74603      
1275    5.26191       5.74676      
1276    0.669701      5.74744      
1277    5.33198       5.74873      
1278    0.782833      5.74963      
1279    57.8326       5.74984      
1280    2.10088       5.75027      
1281    34.6475       5.75069      
1282    5.4992        5.75182      
1283    0.635431      5.7527       
1284    8.19495       5.75459      
1285    3.69804       5.75631      
1286    4.77081       5.75819      
1287    1.95505       5.75995      
1288    3.51593       5.7603       
1289    4.07625       5.76161      
1290    7.65372       5.76609      
1291    12.3307       5.76657      
1292    2.98278       5.77047      
1293    25.5936       5.77398      
1294    22.7388       5.7748       
1295    13.9069       5.7767       
1296    23.3586       5.77888      
1297    0.469638      5.77916      
1298    6.48658       5.79021      
1299    11.346        5.79276      
1300    8.61458       5.79294      
1301    1.74096       5.79394      
1302    2.13025       5.7959       
1303    8.67745       5.79768      
1304    32.3112       5.7983       
1305    0.265081      5.79845      
1306    0.478311      5.79872      
1307    0.640642      5.79908      
1308    1.93057       5.7994       
1309    0.992205      5.79997      
1310    1.4546        5.80092      
1311    4.54753       5.80103      
1312    1.97658       5.80381      
1313    11.0899       5.80389      
1314    1.97883       5.80503      
1315    5.19374       5.8059       
1316    2.68372       5.80604      
1317    3.44522       5.80716      
1318    0.281676      5.80717      
1319    5.30205       5.80913      
1320    6.68894       5.81454      
1321    2.31248       5.81587      
1322    22.047        5.81613      
1323    0.602548      5.81645      
1324    4.31511       5.81779      
1325    7.80763       5.82065      
1326    28.639        5.83519      
1327    8.04059       5.8392       
1328    3.37894       5.83943      
1329    4.87842       5.83955      
1330    6.52236       5.84233      
1331    18.6605       5.8435       
1332    2.6751        5.8471       
1333    9.9995        5.84766      
1334    5.68745       5.85776      
1335    17.5118       5.85861      
1336    0.398753      5.85873      
1337    3.44531       5.85934      
1338    3.32567       5.86877      
1339    6.94861       5.86886      
1340    10.7991       5.87163      
1341    2.43011       5.8717       
1342    2.86829       5.87212      
1343    0.137276      5.87213      
1344    8.11325       5.90192      
1345    0.200856      5.90194      
1346    7.94935       5.90275      
1347    26.5841       5.91406      
1348    4.63177       5.94452      
1349    6.95308       5.94507      
1350    1.83064       5.95631      
1351    1.82688       5.95632      
1352    35.8461       5.95966      
1353    12.5643       5.96078      
1354    10.4          5.96105      
1355    1.16929       5.97322      
1356    0.885038      5.97362      
1357    0.772609      5.97386      
1358    0.575838      5.97422      
1359    0.457817      5.97438      
1360    0.253179      5.97462      
1361    40.5384       5.97468      
1362    0.285295      5.97487      
1363    2.96068       5.97517      
1364    0.613629      5.97556      
1365    0.668664      5.97579      
1366    3.25447       5.97616      
1367    9.90216       5.99426      
1368    0.603263      5.99428      
1369    3.24959       6.00264      
1370    4.81103       6.0037       
1371    14.075        6.00419      
1372    7.20274       6.00791      
1373    4.47566       6.00793      
1374    7.29033       6.01271      
1375    9.58984       6.01379      
1376    4.35942       6.01476      
1377    1.538         6.0191       
1378    2.92409       6.01923      
1379    14.7129       6.0201       
1380    6.03696       6.02042      
1381    14.6005       6.02636      
1382    0.590586      6.02642      
1383    4.11118       6.03596      
1384    0.261383      6.03645      
1385    7.07181       6.03648      
1386    0.265477      6.03651      
1387    1.01093       6.03674      
1388    17.4226       6.04866      
1389    5.03775       6.06411      
1390    4.99524       6.06431      
1391    23.4237       6.06846      
1392    7.11557       6.08043      
1393    5.49677       6.08058      
1394    4.04707       6.08069      
1395    4.1528        6.0818       
1396    4.81988       6.08264      
1397    27.979        6.08352      
1398    2.3428        6.0843       
1399    5.61802       6.08725      
1400    4.32306       6.09133      
1401    5.70708       6.09142      
1402    7.775         6.09449      
1403    1.76889       6.09581      
1404    23.6969       6.09587      
1405    0.474527      6.09616      
1406    4.25661       6.09719      
1407    1.74939       6.09765      
1408    4.27257       6.099        
1409    5.22666       6.11563      
1410    1.0279        6.11877      
1411    0.699782      6.11989      
1412    0.623618      6.12018      
1413    0.559694      6.12074      
1414    120.891       6.12119      
1415    0.510395      6.12136      
1416    0.590692      6.12197      
1417    0.674135      6.12271      
1418    0.726031      6.12331      
1419    11.0166       6.12541      
1420    0.922436      6.1289       
1421    14.7971       6.13012      
1422    2.18271       6.13044      
1423    2.23004       6.13051      
1424    0.210495      6.13722      
1425    3.2369        6.13723      
1426    1.17945       6.13744      
1427    14.3302       6.14431      
1428    0.407603      6.14435      
1429    6.43409       6.14974      
1430    4.56101       6.1498       
1431    5.80679       6.15448      
1432    11.7756       6.15501      
1433    6.71426       6.16793      
1434    0.551045      6.16793      
1435    7.05775       6.18057      
1436    0.34164       6.18134      
1437    20.5319       6.18147      
1438    0.374424      6.1816       
1439    0.587461      6.18202      
1440    0.550115      6.1821       
1441    2.62739       6.18228      
1442    4.90444       6.21426      
1443    29.3224       6.21458      
1444    0.396752      6.21481      
1445    5.09979       6.22002      
1446    2.5692        6.22149      
1447    9.3747        6.2215       
1448    9.05828       6.22658      
1449    8.92391       6.22805      
1450    3.32592       6.23135      
1451    5.86999       6.23187      
1452    1.39345       6.23221      
1453    0.147479      6.23222      
1454    3.76736       6.24193      
1455    13.1429       6.24243      
1456    0.291987      6.24248      
1457    6.76239       6.2438       
1458    3.78483       6.25189      
1459    5.42863       6.25251      
1460    0.178242      6.25253      
1461    3.49148       6.25283      
1462    4.93221       6.26474      
1463    11.3132       6.26592      
1464    0.471306      6.26594      
1465    4.46471       6.27449      
1466    0.615785      6.27595      
1467    26.4917       6.27621      
1468    0.603524      6.27646      
1469    5.67673       6.27816      
1470    0.259929      6.27979      
1471    8.05443       6.27982      
1472    0.461687      6.2799       
1473    2.58767       6.28291      
