162          149         
162          106         
162          116         
162          157         
162          173         
162          16          
162          137         
162          138         
162          136         
162          139         
162          105         
162          25          
153          155         
153          174         
153          152         
153          146         
153          131         
153          110         
153          150         
153          154         
153          163         
153          137         
153          175         
153          166         
153          151         
153          178         
53           52          
42           40          
42           39          
42           43          
42           35          
133          132         
133          26          
57           59          
57           56          
57           60          
57           58          
11           13          
11           6           
11           10          
141          140         
141          143         
141          157         
141          144         
141          137         
141          138         
141          139         
141          142         
143          140         
143          24          
143          135         
143          116         
143          138         
143          144         
143          157         
143          136         
143          139         
143          142         
128          130         
106          132         
106          114         
106          96          
106          104         
106          108         
106          103         
106          107         
106          116         
106          99          
106          118         
106          120         
106          98          
106          137         
106          139         
106          105         
106          91          
70           75          
70           73          
70           69          
18           35          
18           24          
18           20          
18           21          
18           139         
18           22          
18           19          
18           8           
119          120         
93           96          
93           112         
93           92          
36           39          
36           35          
36           24          
36           33          
36           40          
36           73          
36           166         
38           40          
115          137         
115          114         
115          116         
63           64          
63           73          
63           66          
0            163         
0            174         
0            6           
0            178         
0            3           
120          114         
120          96          
120          108         
120          26          
120          109         
120          150         
120          116         
120          174         
120          118         
120          104         
120          103         
120          121         
120          139         
120          173         
124          122         
124          131         
124          126         
124          116         
124          129         
124          123         
76           75          
76           73          
76           69          
76           77          
101          96          
101          116         
101          99          
101          102         
101          104         
101          103         
136          116         
136          138         
136          137         
136          139         
41           40          
41           39          
41           163         
41           35          
41           43          
68           73          
151          155         
151          174         
151          152         
151          145         
151          146         
151          131         
151          150         
151          154         
151          130         
151          175         
151          137         
151          163         
151          73          
151          123         
151          125         
45           46          
1            175         
1            2           
1            3           
86           96          
86           89          
86           84          
86           104         
86           103         
86           73          
86           82          
39           40          
39           44          
39           35          
39           47          
39           48          
39           34          
39           43          
39           49          
39           6           
167          175         
167          166         
96           97          
96           99          
96           138         
96           118         
96           147         
96           105         
96           90          
96           92          
96           108         
96           89          
96           100         
96           94          
96           104         
96           91          
96           95          
96           98          
96           116         
96           102         
96           103         
60           61          
5            6           
5            3           
172          173         
172          174         
172          171         
3            174         
3            10          
3            170         
3            2           
3            4           
3            6           
85           84          
156          155         
131          132         
131          122         
131          89          
131          154         
131          130         
131          137         
131          129         
131          123         
26           132         
26           40          
26           22          
26           32          
26           30          
26           35          
26           21          
26           147         
26           155         
26           50          
26           49          
26           19          
26           24          
26           33          
26           150         
26           13          
26           27          
26           139         
26           28          
26           20          
26           177         
26           25          
2            13          
80           116         
80           73          
80           79          
80           84          
37           40          
154          155         
154          152         
154          150         
154          163         
154          123         
138          149         
138          140         
138          145         
138          16          
138          112         
138          157         
138          118         
138          147         
138          73          
138          148         
138          89          
138          100         
138          144         
138          137         
138          139         
138          91          
138          116         
138          142         
118          117         
118          114         
118          145         
118          116         
34           40          
34           24          
34           35          
129          90          
129          122         
129          130         
147          149         
147          146         
147          110         
147          150         
147          148         
147          175         
147          73          
147          166         
147          144         
73           132         
73           174         
73           145         
73           66          
73           74          
73           77          
73           81          
73           69          
73           110         
73           89          
73           62          
73           75          
73           87          
73           144         
73           72          
73           137         
73           79          
73           82          
73           71          
73           84          
73           130         
73           65          
166          174         
166          145         
166          163         
166          175         
166          165         
69           66          
69           75          
142          132         
142          140         
142          91          
142          135         
142          148         
142          137         
142          157         
142          139         
142          144         
90           89          
46           44          
46           35          
46           47          
46           40          
46           48          
46           43          
155          132         
155          152         
155          126         
155          150         
155          40          
155          137         
155          163         
155          165         
155          123         
127          126         
127          112         
127          130         
127          113         
127          163         
50           51          
55           51          
55           52          
55           54          
77           66          
77           75          
77           87          
77           78          
49           19          
49           40          
49           48          
49           35          
108          114         
108          150         
24           149         
24           9           
24           23          
24           21          
24           20          
24           139         
24           22          
24           157         
24           19          
24           31          
24           8           
24           25          
24           32          
33           132         
33           25          
33           35          
107          116         
107          139         
107          105         
107          104         
100          137         
100          102         
75           66          
75           89          
75           74          
75           81          
75           78          
75           82          
87           88          
87           84          
67           66          
144          140         
144          145         
144          126         
144          148         
144          137         
144          139         
104          114         
104          110         
104          98          
104          113         
104          116         
104          99          
104          102         
104          103         
104          137         
104          112         
104          105         
137          174         
137          140         
137          149         
137          148         
137          157         
137          178         
137          92          
137          139         
137          91          
137          116         
163          152         
163          165         
163          164         
163          174         
163          130         
163          175         
163          178         
111          112         
139          149         
139          140         
139          145         
139          132         
139          22          
139          21          
139          99          
139          157         
139          135         
139          117         
139          84          
139          116         
139          173         
139          113         
139          25          
125          126         
125          122         
82           83          
82           84          
82           89          
117          116         
117          113         
17           19          
17           20          
17           25          
17           16          
91           116         
91           92          
54           52          
95           116         
98           132         
98           114         
98           92          
98           116         
98           99          
9            8           
20           40          
20           35          
20           21          
20           22          
20           16          
20           19          
20           25          
20           31          
84           83          
84           89          
84           81          
109          110         
4            25          
116          132         
116          145         
116          122         
116          99          
116          105         
116          114         
116          92          
116          103         
116          113         
177          174         
7            21          
7            22          
7            6           
102          103         
102          105         
103          99          
103          105         
168          169         
173          174         
173          25          
65           66          
6            174         
6            19          
6            43          
6            25          
113          114         
113          112         
113          105         
25           16          
25           149         
25           21          
25           29          
25           22          
25           19          
25           14          
132          152         
132          146         
132          114         
132          134         
132          126         
132          150         
132          135         
132          88          
149          148         
149          157         
51           40          
51           52          
174          121         
174          175         
10           13          
145          148         
145          146         
145          150         
145          175         
44           40          
44           43          
44           35          
176          175         
134          150         
12           13          
40           22          
40           15          
40           43          
40           32          
40           35          
40           47          
40           21          
40           48          
40           178         
40           31          
40           19          
126          122         
126          152         
126          123         
22           21          
22           23          
22           16          
22           19          
130          161         
130          175         
15           175         
15           16          
16           19          
16           14          
16           21          
43           35          
43           47          
43           178         
61           62          
175          165         
175          178         
8            157         
158          159         
32           35          
32           19          
159          161         
30           21          
30           35          
122          123         
152          150         
35           48          
35           21          
35           19          
35           47          
47           14          
21           19          
161          160         
161          169         
81           89          
165          150         
105          114         
105          92          
178          19          
169          170         
92           89          
19           14          
