0       28.3654       0.00161416   
1       6.75453       0.00172243   
2       0.456721      0.00202472   
3       2.5412        0.00272041   
4       3.00262       0.0130358    
5       1.28423       0.0137311    
6       3.58104       0.0142672    
7       32.8484       0.0149091    
8       1.8147        0.0152621    
9       39.5603       0.0155255    
10      1.57094       0.0158603    
11      7.34481       0.0166753    
12      1.89727       0.0177339    
13      23.6452       0.0178654    
14      5.28414       0.0195496    
15      7.63226       0.021379     
16      0.28907       0.0214039    
17      0.720501      0.0215287    
18      6.90364       0.0257775    
19      8.48137       0.0287817    
20      11.0322       0.0320683    
21      25.4709       0.0342122    
22      18.8465       0.0500624    
23      56.461        0.0536304    
24      5.53104       0.0689402    
25      0.443416      0.0689436    
26      2.59815       0.0752967    
27      1.62324       0.076064     
28      18.658        0.0761303    
29      6.52974       0.0765591    
30      7.25031       0.0785511    
31      0.205586      0.0785651    
32      0.952167      0.0796       
33      2.12735       0.0801085    
34      0.227978      0.080289     
35      22.5155       0.0803431    
36      2.43099       0.0806142    
37      18.983        0.087145     
38      2.71616       0.0876895    
39      7.79144       0.0885995    
40      17.5778       0.105432     
41      7.27519       0.106832     
42      0.174485      0.106838     
43      4.82882       0.109328     
44      6.18073       0.112211     
45      2.87129       0.112238     
46      3.4484        0.112897     
47      10.5306       0.11594      
48      3.48645       0.119412     
49      8.99114       0.119765     
50      0.210419      0.119779     
51      3.77975       0.120309     
52      4.11064       0.12282      
53      0.55406       0.122821     
54      6.0404        0.131968     
55      8.79172       0.132039     
56      12.532        0.14681      
57      3.29422       0.147969     
58      0.410818      0.149279     
59      23.7631       0.149355     
60      0.354573      0.14943      
61      0.614299      0.14955      
62      8.93314       0.152018     
63      18.8873       0.180103     
64      2.80287       0.185453     
65      4.7936        0.18586      
66      1.93033       0.185988     
67      7.54747       0.186723     
68      3.73595       0.187534     
69      1.13583       0.192325     
70      18.2258       0.192896     
71      2.20557       0.192921     
72      5.52867       0.193287     
73      8.92606       0.199701     
74      15.1399       0.212342     
75      40.6996       0.221924     
76      4.91374       0.222023     
77      14.1779       0.230022     
78      0.264238      0.230026     
79      4.74901       0.230655     
80      3.61894       0.232002     
81      2.22294       0.232011     
82      3.29216       0.23843      
83      8.97223       0.240269     
84      8.88466       0.240515     
85      2.09894       0.242079     
86      18.7411       0.242788     
87      3.64246       0.243161     
88      7.81526       0.248151     
89      24.4565       0.250323     
90      3.98534       0.250529     
91      3.94536       0.251321     
92      0.849409      0.252665     
93      0.905466      0.253447     
94      4.33552       0.253545     
95      43.9924       0.25411      
96      0.278401      0.254255     
97      5.29253       0.254831     
98      5.2587        0.257064     
99      1.78894       0.2581       
100     2.47816       0.25903      
101     26.0357       0.260035     
102     13.0232       0.260641     
103     4.10749       0.262144     
104     21.3901       0.262342     
105     22.3164       0.27835      
106     3.26042       0.282386     
107     0.36279       0.282388     
108     23.0849       0.292602     
109     11.1358       0.294756     
110     15.0307       0.295252     
111     1.08085       0.31054      
112     0.538872      0.310672     
113     10.3957       0.310761     
114     0.262232      0.31078      
115     0.924059      0.310909     
116     5.1993        0.319969     
117     9.66464       0.320012     
118     14.932        0.331545     
119     7.01995       0.334232     
120     23.5549       0.334894     
121     1.9798        0.335079     
122     20.4448       0.338185     
123     0.377398      0.338232     
124     11.7968       0.356757     
125     1.29541       0.357104     
126     2.86283       0.357962     
127     2.86343       0.357968     
128     1.58906       0.371459     
129     11.8449       0.372473     
130     4.87246       0.372932     
131     0.572385      0.373267     
132     11.1255       0.373596     
133     0.322995      0.374574     
134     17.5612       0.374649     
135     0.439786      0.374773     
136     4.59449       0.376099     
137     3.73446       0.380854     
138     9.67372       0.381599     
139     2.30787       0.381995     
140     5.51511       0.382379     
141     17.7536       0.38329      
142     7.74359       0.383986     
143     7.53372       0.396102     
144     3.19427       0.396382     
145     5.79647       0.398934     
146     9.48893       0.399467     
147     0.262531      0.399498     
148     1.15945       0.400209     
149     7.54597       0.400588     
150     9.17968       0.400642     
151     10.6776       0.401661     
152     8.0262        0.401999     
153     3.73266       0.415961     
154     3.72895       0.415967     
155     10.3916       0.418519     
156     4.8397        0.419009     
157     18.3361       0.445728     
158     3.75829       0.451777     
159     27.8878       0.452009     
160     7.01456       0.453423     
161     6.63533       0.460376     
162     2.43397       0.46235      
163     2.12333       0.464256     
164     0.985408      0.465164     
165     0.753675      0.466425     
166     0.676151      0.466809     
167     0.576733      0.467298     
168     0.481211      0.467745     
169     27.7249       0.469631     
170     109.277       0.469631     
171     26.6031       0.470315     
172     34.5732       0.470569     
173     1.65066       0.477816     
174     61.7855       0.478998     
175     5.62738       0.48067      
176     4.28097       0.482515     
177     9.65317       0.485586     
178     2.17403       0.486666     
179     1.17304       0.487        
180     3.60198       0.487083     
181     4.42017       0.487529     
182     0.312885      0.487551     
183     11.0389       0.488853     
184     1.87501       0.488898     
185     7.84763       0.488978     
186     2.50413       0.490539     
187     40.3353       0.50551      
188     40.2993       0.509425     
189     4.02491       0.509998     
190     7.25529       0.510627     
191     25.4558       0.516553     
192     14.5632       0.52794      
193     2.82034       0.533313     
194     6.4375        0.534141     
195     2.27665       0.534401     
196     13.0382       0.538539     
197     3.84476       0.54215      
198     0.687208      0.542779     
199     3.45775       0.543533     
200     30.887        0.5443       
201     4.80153       0.545515     
202     61.1078       0.545539     
203     39.5043       0.546515     
204     3.04929       0.546609     
205     3.45852       0.547786     
206     7.45408       0.549734     
207     3.72751       0.550347     
208     4.94553       0.552872     
209     4.07189       0.555243     
210     3.11848       0.558101     
211     2.7709        0.558763     
212     10.3102       0.558973     
213     19.7003       0.560417     
214     0.444892      0.560526     
215     7.99308       0.564988     
216     7.20565       0.566617     
217     3.63583       0.566618     
218     4.6848        0.567965     
219     11.5708       0.575167     
220     11.6856       0.575493     
221     2.15346       0.627536     
222     7.41958       0.627812     
223     3.81109       0.628801     
224     21.4795       0.629118     
225     8.03098       0.630185     
226     5.01874       0.631212     
227     16.5826       0.638876     
228     17.1762       0.673093     
229     1.7481        0.682538     
230     9.98467       0.683542     
231     11.4737       0.689097     
232     32.5943       0.68936      
233     2.00621       0.691038     
234     6.0315        0.69264      
235     8.92069       0.696285     
236     5.18452       0.696399     
237     6.31094       0.696672     
238     3.14632       0.698923     
239     7.11716       0.698991     
240     2.5726        0.700026     
241     1.46692       0.701393     
242     1.03664       0.702149     
243     0.871015      0.702454     
244     25.4671       0.702537     
245     6.13037       0.70356      
246     1.14326       0.704351     
247     7.46034       0.705133     
248     134.171       0.705484     
249     0.330313      0.706064     
250     0.448783      0.706457     
251     0.561586      0.706978     
252     2.13589       0.708353     
253     7.06768       0.708656     
254     5.2189        0.710931     
255     30.3681       0.711879     
256     2.12853       0.712754     
257     1.85298       0.713511     
258     9.85738       0.71387      
259     2.27488       0.715154     
260     1.50185       0.715425     
261     1.74564       0.715786     
262     39.2079       0.719418     
263     3.73207       0.734607     
264     9.87577       0.735149     
265     16.6096       0.760121     
266     16.0851       0.761043     
267     5.73617       0.762646     
268     4.57067       0.763924     
269     15.4599       0.770603     
270     2.03717       0.770866     
271     4.76891       0.771624     
272     2.4596        0.771707     
273     12.4793       0.773253     
274     9.52828       0.774333     
275     6.1556        0.774826     
276     9.07126       0.778598     
277     11.3824       0.785882     
278     26.5404       0.792658     
279     2.73386       0.798087     
280     5.45089       0.799013     
281     19.4515       0.799139     
282     21.7291       0.799203     
283     2.99446       0.800484     
284     6.24128       0.802283     
285     5.78803       0.80482      
286     16.0844       0.809316     
287     6.73635       0.81055      
288     3.89184       0.831715     
289     0.336632      0.834483     
290     31.8769       0.834672     
291     1.15587       0.835259     
292     34.8709       0.83677      
293     13.3923       0.836997     
294     5.81          0.83798      
295     2.24197       0.83896      
296     36.7899       0.843267     
297     5.29          0.846667     
298     9.81108       0.84889      
299     16.3512       0.849537     
300     1.50425       0.85702      
301     5.21282       0.857165     
302     0.535451      0.859877     
303     121.79        0.860385     
304     0.763979      0.86149      
305     34.7147       0.875775     
306     1.72548       0.883212     
307     13.6403       0.883755     
308     3.34799       0.884403     
309     8.89296       0.884505     
310     5.50814       0.884593     
311     1.72815       0.885366     
312     2.45859       0.886714     
313     40.886        0.89142      
314     6.02476       0.893393     
315     2.34201       0.894193     
316     3.83607       0.902189     
317     3.43514       0.904408     
318     41.381        0.908515     
319     20.347        0.909772     
320     54.429        0.910592     
321     0.468077      0.91135      
322     2.14392       0.914252     
323     13.123        0.917199     
324     5.60555       0.923911     
325     5.66877       0.929441     
326     16.8603       0.929786     
327     44.6743       0.93433      
328     14.3279       0.93608      
329     2.1344        0.937536     
330     4.8394        0.940769     
331     64.1606       0.941322     
332     2.8393        0.942155     
333     1.84116       0.943599     
334     50.4803       0.945334     
335     13.7641       0.945536     
336     1.59207       0.946609     
337     32.8012       0.949517     
338     5.20354       0.952483     
339     43.8605       0.952715     
340     1.77696       0.954648     
341     10.4691       0.95678      
342     18.5056       0.961826     
343     12.9335       0.961976     
344     2.35116       0.967173     
345     2.44236       0.967258     
346     0.131594      0.967261     
347     7.14516       0.970714     
348     2.14165       0.974715     
349     12.1016       0.975114     
350     7.45646       0.975579     
351     10.6765       0.981236     
352     9.01187       0.984237     
353     17.8983       0.987844     
354     7.41803       0.991954     
355     10.9383       0.998574     
356     8.35197       1.00368      
357     3.19896       1.00615      
358     11.9345       1.01044      
359     83.05         1.01504      
360     47.2175       1.01725      
361     25.9709       1.01733      
362     91.7535       1.01966      
363     36.9063       1.02304      
364     26.0859       1.02576      
365     2.59863       1.03037      
366     54.0645       1.03227      
367     26.043        1.03461      
368     30.5344       1.04014      
369     21.4876       1.0441       
370     42.2382       1.04441      
371     48.7343       1.04509      
372     7.13686       1.04777      
373     3.51304       1.0597       
374     3.92482       1.06043      
375     3.20061       1.06085      
376     30.4242       1.06583      
377     11.9669       1.06617      
378     22.8176       1.06768      
379     12.4473       1.07491      
380     1.73032       1.07719      
381     11.6284       1.07841      
382     21.0872       1.08472      
383     17.1644       1.09056      
384     17.7797       1.10331      
385     10.5231       1.13101      
386     40.8364       1.13517      
387     56.7762       1.13985      
388     0.337563      1.14009      
389     2.67329       1.14039      
390     14.8671       1.15147      
391     27.9348       1.15414      
392     12.0444       1.15597      
393     13.5178       1.16951      
394     31.3756       1.17044      
395     59.1029       1.17407      
396     4.61208       1.17669      
397     6.37423       1.18261      
398     5.1145        1.18955      
399     10.7861       1.18987      
400     4.14102       1.19208      
401     5.0628        1.1949       
402     11.4454       1.20035      
403     7.22171       1.20085      
404     36.558        1.20183      
405     21.5139       1.20196      
406     16.7953       1.2027       
407     7.00903       1.20647      
408     7.04399       1.20671      
409     3.25269       1.21029      
410     50.1591       1.21291      
411     2.61976       1.21333      
412     18.6403       1.21406      
413     16.9594       1.21755      
414     11.4917       1.21757      
415     7.1897        1.22529      
416     16.2182       1.23008      
417     6.69393       1.23068      
418     24.0311       1.23252      
419     4.74761       1.23338      
420     26.8685       1.24076      
421     13.4268       1.25437      
422     18.75         1.25448      
423     24.9404       1.25568      
424     10.5105       1.26808      
425     7.6338        1.2754       
426     15.9497       1.28118      
427     83.9119       1.28884      
428     32.9581       1.28892      
429     64.8159       1.29043      
430     0.450444      1.29181      
431     20.0863       1.29689      
432     34.2165       1.30823      
433     128.539       1.30923      
434     6.77829       1.3127       
435     2.13236       1.31288      
436     31.3118       1.32344      
437     19.8936       1.3286       
438     1.88102       1.32863      
439     65.6915       1.32938      
440     9.02954       1.33055      
441     32.6866       1.34446      
442     8.18535       1.36192      
443     71.0966       1.36513      
444     7.88596       1.36888      
445     4.2597        1.37356      
446     10.8789       1.37373      
447     4.78819       1.38738      
448     12.3072       1.38791      
449     16.4636       1.3999       
450     44.4957       1.40102      
451     2.44358       1.40196      
452     6.33653       1.40879      
453     19.5243       1.41223      
454     19.5725       1.4144       
455     6.86548       1.41491      
456     21.085        1.41959      
457     9.9084        1.42996      
458     75.9228       1.4321       
459     20.9359       1.43695      
460     11.6567       1.44031      
461     1.97263       1.44076      
462     1.19458       1.44112      
463     8.53116       1.4477       
464     21.7417       1.44787      
465     5.73293       1.45627      
466     9.17275       1.45646      
467     11.5621       1.46352      
468     20.9275       1.46446      
469     5.87386       1.47995      
470     52.2229       1.48644      
471     1.51955       1.48844      
472     12.0341       1.48867      
473     3.7435        1.49677      
474     11.7807       1.49955      
475     18.1976       1.50025      
476     55.0022       1.50107      
477     14.6542       1.50646      
478     9.74552       1.52295      
479     3.97744       1.52345      
480     15.5647       1.52656      
481     13.7574       1.52775      
482     4.21561       1.53084      
483     20.7864       1.53197      
484     12.5339       1.54192      
485     11.6522       1.55076      
486     7.8706        1.55143      
487     11.2982       1.5555       
488     27.7902       1.5572       
489     17.7035       1.55763      
490     11.6017       1.5597       
491     26.241        1.57276      
492     1.77337       1.57342      
493     16.6816       1.57538      
494     43.5856       1.57861      
495     4.08467       1.58398      
496     6.79243       1.58962      
497     5.33007       1.59466      
498     69.847        1.60209      
499     41.4543       1.6021       
500     47.5216       1.61041      
501     47.465        1.61239      
502     25.5122       1.61372      
503     75.3059       1.61544      
504     44.2652       1.61611      
505     11.8541       1.61648      
506     6.17655       1.62325      
507     14.3353       1.63024      
508     2.63724       1.63907      
509     0.827343      1.64381      
510     51.5791       1.6464       
511     21.0208       1.64648      
512     42.7977       1.64675      
513     33.2754       1.64832      
514     9.719         1.6526       
515     12.0443       1.65733      
516     13.958        1.66659      
517     51.3374       1.6797       
518     14.7604       1.68049      
519     8.47571       1.68689      
520     30.5051       1.68932      
521     5.82124       1.69         
522     7.72822       1.69003      
523     12.4172       1.69383      
524     4.79299       1.69642      
525     8.70981       1.69795      
526     11.3257       1.70497      
527     21.7921       1.7088       
528     5.71547       1.70966      
529     11.1462       1.71733      
530     25.7198       1.72572      
531     39.4215       1.73548      
532     5.35093       1.73632      
533     20.7374       1.73985      
534     9.06121       1.74724      
535     12.9449       1.75113      
536     2.78286       1.75405      
537     3.86556       1.75442      
538     27.4211       1.75454      
539     3.55153       1.75586      
540     22.968        1.76025      
541     12.8488       1.77005      
542     5.1259        1.77136      
543     10.2738       1.77474      
544     9.53774       1.77771      
545     9.69697       1.78238      
546     20.998        1.78723      
547     13.8068       1.79173      
548     9.42123       1.79678      
549     20.6662       1.80313      
550     58.3375       1.81111      
551     16.279        1.82173      
552     32.3186       1.82601      
553     135.16        1.82708      
554     41.7524       1.82787      
555     12.0317       1.82823      
556     0.788302      1.83171      
557     10.1371       1.83324      
558     8.57389       1.83993      
559     13.6888       1.84654      
560     11.4501       1.84688      
561     13.6239       1.84866      
562     10.1634       1.8513       
563     18.2833       1.86436      
564     20.504        1.86813      
565     38.619        1.86954      
566     2.04106       1.87221      
567     5.71141       1.88001      
568     15.6063       1.887        
569     82.6023       1.8879       
570     2.22176       1.89344      
571     0.833673      1.89711      
572     83.6219       1.90133      
573     47.1831       1.90233      
574     47.1716       1.9042       
575     31.1036       1.90436      
576     33.0195       1.90499      
577     20.8438       1.91136      
578     1.93559       1.916        
579     4.06776       1.91822      
580     4.12064       1.92078      
581     7.18725       1.92513      
582     2.35015       1.92813      
583     1.73628       1.92966      
584     1.08158       1.9311       
585     30.846        1.93558      
586     89.7906       1.94201      
587     24.6141       1.94301      
588     53.1832       1.94429      
589     67.3786       1.94536      
590     67.3803       1.94558      
591     30.3573       1.9488       
592     62.6424       1.95201      
593     78.229        1.95267      
594     1.9462        1.96269      
595     8.69629       1.9661       
596     0.572928      1.96985      
597     1.45793       1.97089      
598     20.6476       1.97475      
599     372.016       1.97498      
600     18.6947       1.98041      
601     11.7011       1.9854       
602     6.71441       1.98949      
603     5.05435       1.98983      
604     5.23237       1.99124      
605     4.97628       1.99432      
606     4.43672       1.9944       
607     7.44631       1.99748      
608     8.10566       1.99798      
609     1.21275       2.00243      
610     29.7112       2.00594      
611     52.3637       2.00745      
612     34.412        2.01199      
613     0.310983      2.01866      
614     1.22443       2.01949      
615     329.183       2.02021      
616     20.9374       2.02581      
617     11.5575       2.02641      
618     20.0733       2.02794      
619     84.7363       2.04265      
620     22.8718       2.04469      
621     38.3893       2.04695      
622     176.645       2.05092      
623     41.573        2.05619      
624     19.2396       2.06533      
625     75.2188       2.06646      
626     13.6512       2.06908      
627     72.4815       2.07605      
628     20.3361       2.07903      
629     129.814       2.08015      
630     224.809       2.08409      
631     7.38692       2.08711      
632     10.1593       2.09175      
633     320.62        2.10335      
634     11.2792       2.10372      
635     490.262       2.10913      
636     13.7497       2.11168      
637     121.28        2.11773      
638     41.4349       2.1186       
639     23.6428       2.12218      
640     21.9381       2.13517      
641     59.4922       2.13649      
642     7.07379       2.13946      
643     17.7661       2.14975      
644     35.3808       2.15107      
645     15.8176       2.15453      
646     20.1149       2.15744      
647     7.42037       2.16049      
648     23.8584       2.16103      
649     14.2003       2.1743       
650     43.7767       2.17698      
651     29.6667       2.18058      
652     0.222488      2.18451      
653     152.289       2.18484      
654     0.33042       2.18558      
655     5.39352       2.18667      
656     17.5181       2.19162      
657     19.6512       2.20217      
658     118.454       2.20808      
659     0.173017      2.20816      
660     8.63338       2.21132      
661     7.82712       2.21574      
662     16.3267       2.22094      
663     9.63646       2.22829      
664     36.7464       2.23762      
665     39.0228       2.24852      
666     19.8296       2.24972      
667     19.6625       2.25646      
668     61.4127       2.27011      
669     32.896        2.27032      
670     29.0856       2.27247      
671     311.233       2.28301      
672     57.997        2.28608      
673     23.366        2.28687      
674     19.9883       2.28731      
675     7.76996       2.28994      
676     6.02655       2.29325      
677     15.062        2.30158      
678     31.9549       2.30683      
679     5.12046       2.30745      
680     13.198        2.31299      
681     16.4981       2.32042      
682     23.8836       2.32784      
683     71.6353       2.33574      
684     18.1201       2.33822      
685     8.29316       2.3417       
686     4.687         2.34881      
687     4.87067       2.35473      
688     33.2049       2.35707      
689     31.3499       2.35715      
690     11.3231       2.36886      
691     48.1463       2.37043      
692     44.8541       2.37912      
693     22.7206       2.38443      
694     107.996       2.39493      
695     32.1565       2.41468      
696     83.916        2.42013      
697     0.355387      2.42376      
698     40.1378       2.42423      
699     209.139       2.42743      
700     14.0498       2.43796      
701     133.689       2.44046      
702     22.0777       2.44742      
703     48.4401       2.45319      
704     22.8768       2.46713      
705     22.8386       2.47123      
706     21.9336       2.47676      
707     63.9417       2.48693      
708     8.30833       2.49245      
709     14.9495       2.50006      
710     14.8651       2.50377      
711     12.4964       2.51131      
712     7.36612       2.51668      
713     16.3993       2.52215      
714     1.93953       2.53033      
715     13.6074       2.53088      
716     12.4359       2.53334      
717     9.39983       2.53449      
718     26.2199       2.53664      
719     41.388        2.53875      
720     41.5052       2.54158      
721     7.33264       2.54579      
722     32.2125       2.55816      
723     9.22997       2.56001      
724     72.3802       2.56265      
725     18.8448       2.57372      
726     14.8412       2.5738       
727     16.4555       2.57557      
728     20.1317       2.58365      
729     35.5036       2.5853       
730     18.3115       2.60004      
731     20.9286       2.60812      
732     149.034       2.61083      
733     0.285169      2.61116      
734     10.2063       2.61315      
735     12.9316       2.61899      
736     15.3028       2.62391      
737     16.8354       2.62409      
738     20.8391       2.63822      
739     24.2396       2.64159      
740     25.7957       2.65216      
741     8.2829        2.65871      
742     64.2344       2.66193      
743     8.216         2.66394      
744     6.5501        2.6691       
745     23.6596       2.67772      
746     116.634       2.68329      
747     82.4095       2.68611      
748     22.6301       2.69437      
749     11.2163       2.69737      
750     41.9677       2.70386      
751     43.5996       2.71158      
752     15.7811       2.72446      
753     21.2222       2.72957      
754     4.83205       2.73024      
755     9.33312       2.73504      
756     12.9677       2.73967      
757     7.2795        2.7473       
758     3.5477        2.74949      
759     8.99492       2.75435      
760     21.2383       2.75757      
761     24.5503       2.76581      
762     25.8507       2.77346      
763     79.3527       2.77407      
764     36.4947       2.77439      
765     52.6058       2.79414      
766     13.2178       2.79972      
767     128.431       2.79982      
768     51.3842       2.80061      
769     299.469       2.80132      
770     77.6447       2.80339      
771     34.2643       2.8092       
772     0.949763      2.81554      
773     9.9865        2.82083      
774     10.0474       2.82715      
775     3.94373       2.83359      
776     29.1209       2.84665      
777     23.4289       2.84752      
778     11.3633       2.85924      
779     58.3118       2.86425      
780     73.3381       2.86446      
781     63.9291       2.86534      
782     36.6735       2.86985      
783     26.9585       2.87063      
784     4.92881       2.87983      
785     2.09476       2.88211      
786     24.6712       2.88867      
787     11.1488       2.89503      
788     1.69078       2.89705      
789     15.284        2.903        
790     119.464       2.90312      
791     13.81         2.91064      
792     20.8865       2.9199       
793     224.988       2.92262      
794     21.1147       2.92436      
795     37.4022       2.9286       
796     76.756        2.94148      
797     2.28335       2.94235      
798     24.4169       2.95041      
799     23.5096       2.95149      
800     26.6271       2.95917      
801     41.1212       2.96988      
802     29.0204       2.97399      
803     22.4843       2.9878       
804     24.3524       2.98831      
805     7.68785       2.99972      
806     11.4001       3.0068       
807     1.52466       3.0135       
808     88.9933       3.02095      
809     19.9041       3.02333      
810     0.185243      3.03016      
811     212.332       3.03079      
812     14.9243       3.03648      
813     10.7479       3.04821      
814     51.8606       3.04846      
815     560.194       3.05138      
816     30.1233       3.05795      
817     17.8112       3.06979      
818     37.8394       3.07571      
819     11.8951       3.07605      
820     6.97737       3.08544      
821     2.30672       3.09002      
822     10.4977       3.09823      
823     92.0201       3.10459      
824     45.6962       3.10933      
825     25.6449       3.12335      
826     116.354       3.12487      
827     24.2532       3.12775      
828     642.517       3.13605      
829     12.0895       3.13927      
830     25.3837       3.13994      
831     211.978       3.143        
832     14.1672       3.1432       
833     62.8504       3.14376      
834     6.03414       3.15298      
835     7.81316       3.15843      
836     3.06853       3.16403      
837     10.824        3.16966      
838     108.48        3.17097      
839     3.91185       3.17166      
840     2.5105        3.17191      
841     50.4854       3.17402      
842     32.5909       3.18015      
843     85.5554       3.18292      
844     30.2047       3.19148      
845     8.33534       3.19935      
846     7.54065       3.2017       
847     4.31321       3.20491      
848     5.63844       3.20939      
849     14.9219       3.20945      
850     6.05299       3.2142       
851     12.1329       3.22121      
852     4.82466       3.2241       
853     19.3735       3.2272       
854     37.3418       3.23394      
855     11.5622       3.23574      
856     35.971        3.23696      
857     9.57082       3.23897      
858     12.6392       3.24068      
859     17.1942       3.24128      
860     22.0074       3.24346      
861     2.62596       3.24547      
862     32.5541       3.24586      
863     4.84716       3.247        
864     4.6028        3.24958      
865     7.23095       3.25163      
866     6.7854        3.25456      
867     7.69717       3.25761      
868     1.54189       3.25875      
869     11.4677       3.2588       
870     7.73849       3.26029      
871     9.23312       3.26241      
872     7.71632       3.26522      
873     15.8684       3.26835      
874     20.0698       3.27068      
875     4.45732       3.27176      
876     7.43289       3.27473      
877     8.82683       3.278        
878     8.27743       3.2795       
879     10.413        3.28436      
880     19.5752       3.28982      
881     4.25503       3.29691      
882     61.3315       3.29843      
883     26.7669       3.30887      
884     40.4003       3.30958      
885     0.682538      3.3107       
886     17.3617       3.31368      
887     23.23         3.33105      
888     23.2256       3.33114      
889     22.079        3.33557      
890     9.92072       3.34466      
891     12.8081       3.34882      
892     7.4629        3.35019      
893     13.2511       3.36002      
894     12.3985       3.36301      
895     21.5696       3.36861      
896     92.2599       3.36965      
897     19.121        3.37654      
898     18.1113       3.38226      
899     23.0117       3.38562      
900     10.9029       3.39305      
901     4.79592       3.39642      
902     20.1668       3.39954      
903     12.6617       3.40473      
904     3.46576       3.40883      
905     3.936         3.40912      
906     8.56738       3.40932      
907     3.5669        3.40963      
908     19.616        3.41833      
909     38.2371       3.42037      
910     2.60797       3.42955      
911     59.0503       3.43395      
912     32.1015       3.4376       
913     40.8986       3.4415       
914     75.2072       3.44177      
915     24.0778       3.44722      
916     4.42041       3.45542      
917     8.84898       3.46008      
918     3.84638       3.46526      
919     27.7275       3.4714       
920     9.38885       3.47553      
921     10.0946       3.48213      
922     2.6408        3.48869      
923     62.6247       3.48896      
924     32.5951       3.49201      
925     12.4641       3.49729      
926     20.2748       3.49916      
927     9.91447       3.50726      
928     126.126       3.51833      
929     151.163       3.51892      
930     127.61        3.52503      
931     33.8677       3.52762      
932     55.7112       3.52893      
933     39.8565       3.53382      
934     0.845229      3.53842      
935     2.39388       3.542        
936     21.3876       3.54728      
937     32.7283       3.5494       
938     27.7292       3.5573       
939     0.744457      3.57322      
940     2.61802       3.57887      
941     22.6015       3.59315      
942     32.2309       3.59578      
943     25.1896       3.5982       
944     41.0622       3.59863      
945     48.2431       3.59976      
946     590.763       3.60015      
947     38.6396       3.60281      
948     787.732       3.60631      
949     16.9728       3.60921      
950     15.9214       3.61427      
951     6.53867       3.61886      
952     13.3119       3.62617      
953     2.85415       3.62709      
954     0.983028      3.63109      
955     11.196        3.63164      
956     17.6286       3.63445      
957     20.7945       3.63934      
958     0.963173      3.64512      
959     17.857        3.66208      
960     13.714        3.67601      
961     49.0456       3.68034      
962     23.4011       3.68046      
963     30.368        3.68053      
964     46.8674       3.68425      
965     149.28        3.68506      
966     36.3261       3.68617      
967     4.41829       3.69272      
968     16.6973       3.70105      
969     56.4399       3.70205      
970     0.66593       3.70347      
971     23.4377       3.71399      
972     46.6466       3.71551      
973     32.411        3.7157       
974     3.78466       3.72527      
975     4.80216       3.73004      
976     4.92923       3.7335       
977     6.59256       3.74323      
978     55.2638       3.74701      
979     24.8985       3.75572      
980     19.6989       3.76912      
981     61.4252       3.77557      
982     6.98665       3.77657      
983     21.3587       3.77823      
984     65.5136       3.77833      
985     77.109        3.78465      
986     7.94455       3.79884      
987     22.8997       3.81044      
988     19.952        3.81663      
989     12.4763       3.81921      
990     5.0229        3.82066      
991     26.1717       3.82147      
992     8.50097       3.82293      
993     29.8247       3.82785      
994     10.1517       3.83154      
995     18.929        3.83779      
996     15.8029       3.84087      
997     18.2194       3.84436      
998     24.2909       3.84969      
999     0.757702      3.85009      
1000    5.05683       3.85238      
1001    3.60199       3.85551      
1002    11.4656       3.86183      
1003    25.1197       3.86247      
1004    6.25366       3.86581      
1005    27.5566       3.866        
1006    12.9349       3.86616      
1007    0.850431      3.8672       
1008    3.06426       3.8694       
1009    4.0657        3.8709       
1010    12.9202       3.8756       
1011    10.8539       3.87933      
1012    2.65041       3.87945      
1013    9.82018       3.88086      
1014    4.13801       3.88756      
1015    3.92871       3.88901      
1016    10.4613       3.89349      
1017    34.7543       3.8942       
1018    31.2246       3.89445      
1019    7.07816       3.90183      
1020    15.7394       3.90874      
1021    37.9196       3.91145      
1022    10.3152       3.91911      
1023    48.5718       3.92467      
1024    52.3236       3.92662      
1025    15.0561       3.92847      
1026    1.62876       3.93015      
1027    6.61095       3.93386      
1028    6.83352       3.93973      
1029    8.86105       3.94149      
1030    6.74377       3.94364      
1031    21.445        3.94484      
1032    13.3186       3.95309      
1033    84.0629       3.95415      
1034    17.9082       3.95462      
1035    7.58425       3.96036      
1036    3.81219       3.96484      
1037    7.824         3.96912      
1038    20.032        3.9787       
1039    69.0034       3.98008      
1040    0.435489      3.98079      
1041    68.474        3.98737      
1042    4.00443       3.98923      
1043    26.417        3.99792      
1044    40.6204       4.00548      
1045    7.44746       4.01483      
1046    0.494664      4.01626      
1047    33.4367       4.01665      
1048    0.334239      4.01681      
1049    1.49667       4.01773      
1050    1.62916       4.01855      
1051    10.9361       4.02896      
1052    11.9307       4.03445      
1053    0.468861      4.03639      
1054    152.482       4.03815      
1055    5.00633       4.03996      
1056    3.97655       4.04237      
1057    12.7573       4.04876      
1058    224.847       4.0583       
1059    71.8251       4.05848      
1060    0.631736      4.0645       
1061    24.3345       4.06871      
1062    44.1691       4.08306      
1063    20.2894       4.08334      
1064    5.06932       4.09091      
1065    3.60262       4.09566      
1066    3.59564       4.0981       
1067    7.48415       4.10278      
1068    2.65917       4.10329      
1069    9.89628       4.1049       
1070    1.95064       4.10515      
1071    14.1343       4.11307      
1072    40.6704       4.11748      
1073    65.6297       4.1189       
1074    2.54498       4.13232      
1075    0.909691      4.13392      
1076    3.81563       4.13535      
1077    10.4216       4.13802      
1078    3.26077       4.14037      
1079    29.6333       4.14193      
1080    6.61775       4.14413      
1081    27.8081       4.14827      
1082    7.41525       4.14899      
1083    9.08694       4.15361      
1084    6.45007       4.15752      
1085    12.3656       4.16248      
1086    36.3016       4.16395      
1087    19.0453       4.16469      
1088    57.6516       4.1848       
1089    71.2961       4.18483      
1090    465.883       4.19275      
1091    1557.73       4.19391      
1092    52.7059       4.19484      
1093    8.44246       4.19706      
1094    330.868       4.20096      
1095    24.5562       4.20129      
1096    10.0969       4.21115      
1097    5.12316       4.21592      
1098    9.75578       4.22051      
1099    10.6942       4.22387      
1100    15.7345       4.2321       
1101    27.3473       4.23737      
1102    26.3446       4.23754      
1103    0.77366       4.24312      
1104    0.779407      4.24354      
1105    0.787982      4.24394      
1106    0.799155      4.24446      
1107    7.94483       4.24693      
1108    32.5407       4.25422      
1109    12.7846       4.25524      
1110    38.877        4.27056      
1111    19.3702       4.27274      
1112    20.4075       4.27331      
1113    25.6983       4.27389      
1114    2.69346       4.28873      
1115    1.09517       4.28985      
1116    16.5046       4.29306      
1117    28.1955       4.29407      
1118    0.294667      4.29424      
1119    1.46474       4.30119      
1120    40.5683       4.30512      
1121    42.6345       4.30603      
1122    50.9639       4.30775      
1123    1.56997       4.31192      
1124    6.80293       4.31433      
1125    5.97059       4.32034      
1126    5.94352       4.32245      
1127    2.88838       4.32444      
1128    9.12421       4.33001      
1129    46.5992       4.33346      
1130    14.2102       4.33467      
1131    20.1853       4.34384      
1132    10.3711       4.34849      
1133    12.4064       4.35364      
1134    8.70319       4.36162      
1135    18.7124       4.36934      
1136    238.803       4.37131      
1137    23.9609       4.37135      
1138    13.7228       4.38011      
1139    53.8589       4.39333      
1140    17.3038       4.39366      
1141    90.1854       4.39597      
1142    48.2749       4.39725      
1143    21.2701       4.41272      
1144    28.6643       4.41394      
1145    34.061        4.41415      
1146    4.27017       4.41974      
1147    14.667        4.42414      
1148    6.29756       4.42555      
1149    6.05131       4.42888      
1150    24.943        4.43725      
1151    14.2781       4.44391      
1152    6.42963       4.45013      
1153    30.578        4.4606       
1154    15.3294       4.46157      
1155    25.3213       4.47712      
1156    11.9816       4.48244      
1157    9.53887       4.48883      
1158    12.3063       4.49412      
1159    13.3267       4.49529      
1160    10.9769       4.50164      
1161    5.60834       4.51134      
1162    36.7949       4.51169      
1163    23.0598       4.52052      
1164    16.3062       4.52933      
1165    15.2368       4.53004      
1166    11.1812       4.53456      
1167    14.3627       4.54274      
1168    14.4412       4.54415      
1169    4.1595        4.55668      
1170    22.0832       4.55702      
1171    11.3263       4.56295      
1172    11.19         4.56411      
1173    7.4113        4.56543      
1174    19.3425       4.57285      
1175    13.9969       4.59022      
1176    55.7167       4.5938       
1177    41.9205       4.59464      
1178    31.6759       4.59505      
1179    13.6025       4.59687      
1180    2.13316       4.60008      
1181    6.18623       4.61342      
1182    15.6493       4.61359      
1183    1.74978       4.62157      
1184    22.8866       4.62181      
1185    35.3392       4.62461      
1186    5.46428       4.64861      
1187    38.9196       4.66175      
1188    125.983       4.66258      
1189    14.6083       4.67252      
1190    16.1948       4.67626      
1191    8.17023       4.68408      
1192    6.91006       4.68511      
1193    5.12417       4.68665      
1194    8.3715        4.68871      
1195    1.68421       4.69127      
1196    19.0099       4.69166      
1197    5.60512       4.69956      
1198    14.8189       4.70489      
1199    10.6611       4.71102      
1200    0.233119      4.7138       
1201    250.309       4.71399      
1202    0.275309      4.71429      
1203    0.347219      4.7147       
1204    0.484683      4.71558      
1205    24.4292       4.72133      
1206    16.7964       4.72716      
1207    17.5582       4.73427      
1208    8.44149       4.74326      
1209    85.2185       4.74441      
1210    10.535        4.74782      
1211    40.8886       4.75259      
1212    5.22072       4.75274      
1213    4.10593       4.76849      
1214    0.581053      4.77503      
1215    0.524443      4.77551      
1216    0.361124      4.77668      
1217    263.233       4.77781      
1218    30.7174       4.78398      
1219    47.7108       4.7841       
1220    16.1341       4.78633      
1221    3.84137       4.79454      
1222    1.49807       4.79765      
1223    1.35868       4.79881      
1224    54.9928       4.80156      
1225    29.11         4.8053       
1226    12.9736       4.80548      
1227    84.048        4.80566      
1228    7.73168       4.81367      
1229    6.14098       4.8142       
1230    3.34854       4.82085      
1231    25.0274       4.83164      
1232    6.12704       4.84272      
1233    31.9233       4.84387      
1234    19.2626       4.84489      
1235    24.3555       4.84508      
1236    20.2616       4.84543      
1237    0.271645      4.85111      
1238    54.7136       4.85146      
1239    3.40273       4.85333      
1240    66.6217       4.85358      
1241    4.23342       4.85551      
1242    20.926        4.85909      
1243    6.59495       4.86756      
1244    8.19716       4.8728       
1245    19.1661       4.87602      
1246    10.8845       4.8762       
1247    9.4743        4.87789      
1248    12.3918       4.88418      
1249    6.38752       4.88974      
1250    3.2347        4.8937       
1251    1.77962       4.89528      
1252    19.9445       4.89926      
1253    0.673106      4.90102      
1254    0.650579      4.90143      
1255    45.1076       4.90445      
1256    25.7322       4.90522      
1257    108.616       4.90675      
1258    23.9522       4.90728      
1259    44.6423       4.90758      
1260    92.8359       4.9127       
1261    1.83145       4.91676      
1262    1.32273       4.91816      
1263    33.0657       4.92398      
1264    20.6439       4.93235      
1265    18.7704       4.93716      
1266    8.47457       4.93752      
1267    3.76519       4.93962      
1268    0.331966      4.94319      
1269    3.33745       4.94456      
1270    451.345       4.94498      
1271    11.3824       4.94678      
1272    3.77158       4.94681      
1273    5.06346       4.95007      
1274    1.5386        4.95412      
1275    15.3165       4.9544       
1276    2.21933       4.95821      
1277    1.07026       4.95944      
1278    1.03288       4.96017      
1279    157.2         4.96192      
1280    29.2105       4.96507      
1281    14.4769       4.96545      
1282    32.42         4.96952      
1283    41.7577       4.97299      
1284    0.411597      4.97351      
1285    2.13804       4.97536      
1286    8.42656       4.97972      
1287    12.339        4.98531      
1288    0.23311       4.99459      
1289    11.6862       4.99462      
1290    17.256        4.99847      
1291    25.8753       5.0034       
1292    6.75483       5.01107      
1293    19.5198       5.01675      
1294    9.63049       5.02566      
1295    5.42596       5.0328       
1296    6.78613       5.03701      
1297    17.2606       5.03736      
1298    32.8027       5.03791      
1299    0.690237      5.0387       
1300    6.09435       5.04805      
1301    7.12975       5.05117      
1302    11.8027       5.05262      
1303    11.156        5.05604      
1304    12.8942       5.05795      
1305    5.77918       5.06364      
1306    6.42784       5.06601      
1307    2.49619       5.0685       
1308    10.9883       5.07163      
1309    6.61668       5.07552      
1310    13.1552       5.08183      
1311    0.384131      5.08457      
1312    148.781       5.08571      
1313    24.3216       5.08739      
1314    17.4531       5.08853      
1315    11.7204       5.08887      
1316    0.3423        5.093        
1317    76.123        5.09382      
1318    0.133991      5.09394      
1319    4.07517       5.09753      
1320    78.8576       5.09831      
1321    71.9049       5.10075      
1322    57.4052       5.10848      
1323    31.7385       5.11668      
1324    0.312598      5.11994      
1325    0.237434      5.12031      
1326    123.736       5.12082      
1327    44.3029       5.12558      
1328    105.86        5.12591      
1329    26.617        5.1298       
1330    1.21093       5.13131      
1331    2.44154       5.13394      
1332    1.92157       5.13511      
1333    3.0817        5.1379       
1334    6.89145       5.14354      
1335    6.51029       5.14994      
1336    11.4821       5.1512       
1337    9.88461       5.15419      
1338    6.62628       5.1548       
1339    22.7273       5.16886      
1340    7.23255       5.17365      
1341    18.8662       5.17387      
1342    5.14998       5.17884      
1343    6.40881       5.18088      
1344    12.1496       5.18122      
1345    2.69491       5.1823       
1346    2.78059       5.18271      
1347    7.00778       5.18384      
1348    2.68848       5.19892      
1349    65.7088       5.20162      
1350    10.5005       5.2019       
1351    0.844015      5.20326      
1352    5.68456       5.20581      
1353    8.36586       5.22179      
1354    9.8145        5.22775      
1355    15.1569       5.22865      
1356    3.26112       5.23356      
1357    1.26571       5.2344       
1358    17.7822       5.23443      
1359    2.64327       5.23868      
1360    13.7791       5.2425       
1361    248.768       5.24346      
1362    0.414201      5.24477      
1363    21.6007       5.24784      
1364    5.0241        5.25668      
1365    17.4841       5.26964      
1366    31.2489       5.26987      
1367    3.57456       5.27791      
1368    28.5976       5.27973      
1369    0.266536      5.27974      
1370    2.01504       5.28523      
1371    1.88548       5.28581      
1372    27.8885       5.28624      
1373    13.525        5.28833      
1374    4.61901       5.29528      
1375    12.4971       5.29548      
1376    8.65199       5.30071      
1377    16.9074       5.30396      
1378    6.1549        5.30414      
1379    14.437        5.30594      
1380    0.265378      5.30601      
1381    37.4894       5.30766      
1382    12.4545       5.31875      
1383    2.97437       5.325        
1384    0.437654      5.32501      
1385    4.35681       5.33211      
1386    2.35622       5.33355      
1387    23.9843       5.33415      
1388    0.338663      5.33423      
1389    13.554        5.33634      
1390    13.6268       5.33665      
1391    9.62355       5.3506       
1392    0.243336      5.3524       
1393    22.312        5.35241      
1394    0.735843      5.35275      
1395    2.38083       5.35406      
1396    2.30745       5.35509      
1397    19.2508       5.35584      
1398    2.61247       5.35621      
1399    12.403        5.36438      
1400    4.68503       5.36853      
1401    4.6896        5.36856      
1402    25.5545       5.38012      
1403    17.6549       5.40046      
1404    5.5901        5.4081       
1405    2.67166       5.41132      
1406    4.53239       5.41321      
1407    48.1388       5.41351      
1408    2.97786       5.41764      
1409    17.3723       5.41881      
1410    14.2985       5.41964      
1411    20.2361       5.4217       
1412    7.66498       5.42264      
1413    17.5258       5.42346      
1414    37.0793       5.42445      
1415    2.68676       5.42509      
1416    1.5325        5.42597      
1417    8.972         5.42829      
1418    22.1164       5.42891      
1419    3.19189       5.42978      
1420    6.12247       5.43113      
1421    0.175084      5.43229      
1422    1.62815       5.43229      
1423    7.69031       5.43722      
1424    6.34391       5.44137      
1425    7.90142       5.44194      
1426    2.43624       5.44264      
1427    6.21598       5.45172      
1428    35.1312       5.45848      
1429    7.44219       5.45937      
1430    18.8348       5.46245      
1431    34.9218       5.46269      
1432    131.122       5.46627      
1433    0.867366      5.46898      
1434    0.537298      5.49846      
1435    37.0091       5.49956      
1436    37.0504       5.49966      
1437    11.5381       5.51495      
1438    42.7907       5.51959      
1439    12.6518       5.52285      
1440    69.851        5.52551      
1441    177.231       5.52621      
1442    7.21653       5.53024      
1443    0.707369      5.53124      
1444    0.741927      5.53155      
1445    1.57232       5.53193      
1446    0.815317      5.5324       
1447    3.75848       5.53305      
1448    5.17016       5.53558      
1449    2.07627       5.53725      
1450    4.12517       5.53889      
1451    11.9356       5.54203      
1452    4.12214       5.54619      
1453    5.23594       5.54774      
1454    28.2557       5.55423      
1455    3.11683       5.56154      
1456    15.6535       5.56216      
1457    39.1803       5.56715      
1458    20.7628       5.56743      
1459    213.972       5.56972      
1460    2.28276       5.56989      
1461    4.81732       5.57218      
1462    0.699744      5.57336      
1463    6.03698       5.57545      
1464    2.102         5.57718      
1465    30.5309       5.58369      
1466    21.8813       5.58434      
1467    7.08735       5.59141      
1468    43.7993       5.59449      
1469    7.78222       5.59459      
1470    4.79403       5.59686      
1471    11.9636       5.60075      
1472    15.5049       5.60084      
1473    6.74402       5.60578      
1474    0.532204      5.61006      
1475    15.0523       5.61017      
1476    0.532669      5.61027      
1477    12.169        5.61731      
1478    10.707        5.61923      
1479    10.5872       5.6219       
1480    8.08445       5.62214      
1481    10.5097       5.62215      
1482    6.28214       5.62328      
1483    2.10538       5.62402      
1484    2.53968       5.62547      
1485    9.92339       5.62667      
1486    11.1516       5.62951      
1487    15.8869       5.63792      
1488    23.2672       5.6424       
1489    12.6469       5.6518       
1490    4.74561       5.65577      
1491    3.43481       5.65894      
1492    42.6741       5.66397      
1493    24.084        5.66463      
1494    46.1135       5.66826      
1495    53.3681       5.67265      
1496    19.5484       5.67325      
1497    24.4883       5.67364      
1498    2.96939       5.67818      
1499    4.04691       5.67982      
1500    4.43076       5.68282      
1501    5.41165       5.68591      
1502    8.51747       5.69327      
1503    2.10319       5.69614      
1504    22.9207       5.70205      
1505    58.4348       5.70291      
1506    39.533        5.70335      
1507    71.9256       5.70429      
1508    0.770622      5.70756      
1509    11.0343       5.70946      
1510    56.0828       5.71739      
1511    20.9191       5.71812      
1512    9.4867        5.71834      
1513    43.6718       5.7189       
1514    29.035        5.7191       
1515    13.8078       5.72893      
1516    14.8051       5.72898      
1517    22.2527       5.72943      
1518    4.99824       5.73449      
1519    7.02          5.73721      
1520    2.43299       5.74622      
1521    29.4035       5.74646      
1522    30.4579       5.75308      
1523    14.4056       5.76798      
1524    84.2392       5.76885      
1525    0.366346      5.76964      
1526    70.0107       5.77293      
1527    1.77771       5.77351      
1528    2.52461       5.77668      
1529    17.2562       5.79275      
1530    19.4094       5.79439      
1531    4.50501       5.803        
1532    0.595761      5.80441      
1533    66.5718       5.80506      
1534    4.48467       5.80512      
1535    16.6699       5.81152      
1536    5.42059       5.8205       
1537    3.84537       5.82172      
1538    3.92541       5.82258      
1539    5.38935       5.82568      
1540    11.184        5.82739      
1541    11.7952       5.82792      
1542    2.49215       5.8284       
1543    4.87653       5.82866      
1544    1.85667       5.82977      
1545    37.317        5.83048      
1546    0.85941       5.83165      
1547    4.49627       5.83209      
1548    10.9613       5.83445      
1549    4.33345       5.83782      
1550    6.40381       5.84111      
1551    1.20461       5.8439       
1552    14.0837       5.84503      
1553    32.0669       5.84626      
1554    0.246791      5.84633      
1555    2.85443       5.84892      
1556    5.05625       5.84893      
1557    8.52796       5.85196      
1558    37.4864       5.85835      
1559    3.42071       5.85977      
1560    18.0906       5.86038      
1561    9.04581       5.86728      
1562    4.22852       5.86759      
1563    26.5149       5.87193      
1564    10.6346       5.87296      
1565    10.5651       5.87313      
1566    9.01313       5.8767       
1567    7.0095        5.87671      
1568    13.0483       5.87694      
1569    8.9014        5.87776      
1570    7.01549       5.87803      
1571    19.0802       5.87838      
1572    3.64997       5.87959      
1573    5.04855       5.88042      
1574    6.24463       5.88334      
1575    10.4558       5.89159      
1576    9.68721       5.89489      
1577    0.234408      5.89617      
1578    79.6938       5.89623      
1579    19.786        5.91056      
1580    9.65721       5.91402      
1581    23.7976       5.9143       
1582    12.2937       5.9256       
1583    8.50675       5.92729      
1584    0.301136      5.92731      
1585    14.4815       5.93141      
1586    10.4292       5.93488      
1587    12.644        5.935        
1588    10.3673       5.93521      
1589    2.35698       5.93875      
1590    2.59908       5.93934      
1591    3.64066       5.93965      
1592    10.4977       5.9398       
1593    3.56257       5.9408       
1594    13.8844       5.94409      
1595    19.8589       5.94486      
1596    3.05846       5.9775       
1597    18.4781       5.9776       
1598    14.5054       5.98031      
1599    46.4555       5.9952       
1600    24.2027       5.99547      
1601    6.03909       5.99555      
1602    0.743602      6.00155      
1603    0.647303      6.00182      
1604    0.500284      6.00212      
1605    0.433303      6.00223      
1606    3.71858       6.00265      
1607    71.0182       6.00276      
1608    0.247709      6.00297      
1609    2.07914       6.00324      
1610    2.50206       6.0042       
1611    0.894239      6.00459      
1612    3.07617       6.00551      
1613    22.7664       6.0141       
1614    6.04051       6.02544      
1615    12.8339       6.02556      
1616    16.8358       6.04099      
1617    0.570802      6.04103      
1618    30.5735       6.05219      
1619    11.5523       6.05545      
1620    5.47887       6.05576      
1621    23.1312       6.06039      
1622    7.18245       6.06206      
1623    2.1357        6.06385      
1624    17.0908       6.06391      
1625    5.41585       6.06417      
1626    6.02978       6.06491      
1627    2.0045        6.0669       
1628    8.18604       6.06701      
1629    0.539392      6.06711      
1630    3.8453        6.06797      
1631    6.04211       6.06971      
1632    8.52052       6.07366      
1633    0.479346      6.07367      
1634    2.38454       6.07987      
1635    6.37208       6.08013      
1636    1.07676       6.08065      
1637    4.22548       6.08101      
1638    15.7002       6.08242      
1639    6.2493        6.08285      
1640    6.28536       6.08329      
1641    6.43779       6.08364      
1642    6.9721        6.0865       
1643    0.358078      6.08652      
1644    9.28821       6.09008      
1645    0.384634      6.09011      
1646    9.38729       6.09275      
1647    13.1838       6.09393      
1648    2.58951       6.09393      
1649    2.17542       6.09485      
1650    8.4082        6.09522      
1651    9.71027       6.09554      
1652    1.06409       6.09608      
1653    5.04897       6.09792      
1654    3.87922       6.10775      
1655    3.84715       6.10807      
1656    9.63857       6.11403      
1657    4.54666       6.11905      
1658    0.962765      6.12484      
1659    2.61397       6.12526      
1660    2.69581       6.12584      
1661    0.425344      6.12674      
1662    0.243561      6.12708      
1663    80.0641       6.12712      
1664    0.332801      6.12733      
1665    0.573788      6.12787      
1666    68.6003       6.13539      
1667    2.33645       6.14344      
1668    4.3897        6.1435       
1669    3.07598       6.15533      
1670    0.429551      6.15586      
1671    36.7763       6.15606      
1672    0.395752      6.15626      
1673    6.92277       6.15694      
1674    1.56364       6.1593       
1675    6.43301       6.15934      
1676    3.8966        6.15976      
1677    3.29983       6.17779      
1678    0.486528      6.17779      
1679    16.5506       6.18084      
1680    0.254832      6.18389      
1681    8.85972       6.18391      
1682    0.276315      6.18393      
1683    8.59051       6.18573      
1684    4.94925       6.18697      
1685    2.50566       6.18706      
1686    1.40725       6.18744      
1687    2.86978       6.18769      
1688    8.31172       6.18781      
1689    9.38744       6.20061      
1690    0.577591      6.20399      
1691    4.40359       6.20399      
1692    10.4577       6.21097      
1693    5.64692       6.21112      
1694    4.79537       6.22922      
1695    0.0966752     6.22923      
1696    4.65655       6.2294       
1697    0.404017      6.23531      
1698    3.7086        6.23531      
1699    0.791643      6.24377      
1700    0.662007      6.2439       
1701    0.625675      6.24412      
1702    0.45432       6.24443      
1703    57.148        6.24447      
1704    0.560162      6.24464      
1705    1.0539        6.24538      
1706    1.33258       6.24585      
1707    39.117        6.26135      
1708    3.9688        6.26165      
1709    1.66405       6.26623      
1710    4.12927       6.26633      
1711    4.8296        6.26669      
1712    0.217486      6.2667       
1713    14.0198       6.27091      
1714    2.93367       6.27134      
1715    5.91562       6.27225      
1716    15.6427       6.27287      
1717    0.349172      6.27294      
1718    0.614079      6.27308      
1719    5.04745       6.27786      
1720    7.0724        6.27908      
1721    4.24915       6.28011      
1722    4.25306       6.28012      
1723    4.27836       6.28017      
