83           143         
83           46          
83           81          
83           129         
83           89          
83           91          
83           64          
83           67          
83           149         
83           79          
83           80          
83           84          
83           82          
83           93          
83           88          
83           60          
83           142         
83           74          
83           63          
83           56          
83           85          
83           86          
83           101         
83           65          
83           124         
83           123         
99           105         
99           96          
99           141         
99           129         
99           38          
99           97          
99           104         
99           103         
99           121         
99           98          
99           100         
99           85          
99           110         
99           24          
99           108         
3            2           
171          161         
171          170         
171          174         
171          168         
45           46          
45           179         
138          136         
138          137         
138          133         
138          140         
87           88          
87           89          
87           91          
87           84          
87           90          
87           85          
87           82          
87           86          
91           88          
91           89          
91           153         
91           92          
91           65          
91           84          
91           90          
91           82          
91           79          
91           86          
107          106         
64           55          
64           46          
64           60          
64           53          
64           66          
64           74          
64           61          
64           73          
64           63          
64           59          
64           85          
64           65          
64           70          
64           56          
64           67          
64           58          
64           79          
64           86          
17           16          
17           18          
17           24          
151          145         
151          153         
151          168         
151          157         
151          152         
151          150         
151          86          
68           67          
62           78          
62           61          
62           60          
62           53          
167          163         
167          170         
167          153         
167          162         
167          166         
167          168         
167          174         
167          24          
167          122         
176          174         
176          168         
72           74          
72           85          
72           65          
42           40          
42           41          
42           39          
42           43          
13           12          
13           24          
130          132         
130          110         
130          141         
130          129         
130          140         
67           59          
67           60          
67           129         
67           53          
67           74          
67           73          
67           63          
67           69          
67           102         
67           100         
67           70          
67           56          
67           55          
67           65          
67           123         
67           86          
67           128         
41           39          
41           40          
41           38          
41           65          
41           43          
41           37          
9            16          
9            8           
9            38          
9            10          
9            18          
9            24          
50           49          
50           53          
79           65          
79           84          
79           85          
79           86          
160          170         
160          161         
160          174         
160          122         
160          168         
22           24          
105          39          
105          96          
105          129         
105          38          
105          97          
105          94          
105          104         
105          98          
105          100         
105          106         
105          85          
105          110         
105          24          
105          108         
105          44          
117          118         
117          126         
117          116         
117          106         
133          132         
133          108         
133          134         
35           38          
35           32          
35           34          
35           56          
35           55          
35           37          
35           24          
170          129         
170          169         
170          162         
170          168         
170          165         
170          163         
170          174         
170          124         
170          173         
170          172         
170          140         
170          161         
170          159         
112          113         
112          122         
112          129         
112          108         
53           54          
53           84          
53           70          
53           58          
53           101         
53           36          
53           60          
53           61          
53           73          
53           52          
53           48          
53           34          
53           56          
53           66          
53           51          
53           65          
53           49          
53           55          
139          132         
139          140         
113          103         
113          114         
113          129         
113          123         
132          129         
132          134         
132          136         
132          125         
132          131         
132          140         
95           96          
38           46          
38           98          
38           40          
38           37          
38           34          
38           106         
38           85          
38           39          
179          143         
179          46          
179          174         
179          152         
179          177         
179          158         
179          97          
179          168         
179          157         
179          101         
179          96          
179          0           
179          169         
179          153         
179          166         
179          148         
179          178         
179          100         
179          180         
179          137         
179          86          
179          150         
179          124         
134          137         
19           20          
19           32          
19           65          
19           27          
19           24          
175          174         
98           39          
98           96          
98           97          
98           100         
98           110         
120          119         
84           81          
84           89          
84           94          
84           149         
84           78          
84           70          
84           82          
84           93          
84           24          
84           88          
84           61          
84           48          
84           34          
84           90          
84           85          
84           86          
84           66          
84           101         
84           65          
70           71          
70           74          
70           94          
70           69          
70           65          
172          153         
172          174         
172          168         
37           36          
37           40          
37           39          
37           34          
101          81          
101          122         
101          104         
101          103         
101          100         
101          90          
101          93          
101          24          
101          108         
101          65          
24           46          
24           129         
24           94          
24           12          
24           106         
24           25          
24           90          
24           33          
24           16          
24           8           
24           103         
24           18          
24           34          
24           27          
24           21          
24           23          
24           85          
24           20          
24           29          
24           93          
24           26          
24           32          
24           14          
122          109         
122          129         
122          94          
122          121         
122          108         
122          124         
122          110         
159          153         
159          143         
159          163         
16           29          
16           12          
16           18          
16           44          
88           89          
88           66          
88           92          
88           90          
88           85          
88           82          
88           93          
88           86          
36           34          
163          162         
163          168         
163          165         
163          174         
163          173         
163          161         
163          164         
96           109         
96           46          
96           129         
96           97          
96           100         
96           43          
96           85          
96           110         
96           174         
96           39          
76           75          
76           106         
76           110         
76           78          
76           43          
0            1           
5            4           
5            2           
5            1           
8            12          
8            18          
8            27          
8            15          
169          148         
169          174         
169          168         
73           100         
73           74          
153          143         
153          177         
153          155         
153          145         
153          158         
153          146         
153          148         
153          152         
153          154         
153          157         
153          150         
153          82          
153          86          
166          143         
166          46          
166          168         
63           60          
63           65          
63           56          
63           58          
63           55          
52           56          
48           85          
48           34          
57           56          
18           29          
18           6           
18           12          
18           34          
18           15          
18           33          
27           28          
27           32          
27           15          
11           12          
90           29          
90           43          
90           89          
90           93          
90           34          
90           85          
90           86          
56           75          
56           60          
56           74          
56           55          
56           78          
56           54          
56           59          
56           103         
56           49          
56           58          
56           85          
56           65          
85           81          
85           129         
85           89          
85           82          
85           93          
85           141         
85           74          
85           61          
85           86          
85           66          
85           65          
110          109         
110          111         
110          129         
110          104         
110          108         
110          106         
110          123         
110          141         
77           78          
86           143         
86           46          
86           81          
86           89          
86           152         
86           158         
86           75          
86           58          
86           82          
86           94          
86           157         
86           92          
86           71          
86           32          
86           65          
86           123         
44           39          
44           43          
44           40          
29           30          
29           32          
29           34          
71           75          
71           65          
147          148         
147          143         
147          150         
66           61          
66           65          
4            2           
51           65          
59           46          
59           60          
59           74          
59           61          
59           65          
59           58          
119          118         
146          145         
150          143         
150          155         
150          168         
150          148         
150          174         
150          157         
150          152         
150          149         
32           30          
32           34          
32           31          
32           33          
102          55          
102          103         
131          143         
65           75          
65           46          
65           40          
65           54          
65           58          
65           60          
65           74          
65           61          
65           69          
65           55          
124          129         
124          123         
156          148         
156          152         
156          174         
156          157         
156          140         
49           60          
49           54          
49           55          
55           60          
55           54          
55           58          
127          126         
123          143         
123          129         
123          103         
14           12          
140          143         
140          141         
140          129         
140          148         
140          161         
75           78          
75           60          
75           74          
143          145         
143          141         
143          81          
143          149         
143          142         
143          148         
143          144         
143          157         
143          152         
46           28          
46           74          
46           97          
46           92          
46           47          
46           43          
46           100         
81           93          
81           82          
1            2           
1            174         
129          128         
129          12          
129          108         
136          137         
94           108         
94           93          
94           100         
162          168         
162          174         
162          161         
121          108         
12           10          
47           100         
135          137         
174          152         
174          161         
174          168         
174          165         
174          157         
174          173         
174          141         
174          155         
174          148         
174          177         
43           40          
43           97          
43           39          
152          149         
152          158         
152          148         
152          157         
152          154         
106          108         
149          148         
149          144         
149          157         
161          141         
161          168         
161          165         
108          109         
108          141         
145          82          
115          116         
177          148         
177          168         
158          168         
158          148         
158          157         
40           39          
97           100         
7            6           
168          165         
168          148         
168          157         
168          173         
165          144         
54           58          
157          148         
93           34          
33           34          
109          100         
60           74          
60           61          
141          100         
141          148         
126          125         
148          180         
148          144         
