0       2.6821        0.0632557    
1       5.02436       0.0672303    
2       3.90791       0.0926483    
3       0.599807      0.0927457    
4       2.29446       0.110448     
5       3.64943       0.114046     
6       2.40691       0.188061     
7       0.62631       0.188198     
8       7.68699       0.231686     
9       6.74036       0.249369     
10      1.84674       0.260473     
11      0.484951      0.282038     
12      8.89668       0.282992     
13      2.1568        0.290902     
14      2.6708        0.303967     
15      4.39998       0.455156     
16      8.96796       0.504556     
17      2.80733       0.508094     
18      14.1041       0.50981      
19      5.67254       0.573705     
20      1.72708       0.575849     
21      0.896087      0.647535     
22      0.694597      0.656089     
23      0.740657      0.66241      
24      37.1128       0.6641       
25      0.816372      0.668627     
26      0.872836      0.678005     
27      7.13412       0.776886     
28      1.71102       0.777301     
29      8.23419       0.80724      
30      2.17233       0.819199     
31      0.608054      0.889697     
32      11.2333       0.890344     
33      5.07194       0.910123     
34      16.4859       1.00412      
35      8.94871       1.02582      
36      3.57009       1.11465      
37      7.01202       1.14147      
38      12.5054       1.18027      
39      8.80224       1.20982      
40      6.59356       1.21997      
41      5.30863       1.22314      
42      2.38691       1.23439      
43      9.08057       1.25537      
44      5.48595       1.28519      
45      2.94921       1.44448      
46      18.7824       1.44569      
47      2.9536        1.4731       
48      5.21712       1.55357      
49      6.01516       1.59885      
50      1.99499       1.60128      
51      2.20257       1.65864      
52      1.85563       1.68224      
53      20.6891       1.68246      
54      5.21756       1.73461      
55      11.0447       1.73942      
56      18.378        1.76663      
57      0.351595      1.76998      
58      7.71647       1.79619      
59      7.29503       1.84888      
60      11.8702       1.88323      
61      6.7401        1.89296      
62      2.63078       1.89566      
63      7.19645       1.97207      
64      18.355        2.02188      
65      31.1235       2.02319      
66      6.68622       2.03933      
67      17.8048       2.11728      
68      0.345743      2.11822      
69      2.5449        2.15574      
70      7.98032       2.16818      
71      4.03242       2.21115      
72      3.17405       2.25022      
73      4.67297       2.27895      
74      11.1202       2.29808      
75      7.08425       2.33277      
76      4.59793       2.36442      
77      0.559909      2.38812      
78      4.84143       2.38837      
79      7.08847       2.46186      
80      0.963354      2.54296      
81      7.46486       2.57672      
82      9.72876       2.58945      
83      27.226        2.596        
84      24.8699       2.59813      
85      27.4103       2.73726      
86      31.3245       2.74809      
87      4.79064       2.79061      
88      9.79885       2.79229      
89      4.60001       2.7925       
90      10.9205       2.79284      
91      9.73096       2.79392      
92      3.48215       2.86222      
93      10.3876       2.93615      
94      10.3788       3.04458      
95      0.37263       3.1874       
96      15.5576       3.18908      
97      8.63703       3.21832      
98      8.60661       3.22274      
99      16.9676       3.32824      
100     15.8961       3.35219      
101     15.5434       3.41322      
102     2.84329       3.47942      
103     6.96833       3.48263      
104     4.7996        3.5422       
105     17.6083       3.55542      
106     8.62349       3.65069      
107     0.653297      3.65109      
108     14.8237       3.73291      
109     6.10563       3.74786      
110     16.0368       3.76466      
111     0.601744      3.77186      
112     4.63605       3.84393      
113     4.78963       3.85639      
114     0.536852      3.85695      
115     0.45522       3.89829      
116     1.71307       3.89837      
117     4.48524       3.91176      
118     2.34661       3.9275       
119     1.67555       3.9338       
120     0.567998      3.93446      
121     4.25553       3.98211      
122     13.954        4.02238      
123     12.5017       4.08489      
124     9.02089       4.09418      
125     2.40748       4.19364      
126     2.63109       4.19899      
127     0.417617      4.19905      
128     3.36398       4.26208      
129     26.185        4.2789       
130     6.30478       4.51288      
131     1.76883       4.53163      
132     8.50297       4.54032      
133     3.23329       4.54883      
134     2.29298       4.5527       
135     0.9516        4.57469      
136     1.91663       4.58056      
137     3.56587       4.58213      
138     3.20773       4.58792      
139     2.58911       4.61686      
140     12.2952       4.61898      
141     16.9429       4.81669      
142     2.68365       4.98046      
143     23.0972       5.00567      
144     4.59385       5.01861      
145     4.12471       5.06101      
146     1.3975        5.06311      
147     2.54774       5.09841      
148     19.7293       5.12552      
149     7.52069       5.13513      
150     12.4026       5.17686      
151     5.99597       5.20158      
152     12.8911       5.21724      
153     20.3072       5.22923      
154     1.08487       5.23539      
155     2.49552       5.26151      
156     5.04247       5.31394      
157     14.4926       5.32531      
158     8.52815       5.36753      
159     6.33932       5.57921      
160     5.97606       5.65918      
161     10.1938       5.70084      
162     5.66989       5.71913      
163     8.62502       5.7416       
164     0.342885      5.74274      
165     5.41223       5.76761      
166     4.16654       5.8298       
167     8.40462       5.83807      
168     22.9619       5.87575      
169     4.15059       5.88816      
170     16.6542       5.8971       
171     3.06217       5.92108      
172     3.38124       5.95071      
173     3.79879       5.98208      
174     27.9967       5.99277      
175     0.422585      5.99778      
176     1.88901       6.00777      
177     7.1706        6.09297      
178     0.597098      6.13226      
179     29.6761       6.13851      
180     2.54832       6.14427      
