140          173         
140          2           
140          154         
140          120         
140          170         
140          109         
140          117         
140          134         
140          141         
140          18          
140          135         
140          152         
140          164         
140          155         
140          0           
140          99          
140          139         
140          118         
140          110         
140          91          
140          88          
140          146         
140          147         
140          102         
140          165         
143          159         
143          136         
143          144         
143          160         
143          175         
143          135         
143          170         
143          70          
143          122         
143          156         
143          104         
143          142         
143          130         
143          139         
143          138         
29           31          
29           26          
29           24          
29           30          
119          120         
119          13          
46           47          
46           45          
149          146         
149          150         
149          151         
149          147         
149          152         
149          148         
149          135         
151          164         
151          146         
151          150         
151          147         
151          8           
151          102         
151          153         
151          152         
151          148         
151          134         
132          133         
109          89          
109          120         
109          135         
109          85          
109          101         
109          118         
109          88          
109          100         
109          111         
109          97          
109          110         
109          91          
109          117         
109          102         
109          114         
109          99          
109          134         
109          106         
109          90          
77           78          
9            146         
9            4           
9            8           
9            15          
9            24          
9            165         
9            11          
9            12          
116          117         
98           97          
98           99          
98           88          
98           100         
62           70          
62           61          
62           60          
28           26          
103          102         
130          127         
65           70          
65           64          
174          159         
174          40          
174          175         
174          131         
174          170         
174          43          
117          166         
117          144         
117          115         
117          97          
117          118         
117          111         
117          146         
117          91          
117          105         
117          102         
117          114         
117          88          
125          126         
125          102         
125          127         
125          128         
125          123         
59           70          
59           61          
59           57          
59           60          
92           97          
92           93          
134          146         
134          102         
134          152         
134          135         
48           47          
23           13          
23           26          
23           24          
23           30          
81           120         
81           82          
136          133         
136          70          
136          159         
136          137         
136          139         
136          135         
136          170         
136          122         
136          145         
136          156         
136          157         
136          138         
136          129         
136          144         
136          127         
52           50          
52           53          
52           55          
42           43          
42           160         
84           70          
84           85          
84           88          
84           123         
30           40          
30           21          
30           33          
30           31          
30           24          
30           32          
30           26          
30           36          
162          161         
162          160         
97           111         
97           99          
97           95          
97           100         
97           93          
97           96          
97           94          
97           102         
97           114         
97           88          
97           85          
41           43          
41           40          
172          171         
172          173         
172          170         
43           40          
43           170         
43           47          
43           38          
43           49          
122          133         
122          120         
122          135         
122          126         
122          123         
13           155         
13           146         
13           17          
13           120         
13           11          
13           144         
13           22          
13           8           
13           1           
13           15          
13           24          
13           14          
13           10          
13           26          
13           45          
13           12          
44           45          
75           70          
75           102         
75           74          
75           78          
27           26          
138          159         
138          139         
138          137         
138          144         
168          167         
168          173         
168          2           
152          154         
152          70          
152          146         
152          150         
152          155         
152          108         
152          164         
152          100         
152          145         
152          165         
152          102         
152          135         
152          83          
152          114         
152          148         
152          163         
114          113         
114          118         
114          145         
114          115         
114          102         
21           17          
21           8           
21           26          
21           24          
123          126         
123          124         
155          154         
155          70          
155          161         
155          160         
155          156         
155          165         
155          144         
70           66          
70           154         
70           120         
70           170         
70           145         
70           64          
70           82          
70           133         
70           135         
70           68          
70           76          
70           0           
70           61          
70           57          
70           104         
70           69          
70           60          
70           83          
70           148         
70           73          
70           72          
70           25          
70           74          
70           80          
70           71          
70           67          
70           78          
161          159         
161          160         
161          163         
161          170         
161          145         
0            34          
0            146         
0            2           
61           60          
61           64          
150          164         
150          154         
150          146         
150          147         
150          148         
150          135         
124          83          
34           35          
34           31          
34           33          
34           24          
34           26          
34           36          
34           25          
139          163         
139          159         
139          135         
139          137         
139          102         
139          144         
139          128         
131          133         
131          112         
131          128         
57           64          
57           58          
57           60          
57           56          
22           26          
22           24          
8            164         
8            146         
8            2           
8            4           
8            11          
8            20          
8            10          
8            15          
8            5           
8            7           
8            17          
8            25          
8            6           
8            12          
1            120         
1            2           
1            25          
91           99          
91           102         
91           85          
91           88          
91           90          
87           88          
86           88          
60           76          
60           64          
60           56          
82           78          
63           64          
148          154         
148          146         
148          147         
148          135         
88           106         
88           108         
88           135         
88           94          
88           90          
88           99          
88           118         
88           104         
88           83          
88           107         
88           89          
88           102         
88           93          
88           85          
25           24          
25           26          
159          133         
159          160         
159          170         
159          156         
159          157         
159          175         
159          158         
166          167         
107          108         
146          120         
146          147         
146          145         
146          12          
146          135         
146          10          
146          11          
146          90          
146          164         
146          153         
146          165         
129          126         
129          128         
129          127         
80           79          
80           83          
80           78          
113          102         
113          112         
16           15          
16           2           
16           17          
101          102         
101          100         
95           102         
89           102         
89           90          
15           18          
15           17          
15           2           
15           11          
15           24          
15           26          
15           12          
78           76          
78           79          
78           83          
105          104         
38           18          
38           2           
38           37          
102          112         
102          120         
102          106         
102          135         
102          90          
102          99          
102          118         
102          100         
102          110         
102          115         
102          85          
165          2           
165          154         
165          164         
39           40          
39           26          
39           11          
93           99          
93           94          
93           85          
85           99          
85           64          
85           94          
85           90          
51           50          
173          170         
173          2           
173          167         
66           64          
40           31          
40           2           
40           170         
40           17          
112          108         
2            3           
2            4           
2            18          
2            17          
2            175         
2            11          
120          118         
120          137         
120          153         
120          121         
120          144         
170          160         
170          135         
170          169         
147          135         
47           45          
145          154         
145          144         
33           26          
33           24          
5            4           
142          160         
121          144         
26           17          
26           31          
26           20          
26           11          
26           24          
26           32          
26           12          
26           36          
128          127         
128          126         
128          137         
12           18          
12           11          
12           10          
12           17          
18           17          
18           11          
31           175         
31           24          
31           32          
160          163         
54           55          
135          154         
135          175         
135          100         
20           24          
10           24          
10           11          
126          127         
137          144         
24           11          
24           19          
24           17          
24           32          
24           36          
94           90          
11           17          
154          83          
163          144         
99           100         
50           49          
17           19          
17           37          
