0       6.33652       0.0893512    
1       4.70054       0.139314     
2       17.5946       0.155101     
3       0.653821      0.162061     
4       3.0102        0.247231     
5       1.31071       0.247609     
6       0.830214      0.272398     
7       0.667242      0.278904     
8       17.532        0.295669     
9       7.15813       0.296834     
10      4.50645       0.373479     
11      12.8969       0.388054     
12      9.14217       0.391872     
13      18.6822       0.413793     
14      0.611076      0.429296     
15      10.1814       0.48024      
16      1.77802       0.487594     
17      14.3832       0.511846     
18      6.73391       0.522793     
19      2.7791        0.580532     
20      4.36211       0.780795     
21      5.9542        0.827846     
22      3.08169       0.867031     
23      4.27633       0.897948     
24      22.0543       0.8984       
25      6.46639       0.975364     
26      21.216        0.994665     
27      0.402756      1.00015      
28      0.629284      1.00862      
29      3.04714       1.03413      
30      9.84041       1.05654      
31      7.50066       1.06254      
32      3.10145       1.06836      
33      4.46189       1.15716      
34      8.01833       1.17905      
35      0.538209      1.17951      
36      5.12178       1.20228      
37      2.46407       1.37797      
38      5.04061       1.38249      
39      4.33618       1.43192      
40      11.4092       1.43664      
41      2.15007       1.51985      
42      2.12096       1.52899      
43      9.23146       1.52905      
44      0.801117      1.61097      
45      4.89859       1.61342      
46      2.65751       1.64394      
47      4.38629       1.65401      
48      0.636553      1.65583      
49      2.86732       1.71654      
50      3.22534       1.72548      
51      0.491688      1.72644      
52      3.8646        1.76226      
53      0.704415      1.76232      
54      0.678023      1.79785      
55      2.59495       1.79795      
56      2.09367       1.88614      
57      5.27386       1.8938       
58      0.326688      1.89412      
59      3.87927       1.9163       
60      8.35213       1.93726      
61      4.47777       1.94839      
62      2.16894       1.94983      
63      0.461764      1.99835      
64      8.20592       2.0003       
65      1.9588        2.0095       
66      2.42312       2.02457      
67      0.940929      2.18358      
68      0.796088      2.19301      
69      0.703804      2.20449      
70      41.8908       2.20516      
71      0.720538      2.21359      
72      0.858932      2.22423      
73      1.00675       2.23387      
74      1.73418       2.31972      
75      4.45032       2.32244      
76      3.68706       2.3458       
77      0.436165      2.39647      
78      8.92378       2.39697      
79      1.61601       2.41893      
80      4.4047        2.42241      
81      2.12756       2.51503      
82      3.44388       2.5151       
83      10.3179       2.56323      
84      4.96925       2.80094      
85      13.8203       2.81154      
86      0.738574      2.86487      
87      0.626768      2.87111      
88      28.3795       2.88855      
89      3.68463       2.89038      
90      8.16176       2.93533      
91      8.14282       2.93841      
92      1.43789       2.99735      
93      4.84081       3.00135      
94      4.72689       3.01874      
95      1.91503       3.16815      
96      0.559041      3.18625      
97      16.1514       3.19477      
98      3.00226       3.21581      
99      10.8753       3.22691      
100     8.54519       3.24961      
101     2.9172        3.29591      
102     34.7977       3.33623      
103     0.608572      3.34173      
104     3.91254       3.42196      
105     1.55847       3.42342      
106     3.57212       3.46473      
107     1.53956       3.50822      
108     3.82604       3.51002      
109     22.3959       3.57224      
110     3.64457       3.57449      
111     3.56943       3.6121       
112     4.21542       3.66241      
113     3.15212       3.66874      
114     11.2224       3.78973      
115     3.14366       3.81027      
116     0.402879      3.84718      
117     17.7768       3.84803      
118     9.73204       3.88676      
119     2.49167       4.09966      
120     17.2158       4.10729      
121     2.67865       4.11859      
122     8.19212       4.21239      
123     5.12922       4.24409      
124     1.92394       4.2459       
125     4.86467       4.31051      
126     5.08042       4.33483      
127     4.94064       4.34513      
128     5.9241        4.35117      
129     3.13098       4.35465      
130     2.81507       4.38757      
131     5.68635       4.51188      
132     0.724784      4.53823      
133     6.97789       4.54151      
134     8.54603       4.71522      
135     23.6959       4.77391      
136     17.8341       4.83431      
137     4.31199       4.85301      
138     4.25955       4.86711      
139     11.0305       4.88127      
140     28.1742       4.93165      
141     0.476564      4.93903      
142     1.41393       5.01313      
143     15.7598       5.02361      
144     12.8113       5.06931      
145     7.99502       5.17406      
146     23.77         5.29266      
147     4.44087       5.29725      
148     6.43432       5.31152      
149     4.01974       5.31595      
150     6.68078       5.32394      
151     9.06071       5.33027      
152     19.5188       5.33981      
153     3.52857       5.42677      
154     9.63304       5.58187      
155     9.38118       5.59068      
156     3.41813       5.62241      
157     1.63172       5.64918      
158     0.325996      5.65898      
159     9.65334       5.66063      
160     6.73768       5.68685      
161     4.77771       5.69231      
162     0.751485      5.69352      
163     4.0569        5.71529      
164     7.08932       5.7647       
165     8.0737        5.76718      
166     2.30349       5.89369      
167     3.11339       5.90423      
168     3.17653       5.90562      
169     0.694466      5.9909       
170     14.8012       5.99102      
171     0.229963      6.04024      
172     2.68746       6.0404       
173     8.13823       6.0616       
174     8.84525       6.17471      
175     8.38398       6.28038      
