0       15.4382       0.0361328    
1       1.3693        0.0479951    
2       13.7582       0.0618464    
3       0.641212      0.0713294    
4       8.3484        0.153572     
5       7.29869       0.154748     
6       2.22962       0.161929     
7       4.45615       0.194426     
8       4.22714       0.214131     
9       1.73525       0.21599      
10      3.32167       0.296757     
11      10.9567       0.305451     
12      3.01547       0.329545     
13      7.38631       0.332133     
14      9.79837       0.421166     
15      3.86467       0.535634     
16      6.42966       0.544549     
17      11.0985       0.576053     
18      6.40706       0.734491     
19      11.5076       0.756877     
20      2.13051       0.769034     
21      15.5405       0.881574     
22      11.8674       0.892212     
23      9.28657       0.91224      
24      4.75475       0.919491     
25      21.1361       0.957903     
26      0.42537       1.11005      
27      4.72037       1.11096      
28      4.3228        1.12448      
29      3.83          1.1619       
30      4.76269       1.17862      
31      5.72538       1.18144      
32      2.80333       1.23536      
33      8.26172       1.23614      
34      4.18367       1.24027      
35      8.34609       1.54476      
36      3.03306       1.63235      
37      10.3893       1.69093      
38      26.9953       1.69719      
39      7.36071       1.71448      
40      4.75658       1.71847      
41      6.11854       1.72529      
42      5.82121       1.72531      
43      22.3006       1.76784      
44      2.28617       1.82997      
45      2.55615       1.9397       
46      3.41317       1.94451      
47      8.5311        2.0072       
48      22.6733       2.03466      
49      0.242509      2.08528      
50      2.97044       2.08569      
51      0.632198      2.12558      
52      41.6569       2.1516       
53      9.29317       2.16096      
54      9.25241       2.17862      
55      3.86789       2.24276      
56      3.86354       2.31097      
57      0.381427      2.33633      
58      13.3827       2.33881      
59      1.73126       2.34898      
60      4.35199       2.40641      
61      3.3973        2.41468      
62      0.866355      2.46805      
63      2.42313       2.48323      
64      6.37471       2.49953      
65      33.9341       2.50343      
66      5.98818       2.52686      
67      4.35656       2.63022      
68      2.03125       2.67445      
69      2.34338       2.71424      
70      23.49         2.71769      
71      7.52386       2.72374      
72      2.46309       2.80886      
73      8.22789       2.81194      
74      3.28337       2.87853      
75      10.4963       2.89596      
76      4.17925       2.91905      
77      0.558416      2.9451       
78      31.6416       2.9618       
79      8.07367       2.9701       
80      14.1878       3.03573      
81      2.97351       3.10659      
82      5.82029       3.12646      
83      4.17084       3.15189      
84      3.8681        3.21834      
85      13.5814       3.21866      
86      2.26882       3.36052      
87      8.18059       3.36218      
88      5.33672       3.38836      
89      2.38286       3.52816      
90      12.8466       3.53108      
91      5.64385       3.56196      
92      1.90077       3.56812      
93      10.031        3.6525       
94      3.59762       3.70561      
95      3.53157       3.70822      
96      2.83396       3.73417      
97      0.753403      3.73539      
98      6.76679       3.73925      
99      0.708604      3.74512      
100     3.78298       3.76778      
101     0.996338      3.88632      
102     0.828835      3.8943       
103     0.789956      3.90448      
104     0.663593      3.91161      
105     43.7062       3.91409      
106     0.713037      3.91881      
107     0.740677      3.92624      
108     0.844846      3.93503      
109     1.06177       3.9448       
110     2.36532       4.06726      
111     9.49506       4.07869      
112     0.48182       4.08025      
113     1.81902       4.12765      
114     6.11337       4.13335      
115     0.284505      4.15119      
116     3.06644       4.15134      
117     5.30805       4.18935      
118     2.81154       4.19474      
119     10.1121       4.21342      
120     0.470111      4.21486      
121     2.99716       4.33871      
122     6.80596       4.34323      
123     2.75299       4.37998      
124     1.73013       4.38731      
125     0.556745      4.38777      
126     0.422547      4.42961      
127     3.14093       4.43009      
128     2.88505       4.43615      
129     1.0201        4.49216      
130     2.90802       4.49282      
131     2.92044       4.49326      
132     2.54505       4.55459      
133     8.27929       4.55856      
134     2.58071       4.56912      
135     3.62977       4.60833      
136     0.610095      4.60835      
137     2.3365        4.64208      
138     0.614183      4.64223      
139     3.84848       4.6768       
140     0.658102      4.67729      
141     3.87688       4.71237      
142     0.691383      4.71352      
143     11.6396       4.79633      
144     4.45039       4.80036      
145     6.30993       4.8613       
146     2.42413       4.86163      
147     3.49353       4.99814      
148     2.98877       5.0175       
149     1.70518       5.04097      
150     22.6242       5.06215      
151     3.18588       5.06758      
152     9.48596       5.08753      
153     2.6204        5.10063      
154     11.6362       5.13707      
155     18.292        5.14281      
156     3.06116       5.14964      
157     3.68582       5.18323      
158     1.89062       5.23713      
159     0.328817      5.24774      
160     5.62433       5.24851      
161     6.03854       5.26929      
162     5.74188       5.32491      
163     11.0194       5.38977      
164     8.26975       5.49817      
165     17.2142       5.58222      
166     0.725238      5.5825       
167     0.549293      5.70155      
168     13.9745       5.70758      
169     7.36419       5.72421      
170     6.85487       5.79369      
171     10.4137       5.8076       
172     15.6179       5.80944      
173     9.57028       5.96074      
174     11.3124       5.97395      
175     18.7049       5.98129      
176     0.733804      5.98597      
177     0.54493       5.99821      
178     16.4194       6.02977      
179     0.42943       6.03439      
180     0.694744      6.04161      
181     1.42798       6.07102      
182     3.54066       6.07138      
183     5.22599       6.21796      
184     6.99198       6.27093      
