52           65          
52           54          
52           37          
52           70          
52           175         
52           173         
52           90          
52           0           
52           40          
52           14          
52           58          
52           47          
52           51          
52           68          
52           169         
52           44          
52           43          
52           53          
52           48          
52           4           
52           5           
52           17          
52           163         
52           22          
52           75          
52           66          
52           164         
52           73          
52           67          
52           35          
52           78          
52           56          
52           38          
52           61          
21           25          
21           19          
21           105         
21           2           
21           11          
21           22          
21           43          
21           0           
21           24          
21           16          
21           23          
21           12          
21           7           
140          139         
151          154         
151          152         
151          150         
151          155         
92           91          
92           105         
131          129         
131          130         
131          135         
42           39          
42           105         
42           37          
42           41          
42           38          
42           43          
42           40          
42           48          
37           65          
37           39          
37           35          
37           41          
37           38          
37           36          
37           40          
37           47          
37           48          
26           27          
70           65          
70           85          
70           90          
70           58          
70           47          
70           68          
70           60          
70           80          
70           67          
70           43          
70           64          
70           79          
70           75          
70           59          
70           66          
70           71          
70           73          
70           72          
70           78          
70           69          
70           76          
99           98          
173          54          
173          172         
173          171         
173          38          
173          175         
173          182         
173          178         
173          174         
57           58          
74           71          
74           80          
74           75          
74           78          
118          119         
118          117         
118          105         
149          150         
149          155         
62           65          
32           31          
32           33          
32           34          
116          111         
116          115         
116          114         
116          105         
184          2           
184          143         
184          133         
184          28          
184          183         
184          0           
58           84          
58           65          
58           19          
58           60          
58           64          
58           80          
58           56          
58           59          
58           66          
58           78          
58           73          
58           63          
34           31          
34           33          
34           87          
114          119         
114          113         
114          105         
114          117         
114          122         
81           80          
81           82          
81           78          
47           65          
47           78          
47           38          
47           43          
47           48          
129          130         
89           90          
89           95          
25           15          
25           87          
25           19          
25           91          
25           105         
25           27          
25           163         
25           29          
25           22          
25           33          
25           43          
25           0           
25           24          
25           14          
25           16          
25           2           
25           23          
123          124         
123          127         
132          11          
132          133         
88           85          
88           78          
88           87          
88           105         
154          162         
154          150         
154          157         
154          163         
154          152         
154          143         
154          156         
154          0           
154          164         
154          155         
154          153         
10           13          
10           8           
10           11          
80           64          
80           65          
80           93          
80           82          
80           78          
80           85          
80           75          
80           55          
80           71          
134          143         
134          133         
8            4           
8            0           
8            9           
8            7           
133          145         
133          143         
133          130         
133          128         
44           43          
91           87          
91           90          
91           43          
165          168         
165          166         
165          19          
165          150         
165          171         
165          135         
165          38          
165          156         
165          90          
165          148         
165          170         
165          178         
165          174         
165          155         
165          172         
136          135         
94           98          
94           65          
94           95          
94           105         
112          111         
48           64          
48           65          
48           54          
48           93          
48           17          
48           105         
48           41          
48           38          
48           50          
48           18          
48           43          
48           14          
48           71          
48           39          
48           53          
48           55          
64           65          
64           66          
64           63          
162          178         
162          150         
162          155         
162          168         
5            56          
5            4           
5            11          
5            175         
5            0           
5            14          
5            6           
17           54          
17           105         
17           13          
17           53          
17           11          
17           19          
17           16          
105          110         
105          90          
105          0           
105          101         
105          102         
105          111         
105          27          
105          43          
105          53          
105          113         
105          163         
105          117         
105          100         
105          108         
105          122         
105          107         
105          7           
105          119         
105          95          
105          93          
105          39          
105          104         
105          161         
105          106         
105          96          
105          103         
105          14          
105          109         
105          98          
13           11          
13           18          
13           0           
13           14          
13           12          
163          2           
163          152         
163          175         
163          0           
163          160         
117          111         
117          119         
41           39          
41           35          
41           38          
41           43          
41           40          
86           87          
86           93          
160          150         
160          161         
160          159         
160          152         
160          158         
160          155         
22           65          
22           19          
22           2           
22           18          
22           43          
22           24          
22           23          
28           27          
28           30          
28           46          
142          141         
138          137         
122          111         
122          119         
122          121         
148          155         
148          150         
178          172         
178          35          
178          168         
178          171         
178          161         
178          38          
178          175         
178          182         
178          147         
178          174         
178          170         
178          181         
178          179         
178          180         
128          127         
164          152         
164          175         
164          161         
164          155         
73           65          
73           78          
73           85          
73           79          
73           75          
73           72          
72           78          
55           54          
55           65          
77           78          
119          111         
119          100         
119          120         
119          121         
145          146         
145          169         
145          175         
145          143         
95           98          
23           87          
23           19          
23           2           
23           33          
23           24          
39           38          
39           43          
39           40          
39           53          
78           84          
78           65          
78           82          
78           85          
78           50          
78           43          
78           7           
78           83          
78           79          
78           75          
78           66          
78           67          
78           93          
78           60          
78           61          
78           76          
161          150         
161          155         
2            15          
2            3           
2            27          
2            4           
2            11          
2            0           
2            1           
2            16          
56           38          
49           50          
38           54          
38           90          
38           40          
38           14          
38           171         
38           43          
38           170         
38           172         
38           79          
38           36          
38           35          
38           45          
29           31          
29           33          
29           30          
96           97          
96           98          
96           93          
45           65          
45           46          
176          174         
176          175         
69           71          
69           65          
137          139         
61           65          
61           60          
76           79          
76           65          
76           75          
139          141         
174          168         
174          150         
174          171         
174          169         
174          175         
174          155         
174          172         
98           97          
98           93          
98           100         
84           85          
65           85          
65           46          
65           90          
65           60          
65           43          
65           63          
65           79          
65           33          
65           75          
65           66          
65           71          
65           67          
54           35          
54           53          
54           175         
144          150         
144          172         
144          143         
82           83          
82           85          
82           75          
85           111         
85           79          
85           83          
85           75          
126          127         
4            175         
4            0           
4            11          
4            6           
4            7           
110          111         
143          168         
143          152         
143          175         
46           50          
175          169         
175          172         
175          168         
175          182         
175          183         
175          177         
90           20          
90           36          
90           19          
141          150         
0            43          
0            11          
0            1           
40           43          
14           53          
16           15          
158          150         
181          182         
12           11          
20           19          
87           31          
150          171         
150          152         
150          147         
150          155         
150          153         
150          172         
150          157         
150          156         
150          183         
150          168         
30           31          
30           33          
30           24          
171          168         
171          169         
171          170         
171          172         
169          172         
169          168         
152          183         
152          155         
152          153         
11           18          
125          124         
43           71          
43           53          
147          155         
170          168         
170          172         
170          155         
31           33          
155          172         
155          157         
155          153         
155          156         
83           79          
9            6           
172          168         
172          157         
53           93          
18           19          
75           71          
168          146         
168          167         
