24           33          
24           21          
24           18          
24           42          
24           171         
24           159         
24           8           
24           125         
24           14          
24           36          
24           7           
24           25          
24           28          
24           37          
24           158         
24           12          
24           19          
24           4           
24           22          
24           126         
24           13          
24           45          
24           155         
24           46          
24           1           
24           38          
24           23          
24           53          
24           10          
24           3           
24           20          
24           34          
24           41          
122          118         
122          78          
122          174         
122          115         
122          12          
122          121         
122          125         
122          119         
135          134         
135          138         
135          136         
135          131         
103          102         
143          144         
143          152         
116          118         
116          115         
116          117         
18           17          
18           33          
18           16          
18           15          
18           20          
18           9           
18           25          
18           19          
94           93          
42           38          
42           33          
42           35          
42           43          
42           49          
42           60          
42           56          
42           44          
42           41          
42           45          
42           53          
42           8           
42           40          
42           12          
42           39          
42           36          
42           37          
42           46          
42           25          
86           87          
171          170         
171          167         
171          20          
171          176         
171          172         
47           45          
47           49          
70           78          
70           67          
140          138         
31           33          
108          109         
108          105         
108          104         
108          8           
108          107         
64           78          
64           68          
64           63          
112          130         
112          123         
112          115         
112          111         
36           29          
36           38          
36           30          
36           33          
36           53          
36           49          
36           35          
36           3           
36           39          
36           37          
36           46          
104          101         
104          107         
104          105         
68           78          
68           67          
68           69          
68           65          
58           59          
58           57          
25           33          
25           20          
25           12          
25           19          
2            1           
144          145         
28           53          
28           33          
118          109         
118          78          
118          101         
118          126         
118          115         
118          12          
118          121         
118          102         
118          120         
118          105         
118          125         
118          119         
118          117         
96           95          
96           98          
110          111         
61           78          
61           53          
61           60          
134          137         
134          136         
134          138         
134          126         
134          131         
134          133         
134          132         
150          149         
150          147         
150          153         
49           29          
49           48          
49           33          
49           59          
49           60          
49           45          
49           53          
49           44          
124          123         
124          111         
153          1           
153          125         
111          97          
111          123         
11           12          
102          101         
164          170         
164          136         
164          163         
164          165         
164          138         
164          169         
164          152         
164          20          
164          8           
164          142         
164          174         
164          172         
164          166         
164          167         
151          152         
32           33          
62           63          
19           17          
19           33          
19           21          
19           16          
19           13          
19           20          
19           78          
19           92          
19           12          
19           14          
19           22          
29           30          
29           37          
29           33          
137          138         
137          136         
137          165         
17           20          
17           16          
17           15          
4            5           
4            3           
4            1           
4            159         
4            125         
4            7           
22           21          
22           149         
22           13          
22           78          
22           117         
78           87          
78           80          
78           8           
78           92          
78           125         
78           88          
78           83          
78           63          
78           93          
78           12          
78           75          
78           77          
78           126         
78           69          
78           13          
78           85          
78           65          
78           98          
78           76          
78           67          
78           84          
78           16          
78           82          
78           154         
78           79          
78           73          
78           72          
78           90          
78           81          
78           71          
78           74          
54           53          
149          146         
149          147         
149          148         
126          115         
126          128         
126          159         
126          125         
69           67          
15           16          
15           10          
15           20          
15           12          
100          101         
100          92          
128          136         
128          138         
128          129         
128          131         
128          127         
121          146         
121          120         
121          115         
65           67          
65           66          
65           63          
142          138         
172          170         
172          177         
172          173         
172          165         
172          154         
172          10          
172          169         
172          20          
172          176         
172          141         
172          166         
91           92          
97           98          
155          131         
155          159         
155          154         
46           33          
46           53          
46           60          
46           45          
43           53          
48           21          
55           53          
67           63          
67           66          
67           85          
119          115         
119          120         
16           13          
16           20          
16           12          
16           14          
53           52          
53           33          
53           59          
53           60          
53           35          
53           51          
53           57          
53           56          
53           45          
53           37          
53           38          
53           92          
53           34          
53           41          
154          136         
154          138         
115          114         
115          113         
115          93          
115          1           
115          147         
115          125         
115          117         
20           8           
20           23          
20           21          
20           10          
20           56          
20           26          
20           9           
20           12          
20           14          
20           166         
20           7           
109          106         
109          107         
90           87          
90           89          
26           27          
26           33          
161          159         
40           33          
34           33          
41           33          
170          136         
170          138         
170          169         
170          159         
170          167         
87           89          
87           92          
87           85          
87           88          
157          156         
157          158         
157          159         
33           60          
33           27          
33           8           
33           35          
33           12          
33           56          
33           45          
33           37          
33           44          
33           38          
33           30          
21           159         
168          167         
59           57          
60           63          
60           57          
99           98          
1            0           
1            5           
1            147         
1            159         
1            125         
123          165         
123          131         
123          159         
159          167         
159          158         
159          125         
159          130         
159          160         
159          165         
8            9           
8            174         
8            175         
125          147         
14           12          
7            13          
127          138         
177          176         
148          147         
175          174         
138          136         
138          131         
138          132         
138          139         
138          169         
138          141         
138          167         
106          107         
106          105         
169          165         
169          158         
169          166         
169          167         
158          167         
131          136         
131          130         
131          132         
147          146         
51           50          
12           13          
141          136         
166          136         
166          165         
166          167         
107          105         
136          139         
136          132         
136          133         
136          167         
57           56          
6            5           
167          165         
45           44          
165          156         
165          162         
