0       0.714356      0.0760179    
1       9.22632       0.0761313    
2       0.798628      0.0831251    
3       3.55099       0.151728     
4       7.3113        0.157686     
5       2.62626       0.186599     
6       0.40291       0.186676     
7       5.55888       0.241546     
8       11.2225       0.392379     
9       3.99505       0.405077     
10      4.76348       0.484644     
11      0.611428      0.562523     
12      13.1001       0.569943     
13      6.452         0.599422     
14      3.87477       0.647145     
15      3.97613       0.696597     
16      6.56677       0.696853     
17      3.25231       0.723471     
18      7.50055       0.766815     
19      13.8895       0.8145       
20      23.1847       0.817017     
21      4.99648       0.865589     
22      6.28457       0.880904     
23      1.74062       0.945263     
24      42.2403       0.988879     
25      8.70138       1.01744      
26      3.06549       1.21188      
27      1.87677       1.21292      
28      3.94558       1.2966       
29      5.31679       1.36708      
30      2.83622       1.37485      
31      0.608786      1.40594      
32      0.501297      1.41744      
33      32.6463       1.41975      
34      3.73963       1.44681      
35      4.43254       1.57119      
36      14.7278       1.63136      
37      6.29906       1.64715      
38      4.71724       1.70949      
39      1.91522       1.7413       
40      1.95531       1.76129      
41      4.07134       1.80015      
42      21.951        1.80692      
43      2.03917       1.83978      
44      4.19365       1.87366      
45      8.80299       1.97078      
46      7.60883       1.99673      
47      1.83872       2.05706      
48      1.76227       2.07495      
49      11.4805       2.08112      
50      0.381604      2.14292      
51      1.4668        2.14354      
52      0.664097      2.19868      
53      26.0324       2.20746      
54      0.685811      2.21027      
55      0.822832      2.22227      
56      5.76381       2.30962      
57      3.71993       2.35424      
58      0.885134      2.3578       
59      2.75743       2.36053      
60      7.95124       2.40688      
61      3.24964       2.41343      
62      0.557442      2.48018      
63      5.93953       2.48071      
64      3.9594        2.50545      
65      5.00943       2.66058      
66      1.43407       2.66254      
67      8.90735       2.69094      
68      4.94723       2.69926      
69      2.42042       2.70718      
70      2.49379       2.73885      
71      1.21002       2.89032      
72      1.10462       2.90195      
73      0.968928      2.91291      
74      0.845603      2.9222       
75      0.786868      2.92974      
76      0.725396      2.93788      
77      0.665983      2.94941      
78      39.6092       2.95393      
79      0.770237      2.9583       
80      0.780531      2.96954      
81      0.852464      2.98127      
82      0.9052        2.99022      
83      1.02105       2.99943      
84      1.21064       3.01049      
85      4.5381        3.18832      
86      0.655657      3.21227      
87      7.96359       3.21848      
88      2.12571       3.22388      
89      2.06413       3.27581      
90      3.21493       3.27966      
91      0.763544      3.32876      
92      6.70881       3.32994      
93      3.24462       3.36725      
94      0.506575      3.36749      
95      0.628152      3.40329      
96      2.08367       3.40374      
97      2.54299       3.43538      
98      4.25312       3.43951      
99      0.545368      3.44244      
100     2.71529       3.53591      
101     4.31797       3.54865      
102     2.59177       3.56297      
103     0.48258       3.56415      
104     4.09799       3.60384      
105     4.1325        3.62582      
106     2.09383       3.63782      
107     3.84282       3.64185      
108     4.64856       3.66602      
109     4.18546       3.67514      
110     0.484714      3.78083      
111     5.38275       3.78148      
112     5.24931       3.80732      
113     0.799184      3.89717      
114     0.506541      3.90541      
115     13.0879       3.91144      
116     1.99286       3.9339       
117     3.2797        3.93961      
118     15.4725       3.96955      
119     3.21137       3.98882      
120     2.26052       3.998        
121     5.3044        4.04855      
122     9.00743       4.06812      
123     6.91414       4.12858      
124     2.25711       4.13303      
125     16.5251       4.3463       
126     12.1053       4.45891      
127     2.40614       4.58844      
128     5.56591       4.6021       
129     0.461006      4.60283      
130     3.34618       4.65998      
131     9.8347        4.66394      
132     4.3978        4.72039      
133     1.34483       4.7882       
134     7.88602       4.79371      
135     3.69938       4.8207       
136     16.5158       4.83528      
137     4.14657       4.87292      
138     18.2834       4.90435      
139     1.71822       4.90611      
140     0.748279      4.92093      
141     4.09724       4.95466      
142     3.68075       5.01336      
143     2.75626       5.17938      
144     2.03504       5.1845       
145     0.663253      5.18668      
146     3.4655        5.27814      
147     6.45183       5.29474      
148     0.652038      5.29753      
149     4.1651        5.29831      
150     2.93209       5.31838      
151     0.524545      5.33922      
152     2.69734       5.33998      
153     4.59628       5.39188      
154     6.96662       5.47058      
155     5.76851       5.47087      
156     1.858         5.62913      
157     2.79174       5.64549      
158     5.25316       5.64782      
159     15.632        5.67529      
160     0.490731      5.67553      
161     0.732096      5.68481      
162     0.863307      5.82344      
163     0.646338      5.83327      
164     15.2698       5.85352      
165     10.8931       5.86245      
166     7.21025       5.86859      
167     11.439        5.91048      
168     0.456706      5.91629      
169     8.6245        5.96977      
170     8.82679       5.9953       
171     7.03811       6.1829       
172     12.2787       6.20132      
173     0.635181      6.21039      
174     3.53534       6.24275      
175     1.60313       6.24662      
176     2.69053       6.27375      
177     1.78004       6.27384      
